UniqueCount	AmbigCount
0	0
0	0
41	1967
0	4
0	9
0	0
0	0
0	0
0	0
0	0
0	0
0	0
9	20
0	0
0	0
0	3
0	0
0	12
14	28
0	161
0	33
0	7
0	0
49	138
0	9
0	72
0	0
0	0
0	0
0	82
0	80
3	15
0	0
2	69
0	20
0	0
0	0
0	0
0	0
0	0
0	0
0	0
0	15
0	0
0	0
0	0
0	0
0	0
0	0
0	0
0	0
0	0
0	0
0	1
0	2
0	0
0	0
0	0
0	0
145	17497
8723	55455
1419	76358
139	11299
0	0
10403	65676
58	4737
0	0
0	22
142	672
0	8
0	138
0	0
0	0
0	23
0	0
0	18
0	0
0	0
0	33
37	33
0	10
0	0
0	0
0	0
0	0
0	0
0	0
0	0
0	0
0	0
0	37
0	0
0	0
0	0
12	7
0	3
0	0
0	4
0	0
0	4
173	59
0	24
0	24
0	26
0	13
0	4
0	96
0	55
0	9
0	16
0	4
12	9
0	11
27	4
0	2
0	0
0	2
0	0
0	0
0	0
0	0
0	0
0	0
0	0
0	0
0	0
0	0
0	0
0	686
0	708
0	708
0	708
0	708
0	708
0	708
0	708
0	708
0	686
0	0
0	0
0	0
0	0
0	0
0	0
100	3215
1307	10101
25	9315
0	0
0	2531
0	27
108	158
0	155
28	55
6	37
0	0
2	21
2	20
0	20
0	0
0	6
0	0
0	0
0	0
0	0
0	2
0	2
0	0
0	0
0	410
0	313
212	410
0	0
0	0
110	1356
0	1356
0	0
0	9
0	74
0	54
0	0
0	17
0	48
40	467
0	19
7	46
0	4
0	46
16	0
0	21
11	41
14	0
0	0
0	79
0	74
0	88
0	89
17	62
0	80
0	78
0	9
0	53
0	36
0	28
0	30
0	16
0	5
0	4
0	7
0	1
0	2
0	0
0	0
0	0
0	0
0	0
0	0
0	0
0	0
0	0
0	0
0	0
0	0
0	0
0	0
0	17
3	49
4	34
0	32
6	15
0	15
0	7
29	1921
0	1356
0	1644
10	918
2	717
0	410
1	287
173	0
0	0
0	0
0	0
0	0
0	0
0	0
4	694
0	699
7	744
26	439
1	413
4	402
0	350
0	69
0	325
0	279
0	61
0	106
0	92
0	54
0	51
0	0
0	11
0	17
0	26
0	0
0	0
0	0
0	12
0	12
0	13
0	14
0	0
0	9
0	0
0	2
4	257
0	236
4	137
0	158
0	1
0	14
0	38
0	3
4	63
0	37
0	5
0	19
0	0
17	147
0	43
0	2
0	87
0	60
1	1050
0	1952
0	1951
0	1416
0	918
4	2038
0	299
0	1617
0	1418
60	1220
2	555
7	1215
0	1944
0	1417
0	1211
0	1531
0	1790
0	445
0	216
0	103
1	1311
0	221
0	404
0	476
1	287
0	345
0	539
0	23
0	177
1	720
0	336
8	416
0	559
0	495
0	494
0	5
0	0
0	267
0	351
0	216
3	70
0	117
0	251
0	54
0	59
0	69
0	113
0	3
0	1
0	0
25	0
2	45
132	89
0	50
9	0
0	381
3	398
0	219
0	93
0	85
0	50
0	27
0	21
0	20
0	19
0	19
0	9
0	19
0	5
0	5
0	7
0	0
0	0
1	1155
100	1154
7	1152
3	1134
4	7
0	2
0	0
36	658
6	695
9	484
45	843
6	1081
0	742
0	543
1	921
0	901
0	361
23	542
0	143
0	131
0	135
0	109
0	226
31	30
0	71
0	1
0	31
4	124
3	306
6	328
0	6
0	10
0	312
8	294
4	130
529	1382
0	842
18	1043
36	5
15	540
0	101
0	0
42	1
0	0
0	0
0	0
0	0
0	0
0	0
0	0
0	0
0	0
0	0
0	0
13	7
0	65
13	72
0	0
55	355
0	0
7	23
51	1514
26	1243
0	288
13	337
12	183
0	0
0	0
294	6558
0	6213
0	6458
0	6458
0	6
0	695
0	635
0	0
0	0
0	0
424	3255
0	2444
0	811
415	650
0	412
15	0
0	0
0	0
11	0
81	0
4	157
0	168
0	130
0	169
0	163
0	156
0	148
1	1
0	15
1	162
0	4
0	119
0	0
0	0
0	19
0	165
0	127
0	10
0	150
0	134
0	2
0	7
0	137
0	31
0	6
0	0
0	21
0	26
0	43
0	15
0	6
0	6
0	0
0	0
0	0
0	0
0	0
0	0
0	0
0	0
0	0
0	0
76	954
0	890
0	826
2	870
0	864
4	933
0	933
0	914
0	68
0	46
5	492
0	2668
0	2621
8	993
0	448
1	5
0	3
0	0
0	728
0	89
0	516
2	687
0	516
0	731
0	588
0	595
0	653
0	589
5	12
0	44
0	11
0	3
0	87
0	7
0	2
0	26
0	79
0	75
0	24
0	1
0	0
59	514
0	0
0	306
0	0
0	6
0	496
0	496
197	1337
0	29
0	416
0	327
2	1350
13	1325
10	1170
11	640
0	3
0	240
0	120
0	42
9	210
1	48
0	24
0	161
5	235
6	142
0	140
0	80
0	0
57	11414
0	10179
133	11940
13	1347
0	3072
42	1368
80	2336
35	1110
0	0
0	286
0	0
0	0
0	0
0	0
0	0
0	0
0	0
0	0
0	0
0	0
0	0
0	0
0	7
0	0
0	0
0	0
0	7
0	6
0	0
9	7
0	0
0	0
0	6
0	4
0	4
0	4
0	5
0	5
0	0
0	4
0	2
0	5
0	0
0	6
0	2
0	0
4	10
0	6
0	7
0	1
0	4
0	0
0	0
2	57
0	2
0	0
0	0
0	0
0	0
0	54
0	1
0	38
0	2
0	3
0	3
0	3
0	3
0	3
0	3
0	3
0	2
0	1
0	2
0	1
5	54
0	2
0	23
0	48
0	3
0	0
0	0
0	0
0	87
0	87
2	161
0	168
0	92
19	122
0	50
0	104
0	92
0	92
0	88
0	36
0	119
0	0
0	0
0	22
0	0
0	0
455	1
0	0
0	1
0	0
0	107
0	84
19	107
0	15
86	28
0	24
124	67
0	65
0	1
0	2
0	0
0	0
0	0
1	0
0	0
0	0
0	1
1	1418
0	150
0	2057
74	748
0	3
79	1018
64	700
47	857
2	160
13	1220
1	958
0	854
0	148
0	66
0	12
0	9
0	8
0	0
1	13
0	13
0	13
0	12
0	11
0	3
0	4
0	0
0	0
52	2034
0	1757
0	1135
0	181
0	136
0	25
0	10
0	272
0	504
0	79
0	0
0	19
13	0
0	0
0	0
1	74
0	5
32	248
5	40
36	101
0	128
0	540
2	732
3	750
0	733
0	570
0	1807
0	1051
8	532
0	558
106	580
167	820
0	1166
0	60
8	421
0	0
13	134
0	3
86	0
0	77
0	54
1	411
0	387
0	432
0	389
0	92
0	406
0	107
0	14
0	10
0	30
0	391
0	9
0	379
0	27
0	26
0	0
0	0
0	0
0	0
0	0
0	0
0	0
0	0
14	0
0	0
0	0
0	0
0	0
0	0
0	0
0	0
0	0
0	0
0	0
0	0
0	0
0	0
0	0
0	0
0	0
0	0
0	0
0	0
0	0
0	0
0	0
0	0
0	0
0	0
0	0
0	0
0	0
0	0
0	0
0	0
0	0
0	0
0	0
0	0
0	0
0	0
0	0
0	0
0	0
0	0
0	0
0	0
0	0
0	0
784	4139
0	4139
56	532
32	534
67	14
10	283
0	96
0	44
0	9
0	254
1	221
13	50
0	1098
0	988
0	453
0	993
0	992
0	350
0	349
0	379
0	350
0	1023
2	277
0	6
0	400
0	122
21	0
0	0
0	97
0	255
53	314
0	6
2	262
13	199
0	20
0	77
0	39
0	4
0	5
0	0
0	0
0	0
0	0
0	0
0	0
796	288
26	288
0	37
0	0
18	0
252	272
0	15
12	56
5	54
0	18
0	21
6	163
0	9
0	40
0	14
0	58
0	17
0	194
0	206
0	191
0	171
0	180
0	182
2	182
0	179
0	11
0	12
0	20
0	0
461	675
2	675
24	621
0	0
0	0
0	0
0	0
0	0
0	0
0	0
0	0
0	0
0	0
0	0
0	0
0	0
0	0
0	0
0	0
0	0
0	0
0	0
0	0
0	0
0	0
0	0
0	0
0	0
0	0
0	0
0	0
0	0
0	0
0	0
0	0
0	0
0	0
0	0
0	0
0	0
0	0
0	0
0	0
0	0
3	31
0	31
0	167
0	199
5	198
0	167
0	3
0	0
0	4
0	155
0	15
0	0
0	214
16	4693
0	0
14	1655
0	29
22	9
0	5252
0	5073
0	1131
0	1396
69	1522
0	222
0	4663
16	0
0	60
7	4290
0	1988
0	0
18	631
0	0
0	0
0	0
0	0
0	0
0	0
0	0
0	624
4720	3663
57	3640
143	3937
1820	3431
227	2515
0	1039
0	1251
0	0
0	0
0	0
10	46
0	3
11	47
0	0
0	0
0	4
0	2
666	1007
0	17
79	990
1	400
0	0
0	0
0	0
376	0
5	2024
7	1950
0	1947
0	1947
0	1666
0	1666
0	2033
0	2033
0	1214
0	0
0	1
0	0
0	0
0	0
40	4
0	4
0	0
0	0
0	0
0	0
0	0
0	0
0	0
0	0
0	0
0	0
0	0
0	0
0	0
0	0
0	0
0	0
0	0
0	0
0	0
0	0
0	0
0	0
0	0
0	0
0	0
0	0
0	0
0	0
0	0
0	0
0	0
0	0
0	0
0	0
0	0
0	0
0	0
0	0
0	0
0	0
0	0
0	17
0	18
0	18
0	18
0	18
0	18
0	14
0	16
1	18
0	18
0	18
0	14
0	0
5115	509
0	479
0	191
0	19
0	11
0	0
0	0
0	0
0	0
0	0
0	0
2	143
1	132
2	320
5	79
10	141
0	47
4	100
0	23
0	479
11	474
0	76
0	45
0	61
0	24
655	53
0	53
68	303
0	0
11	243
0	586
0	177
5	159
10	129
0	14
4	912
0	546
80	1616
0	1103
0	109
17	289
0	213
0	57
9	225
0	137
0	61
0	0
0	0
0	0
0	0
0	0
0	0
0	0
0	0
26	113
3	188
4	105
2	335
0	87
0	164
0	127
0	93
0	41
0	52
0	36
0	57
0	0
0	17
0	8
0	4
0	0
0	0
0	0
0	0
0	0
0	0
0	0
0	0
0	0
0	0
480	68
4	68
0	3
0	0
0	20
0	139
1	140
0	137
0	125
0	0
0	0
0	2
0	7
8	0
0	20
0	0
0	0
28	113
0	113
0	3
0	6
0	0
109	3923
83	424
429	5437
58	5231
76	2776
0	1743
0	5086
0	4268
0	1466
10	2156
0	0
0	0
0	0
0	0
0	2
38	21
0	17
0	8
0	5
0	0
1	0
0	0
0	0
0	0
0	0
0	0
0	0
0	0
0	0
0	0
0	0
0	0
0	0
19	1330
43	1257
0	18
0	516
0	687
4	758
0	36
0	27
0	98
0	6
0	2
0	2
0	68
14	135
0	3
0	6
0	1
0	4
0	0
0	0
0	0
0	0
0	0
0	0
0	0
0	0
0	0
0	0
0	62892
99	51523
0	62738
6	53806
13	43902
4	13590
0	15328
0	12277
527	5845
34	5931
1	6904
18	1286
0	2330
0	2333
65	4272
65	4485
15	1
0	0
0	0
0	0
0	0
0	0
0	0
0	0
0	0
0	0
0	0
0	0
0	0
0	0
1780	434
0	33
59	401
18	398
0	398
0	399
0	396
0	329
0	267
0	100
0	0
854	29
0	0
0	29
275	0
7	5
0	0
0	5
0	0
0	30
77	151
0	121
6561	10511
59	10229
0	4933
0	0
45	56
0	39
0	56
3	53
0	0
0	0
0	0
0	0
0	0
0	0
356	78
0	0
68	53
6	307
4	274
0	0
3	26
0	2671
0	2758
128	2851
0	0
0	1490
0	1581
0	33
0	101
65	0
0	0
808	0
0	3940
4	1713
154	3726
70	3940
0	141
0	0
0	0
0	0
153	112
4	113
0	65
1	43
0	0
33	217
431	848
0	834
18	616
0	73
36	0
47	89
228	262
8	238
0	2
0	11
0	0
0	0
0	0
0	13
0	0
0	0
0	0
126	1145
10	87
66	1081
0	12
0	150
0	116
0	100
0	23
42	245
0	12
0	0
0	0
0	0
20	237
0	548
52	814
2	236
0	707
0	674
0	674
0	0
0	6
0	34
0	34
0	149
0	13
0	0
0	0
0	1
0	0
0	0
0	0
0	0
0	0
0	0
0	0
0	0
0	5560
0	1
171	2245
4249	16367
0	4704
0	3838
15	4602
0	695
0	5960
0	615
0	0
0	79
0	46
0	186
0	104
0	0
51	269
0	13
51	168
0	80
0	114
0	0
1072	429
17	178
247	420
0	24
0	1
246	88
0	88
0	0
0	0
173	608
0	6
0	20
3	574
0	2
13	417
0	124
0	24
0	0
56	165
0	0
0	6
0	11
0	11
0	0
0	7
0	0
0	0
0	0
0	1390
277	5916
99	4952
0	2166
0	2137
13	2349
26	861
15	1152
0	1336
10	1297
44	3379
0	2273
0	593
0	2061
0	2009
0	1120
0	1722
0	222
0	917
0	564
0	570
0	338
0	82
0	9
0	488
2	1030
0	602
0	139
0	39
0	321
0	119
0	2172
0	176
0	4
0	3
0	47
67	16
0	7
0	4
0	9
17	17
0	17
0	320
1318	1204
0	61
0	138
0	877
0	255
4	2179
114	2321
37	595
0	16
4	202
0	200
0	43
0	12
0	0
12	133
0	174
15	84
0	1
0	0
28	808
1291	899
0	126
0	120
1	100
0	91
0	11
0	0
0	0
0	0
0	0
0	0
0	0
0	0
0	0
2877	476
46	449
0	157
142	98
0	0
0	0
0	0
0	0
0	0
0	0
0	0
0	0
0	36
1	36
0	11
0	7
0	2
0	0
0	558
0	141
0	574
4	170
0	576
0	204
0	568
0	85
5	46
204	235
0	105
0	189
0	908
0	908
0	557
0	523
0	589
0	357
42	409
8	394
0	63
0	0
1	54
0	29
0	29
0	0
0	30
0	71
0	55
0	85
0	23
0	49
0	23
0	30
0	18
0	16
0	16
0	0
0	16
0	6
0	1
0	51
0	17
0	0
1	850
0	847
0	860
0	732
0	369
0	306
4	338
0	278
0	316
5	213
0	73
0	70
0	50
0	46
3	43
0	30
0	22
0	13
0	0
0	165
0	177
0	10
20	176
0	46
0	41
0	67
0	13
11	20
20	20
0	0
0	0
0	0
0	0
0	0
0	0
0	0
467	1734
2	1733
23	1495
0	855
3	341
5	512
0	573
1049	2140
0	207
0	295
0	86
12	955
48	2447
0	5
17	2423
0	46
0	15
0	52
0	0
0	194
94	382
8	286
1	235
0	30
0	117
0	80
0	0
0	0
0	187
13	191
0	97
0	143
0	128
0	0
0	0
0	559
0	7268
4	6859
0	112
0	0
0	0
0	0
0	1194
0	1205
0	1
0	5
0	982
0	569
16	549
0	215
0	42
0	26
1	322
0	324
0	102
0	0
0	9
0	9
0	180
0	6
0	15
0	2
0	0
0	0
145	40
0	0
0	40
0	0
0	0
0	0
0	0
0	0
0	0
0	0
0	0
0	0
0	0
0	0
0	0
0	0
0	0
0	0
0	0
0	0
0	0
0	1
0	0
0	0
0	0
0	0
0	0
0	0
0	0
0	0
0	0
0	0
0	0
0	0
0	0
0	0
0	0
0	0
0	0
0	0
0	0
0	0
0	0
0	0
0	0
0	0
0	0
0	0
0	0
0	0
0	0
0	0
0	0
0	0
0	0
0	0
0	0
0	0
0	0
0	0
0	0
0	0
0	0
0	0
0	0
0	0
0	0
0	0
0	0
0	0
0	0
0	0
0	0
0	0
0	0
0	0
0	0
0	0
0	0
0	0
0	0
0	0
0	0
0	0
0	0
0	0
0	0
0	0
0	8
3	84
0	2542
4	2050
4	190
1	26
0	18
5	2516
2	2418
0	1
0	2
0	67
0	2
0	0
0	0
0	8
0	10
0	8
0	9
1	29
0	2
0	29
0	9
0	0
0	0
0	0
0	0
0	0
0	0
0	14
0	13
0	3
0	13
0	12
0	14
0	0
0	0
0	0
0	0
0	0
0	0
0	0
0	0
0	0
0	0
0	0
0	0
0	0
0	0
0	0
0	0
0	0
0	0
0	0
0	0
0	0
0	0
0	0
0	0
0	0
0	0
0	0
0	0
0	0
859	255
0	255
0	0
0	0
0	0
0	0
0	0
0	0
0	0
0	0
0	0
0	0
0	0
25	609
0	685
0	433
9	573
0	139
0	399
0	281
0	288
0	154
0	94
0	33
4	144
9	374
0	390
0	378
6	157
0	65
0	5
0	2
0	20
0	23
0	0
0	0
238	0
0	0
0	0
0	0
0	0
1605	591
0	117
0	27
0	353
0	23
0	0
0	374
0	0
0	1657
91	1607
0	90
0	1488
11	358
0	0
0	0
0	0
0	1
0	0
0	0
0	0
0	0
0	0
0	0
0	0
0	0
0	0
0	0
0	0
0	0
0	0
0	0
0	0
0	0
0	0
0	0
0	0
0	0
0	0
1	2
9	176
0	0
63	0
3499	514
0	111
0	221
0	209
34	156
0	0
0	0
0	68
0	80
0	540
0	387
0	499
0	108
0	0
0	36
0	6
0	14
0	7
0	72
0	41
0	8
0	158
0	102
0	0
0	0
0	0
0	0
0	0
0	0
0	0
0	0
0	0
0	0
0	0
0	0
0	0
0	0
0	0
0	0
0	0
0	0
0	0
0	0
0	0
0	0
0	0
0	0
0	0
0	0
0	0
11	3
0	0
0	1
0	2
0	0
0	0
0	6
5	39
0	33
0	14
0	4
0	5
0	4
0	0
0	0
0	0
0	0
1	0
0	0
0	0
435	227
0	211
7	211
0	19
0	0
26	4547
28	742
19	4503
0	184
0	14
0	265
40	719
37	4499
0	433
0	0
0	0
0	664
0	0
0	0
0	0
0	0
3	209
0	34
1	75
572	0
5	188
0	19
0	6
0	165
3	59
23	181
0	35
0	4
15	15
22	17
0	1
0	2
0	0
0	0
0	0
0	0
45	1
0	0
0	0
0	0
0	0
0	1
0	0
52	404
1	309
0	246
0	0
0	17
16	13
20	4
0	0
5	55
0	60
0	60
2	44
0	18
0	7
0	1
0	0
0	4
0	1
0	0
0	0
0	503
0	0
0	0
0	0
0	0
0	1
0	3
8	10
0	9
0	7
0	2
0	1
5	3
0	2
0	0
0	0
0	1
0	0
0	1
0	0
0	0
0	1
0	3
0	3
0	0
0	0
0	0
0	0
0	0
0	0
0	0
0	0
0	0
0	0
0	0
0	0
0	0
0	0
0	0
0	0
0	0
0	0
0	0
0	0
0	0
0	0
0	0
1	1313
0	1168
0	1359
0	459
0	331
0	99
0	305
0	66
0	487
0	3
0	72
0	302
0	38
0	80
0	120
10	858
0	9
0	9
424	799
21	400
0	286
0	308
0	208
27	99
0	67
0	66
0	27
0	0
0	0
0	0
0	0
0	0
0	0
0	0
0	0
0	0
0	1
12	6
0	1
0	3
0	4
0	0
0	0
0	70
2053	3523
0	821
0	2632
0	0
0	0
0	0
0	0
0	0
0	0
0	0
0	0
0	0
0	0
0	0
0	0
0	0
0	0
0	0
0	0
0	0
0	0
0	0
0	0
0	0
0	0
0	0
0	0
0	0
0	0
0	0
0	0
0	0
0	0
0	367
0	161
2	223
6	258
0	150
0	25
0	29
0	0
0	0
1546	336
0	98
1	218
0	1468
5934	30847
66	4778
935	17702
150	3392
95	2640
0	179
0	3404
0	466
49	604
0	84
0	1047
99	4315
0	8985
0	216
0	10
0	6410
0	0
0	0
11	5
236	1935
0	839
13	1869
21	1549
9	211
0	81
0	18
6	282
0	41
0	80
0	55
0	18
0	14
2098	99
0	0
0	99
0	0
0	0
0	0
0	0
0	0
15	0
1000	2949
0	2511
0	1228
0	401
0	1047
0	0
3	628
0	616
0	368
0	460
0	358
5	48
0	0
57	5987
0	7476
0	6543
0	5149
0	4622
18	2103
0	1233
0	1238
18	1077
0	0
0	0
0	0
0	0
3	1043
0	6
5	1304
0	0
0	1
162	1219
0	958
393	169
0	0
168	951
2	56
0	11
0	18
0	11
0	68
0	10
0	68
2	68
0	11
0	68
0	8
0	68
0	18
0	68
0	281
4	513
0	11
0	0
0	0
22	446
6	338
7	198
0	0
0	161
8	136
0	29
0	56
0	0
0	0
2687	49
0	49
0	0
0	0
0	0
0	0
0	0
0	0
0	0
0	0
0	0
0	0
0	0
0	0
0	0
0	0
0	0
0	0
0	0
0	0
0	0
0	0
0	0
0	0
0	14
9	14
0	0
0	0
0	0
0	0
0	0
0	0
0	0
0	0
0	0
0	0
0	0
0	0
0	0
0	0
0	0
0	0
0	0
0	0
0	0
0	0
0	0
0	0
0	0
0	0
0	0
0	0
0	0
0	0
545	0
0	0
0	0
0	0
0	0
146	584
0	513
0	491
139	942
0	4
0	4221
0	4204
0	4221
0	44
0	245
0	183
0	0
0	0
0	0
0	0
0	0
0	0
0	0
0	0
0	0
0	0
1	26
1	23
0	4
0	0
0	2
0	2
0	0
0	0
26	2953
207	2555
15	527
18	115
7	327
0	853
1	617
0	265
67	263
18	267
27	33
0	0
0	127
0	0
0	131
30	1846
0	2148
9	2094
37	1991
0	1946
0	127
0	160
0	0
0	524
0	332
12	158
0	64
0	0
19	1
0	0
0	0
0	0
0	0
0	0
0	0
253	1034
0	1017
0	71
0	761
1	657
0	730
0	506
0	63
0	113
0	89
0	57
0	21
0	22
0	0
27	1
0	0
0	0
0	0
0	0
0	0
0	13
0	0
0	54
0	0
9	101
17	9
0	9
0	81
0	20
0	90
0	51
0	3
0	50
0	18
0	11
0	0
0	0
0	0
0	0
0	0
0	0
0	0
0	0
0	0
0	0
0	29
0	26
0	26
0	26
0	29
0	27
0	26
0	17
0	6
0	4
0	1
0	0
0	0
0	4496
0	5103
278	1802
0	58
282	4099
7	308
0	5
2	406
0	432
0	328
200	2222
30	333
0	332
0	395
0	95
0	0
0	18
0	0
0	3
3	33
56	49
0	1
1	5
0	2
0	0
0	1
0	1
0	0
0	0
0	0
0	0
0	5
0	5
0	2
1	10
0	0
0	0
0	0
0	0
0	0
0	0
0	0
0	0
0	0
0	0
0	0
0	0
0	0
0	0
0	0
0	0
0	0
0	243
6	209
0	241
0	242
0	58
0	59
0	132
36	243
0	0
0	242
0	55
0	54
0	11
9	13854
1664	13855
455	2969
11	1771
32	2235
0	0
0	0
0	0
10	1
0	1
0	1
0	0
0	0
0	0
0	3401
21	3300
0	448
0	3453
0	0
0	0
0	0
0	0
0	0
0	0
0	0
0	0
0	0
0	0
0	0
0	0
0	0
0	0
0	0
0	0
0	0
0	0
0	0
0	0
0	0
0	0
0	0
0	0
0	0
0	0
0	0
0	0
0	0
5	3519
0	3794
171	3376
0	111
15	983
95	571
0	2
0	0
0	0
1	458
0	458
0	163
0	44
0	9
0	0
0	0
0	0
0	0
0	0
106	5
0	5
0	0
0	2
0	534
126	4388
0	4755
2	2423
105	5005
0	5054
0	3430
0	3403
0	1175
6	597
0	1167
0	267
18	185
8	185
0	1
0	17
62	17
0	4
0	6
0	3
0	0
0	0
0	0
0	0
0	0
0	0
0	0
0	0
0	0
0	0
0	0
0	0
0	0
0	0
0	0
0	0
0	0
0	0
0	0
0	0
0	0
457	5
0	5
0	0
578	795
0	560
44	235
0	0
0	0
0	0
0	0
2140	24955
2485	25196
88	14625
1526	25088
41	24999
1474	22424
0	0
0	0
2	2883
0	2883
0	1775
0	55
0	290
43	0
262	1053
0	55
1	1000
164	727
0	196
0	135
0	295
0	357
7	300
0	264
0	76
13	540
0	251
1	1569
50	2169
0	2100
0	423
13	1795
0	30
0	887
0	1023
0	318
0	825
0	823
0	382
0	84
0	36
0	265
0	64
32	1288
3	889
0	1223
0	711
0	166
0	206
19	326
0	29
0	0
758	0
317	0
0	0
0	0
1	0
0	0
0	0
0	0
0	224
8600	2811
23	2791
0	11
244	1331
1	1364
7	1014
4	806
0	322
48	742
0	568
536	1305
0	1258
405	883
0	515
17	199
0	104
0	13
6	106
0	9
0	0
0	0
0	0
0	0
0	0
0	0
0	0
0	0
365	122
0	110
0	103
0	55
0	33
0	0
0	0
0	0
0	0
0	0
0	0
0	0
0	0
0	0
0	0
0	0
0	0
0	0
0	55
2	55
0	46
26	48
0	8
0	7
0	3
0	0
0	1
0	1
0	0
0	0
0	246
604	239
0	53
0	122
10	196
0	43
0	17
0	16
0	17
0	14
0	16
6	18
0	3
0	17
0	1
0	2
0	0
0	2
0	0
0	1
0	0
0	0
0	0
0	0
0	0
0	262
0	215
89	4076
0	109
0	439
0	85
20	206
39	3187
3	197
0	2916
0	3554
2	2034
0	138
0	123
0	254
0	379
0	645
22	84
0	177
0	1
0	76
0	113
0	0
0	0
1903	2784
0	296
0	2784
0	160
0	0
120	5342
2	5300
10	2616
32	442
4	0
0	0
0	0
0	0
13	2
0	2
0	0
0	0
433	466
3	442
0	24
0	0
31	0
0	0
15	375
2	267
7	774
0	207
0	149
11	579
27	600
0	367
3	48
0	71
10	58
0	391
0	67
0	64
0	45
0	43
21	1
80	9
0	11
0	3
41	81
50	0
0	0
0	0
0	8
0	18
0	17
0	8
0	7
0	8
0	8
0	8
0	8
0	8
0	36
0	3
494	997
136	524
0	553
84	680
31	209
0	0
0	0
0	0
0	1
0	0
0	0
0	0
0	0
0	0
0	0
0	1
0	0
0	0
0	42
0	0
0	1
0	34
25	33
19	626
0	0
0	590
0	5
0	44
0	137
0	162
0	0
0	21
0	21
0	9
0	0
0	7
0	0
0	3
0	2
0	0
0	207
5	213
0	219
0	173
0	31
0	2
0	12
0	0
0	0
6	0
0	194
1	907
0	81
0	134
0	738
0	136
0	322
0	6
0	281
0	205
0	211
35	494
10	749
0	12
0	125
2	873
0	228
0	228
0	120
1	873
27	702
0	117
34	706
0	12
7	154
0	28
103	162
0	60
387	60
0	0
0	0
0	1992
32	6088
0	5895
136	3488
132	4742
291	4311
0	1230
0	918
0	0
0	0
0	0
0	0
78	292
2	292
0	15
0	13
0	2
0	38
0	43
0	0
0	0
0	0
0	0
0	0
0	0
0	0
18	29
0	29
0	1
0	0
0	0
0	0
0	0
0	347
0	51
10	337
2	230
0	164
0	0
0	0
0	14
0	7
0	46
0	0
0	0
210	153
0	147
0	18
0	6
0	4
0	4
1	18
0	6
0	16
1	18
0	0
0	1
0	1
0	4
0	0
0	0
0	0
0	0
0	0
0	0
0	0
0	0
0	0
0	0
0	643
6	606
0	698
0	385
0	1
0	523
0	411
0	0
0	55
0	0
1230	718
421	700
0	80
0	106
0	66
0	100
0	74
0	85
3	78
0	74
0	80
0	78
0	25
0	16
0	15
0	10
0	12
0	12
3731	128
18	4
0	131
0	0
0	0
0	0
0	0
0	0
0	0
0	0
0	0
0	0
0	0
0	0
0	0
0	0
0	0
0	0
0	0
0	0
0	0
0	0
0	0
0	0
0	0
0	0
0	0
6	600
0	144
0	0
0	53
2	216
0	298
0	148
9	141
0	26
11	585
0	121
0	86
0	97
0	29
0	45
0	60
0	77
0	151
0	87
0	19
0	59
0	68
0	86
2	398
0	42
0	0
0	0
156	7
304	7438
16	4382
5	1762
0	947
0	832
8	779
10	842
13	741
6	5218
0	0
0	7
0	53
0	4111
0	296
4	3741
1	3283
0	311
19	3994
0	353
0	2485
35	3817
14	246
0	3223
0	2
0	214
0	40
0	3
0	201
0	69
0	359
0	0
0	0
0	0
0	0
0	0
0	0
0	0
0	2590
0	142
0	2948
0	2079
0	66
0	2373
0	1217
0	2927
0	240
0	0
0	84
16	9
0	312
15	1200
0	283
8	1044
18	998
0	0
14	32
12	200
25	668
0	93
5	666
0	156
0	0
847	725
19	576
0	279
0	323
0	22
0	0
0	3
1411	520
8	333
0	255
37	199
0	0
0	17
234	54
7	37
0	846
3886	850
61	835
0	4
0	0
0	0
0	0
2	0
0	0
0	0
0	0
0	0
0	0
0	0
0	18
0	0
0	0
0	18
19	17
1	0
0	6
2	282
0	0
0	0
4	2105
65	2011
58	1578
6	1711
0	122
0	0
0	0
0	436
0	436
0	373
0	434
0	20
0	90
0	110
0	195
0	99
17	356
5	285
0	0
0	0
0	58
0	75
0	84
0	73
0	6
0	77
6	35
0	18
0	15
0	20
32	12
0	0
0	14
0	26
2	27
0	2
0	24
0	0
0	0
0	0
0	0
0	0
0	0
0	0
0	0
0	0
0	0
0	0
7883	1229
0	1221
0	0
0	0
3	233
9	237
0	241
0	202
2	203
0	39
0	0
0	0
0	5
0	0
0	7
0	1
0	1
0	6
0	6
0	0
33	3734
0	3892
43	3605
74	3223
0	1595
3	268
0	426
0	1
0	0
116	588
57	586
33	587
0	0
0	0
0	0
0	0
0	0
0	0
0	0
0	0
0	0
85	261
0	146
0	76
0	58
0	255
0	63
0	9
0	0
0	0
791	148
0	136
0	118
0	0
0	12
0	0
0	0
0	0
4	923
6	744
55	1007
1	405
0	64
0	0
0	0
0	2923
13	2086
165	1420
0	140
16	312
0	541
201	3166
0	410
0	268
2	2449
101	1543
817	1096
0	246
13	1071
8	901
0	440
1	40
0	35
0	17
3	27
0	5
0	28
0	0
90	0
0	0
4	1394
0	1377
8	1336
0	425
0	323
0	121
2	276
0	91
0	0
0	0
37	1640
0	0
0	0
0	0
0	0
68	560
2	560
0	173
0	176
446	2638
2	2690
0	1
4	176
0	229
0	0
0	353
20	1130
2146	1120
31	140
231	893
230	0
0	0
1727	0
11	255
175	329
22	329
0	27
0	44
0	7
169	586
0	82
8	487
0	115
5	364
0	13
7	450
5	209
0	0
0	0
0	0
1	3259
0	906
4	597
46	3285
0	1151
126	3188
10	1946
17	1439
0	0
0	1160
0	471
0	231
753	568
0	0
571	556
2	0
0	0
0	0
4	0
86	348
3	62
0	0
3	321
0	295
0	12
0	13
1	97
0	30
79	268
9	151
11	38
0	121
3	194
13	172
2	227
2	146
0	40
0	78
0	78
0	74
0	103
0	0
113	75
153	515
29	514
16	197
60	15
0	15
0	0
0	0
0	0
266	233
3	220
0	216
1	223
0	0
0	3167
0	15374
205	15727
116	14616
19	11453
0	3126
0	736
0	2539
0	1947
0	0
0	0
0	0
0	0
0	0
0	3344
1	3664
0	3476
0	3473
0	1303
0	1073
0	1197
2	1176
0	3538
0	1300
0	1450
0	1483
0	1231
0	3474
0	1123
0	1122
0	859
0	1123
0	1121
0	1419
0	1229
0	879
0	947
0	1080
0	996
0	551
0	529
0	30
0	9
0	20
2	452
0	2228
0	32
0	0
0	0
0	228
0	224
0	0
141	4022
205	3301
6	1780
0	281
0	612
4	280
0	1
0	2
0	0
88	481
0	187
0	173
2	521
0	264
0	197
0	54
0	300
0	164
0	12
0	93
0	126
0	99
0	77
0	6
0	5
0	2
0	1
0	0
0	42
0	65
0	65
0	55
0	4
0	10
3	5
0	1
0	5
0	15
0	3
0	0
0	0
0	0
0	0
0	0
0	0
0	0
0	0
0	0
0	0
0	0
0	0
0	0
0	0
0	17
0	0
0	6
58	120
11	120
25	47
0	19
35643	12934
149	12706
31	228
0	0
0	0
0	0
0	0
0	0
0	0
0	0
0	0
0	0
0	0
0	0
0	0
0	0
43	3
0	3
0	1
0	0
11	2261
0	2728
1	2665
1	2096
0	2178
0	1563
5	1947
0	2115
2	1723
0	99
0	143
0	171
0	131
0	80
0	215
0	181
0	198
0	87
0	100
0	390
0	273
0	208
0	62
0	0
0	0
0	0
0	0
0	0
0	0
0	0
0	0
0	0
0	0
0	0
415	1213
0	460
0	926
0	603
24	207
0	257
5	100
0	0
0	613
0	841
94	825
0	586
0	786
0	823
0	155
0	780
0	403
0	0
20	119
0	86
2	69
0	65
0	29
0	29
0	7
0	29
0	29
0	29
0	0
0	0
0	0
0	0
0	0
0	0
0	2
15	4
0	0
0	2
0	0
20	0
0	0
0	0
0	0
0	0
0	0
0	0
0	0
0	0
0	0
0	0
0	0
0	0
0	0
0	0
0	0
0	0
0	0
0	0
744	1300
0	521
3	786
0	633
0	300
0	177
0	142
0	50
0	0
0	0
0	0
0	0
0	0
0	0
0	0
0	0
0	0
0	0
0	0
0	0
0	0
0	0
0	0
0	0
0	0
0	0
0	0
0	0
0	0
0	0
0	0
0	0
0	0
0	0
0	0
0	0
0	0
0	0
0	0
0	0
0	0
0	0
0	0
0	0
0	0
0	0
0	0
0	0
0	0
0	0
0	0
0	0
0	0
0	0
0	0
0	0
0	0
0	0
0	0
0	0
0	0
0	0
0	0
0	0
0	0
0	0
0	0
0	0
0	0
0	0
0	0
0	0
0	0
0	0
0	0
0	0
0	0
0	0
0	0
0	0
0	0
0	0
0	0
0	6676
65	7385
158	2000
0	625
226	961
7	608
0	1416
5	1369
0	1324
0	1325
0	359
6	1752
0	1321
0	982
0	860
0	576
25	533
0	525
0	771
63	451
0	0
0	0
0	0
0	0
36	5331
1	4841
5	1702
35	2822
14	1
0	404
3	421
0	62
5	311
0	127
0	365
0	119
5	354
0	126
0	0
1351	1542
0	1391
0	236
0	245
0	111
55	4519
58	4519
8	400
0	33
33	312
128	377
89	177
0	31
0	1
2	174
3	153
0	174
0	3
0	3
6	60
0	0
0	8
0	17
0	17
0	16
3	76
0	64
0	23
0	50
0	16
0	15
0	9245
13943	27184
0	4680
613	19679
0	12376
171	7154
0	8
0	4
11	11
0	5
6	0
0	1387
0	1944
0	103
0	541
0	22
0	130
0	1845
0	2101
0	163
0	287
0	17
0	674
379	2096
0	366
0	0
2	1339
0	1105
1137	1351
0	397
0	487
10	305
4	71
32	173
0	12
8	14
4594	0
0	0
0	0
0	0
0	0
0	6
0	0
2	6
0	0
0	0
0	983
3	942
680	1271
0	392
0	391
0	543
0	132
0	538
0	85
0	143
0	105
0	11
0	2
0	41
0	2
0	0
0	0
0	0
0	0
0	0
0	31
22	1
103	34
0	31
0	0
32	375
5	60
11	183
0	4
0	53
12	164
11	80
148	217
21	170
10	147
0	195
23	75
16	74
0	1
0	0
13	3122
1163	3788
0	515
62	670
0	410
0	738
0	2944
29	376
0	118
2	2346
0	255
76	3095
0	192
0	295
0	910
0	297
13	972
0	1180
0	593
0	291
0	49
0	0
0	0
0	0
0	0
0	0
0	0
0	0
0	0
24	2478
432	5675
1	1718
24	2003
149	1643
23	2796
0	1637
0	102
0	218
0	10
0	131
0	726
230	765
0	30
23	313
61	347
0	72
2	120
0	0
4	150
0	0
0	0
0	0
2	0
0	36
0	41
0	0
0	0
0	0
0	0
0	0
0	0
0	0
0	0
0	0
0	0
0	0
0	1
0	4
5	21
0	9
0	8
0	10
0	10
0	0
13	428
17	424
0	433
0	36
0	34
0	0
0	0
0	0
1	5633
0	6649
85	2048
30	269
73	46
72	2057
0	1167
24	2239
28	1663
0	289
0	2
15	858
0	146
0	208
0	0
0	0
0	0
0	0
0	0
0	0
0	0
0	0
0	0
0	0
0	0
0	0
0	0
0	0
0	0
0	0
0	0
0	0
0	0
0	0
0	0
62	75
0	67
0	14
0	0
0	0
0	0
0	0
0	11
4	213
0	0
0	213
0	9
0	0
0	90
0	0
0	0
0	0
0	0
0	0
0	0
0	0
0	0
0	0
0	0
0	0
0	0
0	491
10	411
12	492
0	491
0	491
0	147
0	55
0	53
0	66
0	0
0	0
0	0
0	0
0	0
0	0
0	0
0	0
80	30
0	29
0	13
0	0
0	0
0	0
0	0
0	0
0	0
0	0
0	0
0	0
0	0
0	0
0	0
0	0
0	0
0	0
0	0
0	0
0	0
0	0
0	0
0	0
0	0
0	0
0	0
0	0
0	0
0	0
0	0
0	34
342	841
11	831
86	812
12	600
0	143
0	0
0	0
0	0
0	0
0	0
0	0
0	0
0	0
0	0
0	1
0	1
0	0
0	0
14	6
0	6
0	0
4	621
86	311
61	449
19	519
0	26
0	41
0	74
0	100
1	66
0	67
0	7
0	0
0	49
0	134
2	134
0	5
0	88
0	7
0	125
0	134
0	10
0	12
0	0
0	0
0	5
355	369
0	445
114	2462
0	72
5	320
0	58
5	7
0	8
6754	2204
0	0
0	0
229	1162
11	32
4	1115
0	57
0	18
0	40
0	0
0	0
0	24
0	10
0	0
1584	10468
6	5760
0	7801
7	487
97	4547
0	24
0	681
0	1
0	659
0	4942
0	189
0	1362
0	2327
0	2348
3	1211
0	1648
0	1731
0	999
0	2
0	0
0	0
0	927
14	960
23	959
0	159
0	180
0	116
0	0
3	0
21	0
138	2874
583	2770
0	1703
0	0
462	1
0	0
0	1
20	598
22	61
0	639
0	567
0	577
0	39
0	0
254	11
0	11
0	0
3	706
958	719
4	491
0	0
0	13
0	69
541	258
0	68
11	221
5	221
2	33
0	7
0	0
15	0
0	0
0	0
0	0
0	0
0	0
1080	0
0	0
0	0
0	0
0	756
6	886
0	937
0	1048
33	734
9	568
2	500
0	0
7	118
9	31
0	282
28	1194
0	114
8	1312
34	1196
0	124
0	48
0	195
0	76
0	47
7	843
0	54
0	167
0	0
2100	5432
6	5431
0	104
22	452
0	0
0	437
0	446
8	300
0	0
0	198
5	187
57	13
1	8
43	1
29	4535
43	4952
0	4745
97	4891
0	730
0	632
60	552
0	25
13	306
336	306
0	5
0	0
0	0
0	0
0	0
0	0
0	0
0	0
0	0
0	0
0	0
0	0
0	0
0	0
0	0
1249	555
18	587
2	411
0	579
0	0
0	0
0	0
0	0
0	0
0	0
0	0
0	0
0	0
0	0
0	0
0	0
0	0
0	0
0	0
0	0
0	0
0	0
0	0
0	0
0	0
0	0
0	0
0	0
0	0
0	0
0	0
0	0
0	0
0	0
48	396
0	396
0	30
0	2
22	925
5	1048
0	886
26	877
0	814
7	380
0	301
0	362
11	244
0	0
385	323
31	308
0	87
0	13
0	0
1	38
0	0
0	0
0	0
0	0
0	0
0	122
1734	1265
35	839
0	237
0	156
0	108
0	30
0	63
16	96
0	0
0	0
0	0
0	0
0	0
46	777
0	588
5	500
2	208
0	205
0	182
0	128
0	105
0	59
0	32
0	24
0	15
0	3
0	0
108	1892
29	1892
0	0
0	0
0	0
0	0
0	0
0	0
0	0
0	0
0	0
0	0
0	0
0	0
0	0
0	0
0	0
1	325
2	233
1	119
0	188
0	264
0	62
815	5
0	277
0	0
7	272
0	267
1684	36
0	36
0	0
0	0
0	3
0	376
1	573
0	716
0	690
0	663
0	2
3	3
0	11
0	63
1567	331
0	58
0	0
0	0
1898	1066
0	45
56	212
6	674
5	420
2	306
0	18
0	270
0	0
0	101
7	115
0	26
2	65
0	12
50	205
0	4
366	427
0	272
23	0
0	0
0	0
0	0
0	0
0	0
0	0
0	0
0	0
0	0
0	0
0	0
0	0
0	9
0	0
0	0
0	0
672	456
0	155
0	203
0	31
0	624
39	0
0	0
0	0
575	475
22	259
9	297
2	105
0	338
0	279
0	109
67	219
0	0
0	0
0	0
0	0
0	0
0	0
0	0
0	0
44	625
134	573
24	538
0	165
197	1936
426	1936
0	5
0	5
2	5271
0	5408
0	4989
0	491
0	0
0	5247
0	0
6	11
0	1
0	426
0	793
0	11
0	5
0	21
0	1035
22	4671
0	0
6	4896
5	160
0	15
0	34
13	169
0	0
47	1568
16	203
0	1385
0	1258
0	34
0	154
0	11
2	482
0	1004
0	0
0	0
0	0
0	0
0	0
0	17
0	141
0	37
79	351
0	98
0	93
0	322
0	331
0	325
14	107
0	266
3	91
0	19
0	831
0	1969
16	1640
38	657
28	8308
0	9863
80	9533
50	9402
0	128
0	5540
0	134
0	518
21	1523
0	48
0	0
0	345
0	1146
150	3491
33	21
12	970
0	1283
0	29
0	154
23	1127
125	113
0	0
0	0
22	0
0	0
0	0
0	0
0	0
0	0
0	243
0	33
0	1548
23	988
0	1
55	971
0	1257
0	911
0	477
5	789
10	974
0	472
17	1115
0	181
0	17
0	0
0	0
116	17
111	141
0	0
0	0
0	0
5	0
0	0
2	484
1	609
0	486
0	756
0	518
168	721
0	343
0	216
0	168
0	377
0	10
0	137
0	70
0	16
0	7
0	0
9	7
1	6
0	1
0	0
0	0
0	0
5	213
0	271
0	69
0	258
0	222
0	91
0	156
0	46
0	19
0	3
1	17
54	16695
0	16354
0	2208
56	2996
7	984
4	3077
7	2343
14	9380
0	10168
239	16958
46	14409
0	4734
0	3236
6	2236
2	2896
0	19
1	4967
10	3927
0	1283
14	8283
7	1764
12	1412
1	1743
0	1696
6	1762
9	1776
122	1742
0	1717
0	1751
18	1488
1	1218
0	265
3	290
0	118
0	111
0	227
0	99
0	91
0	0
1591	0
0	0
0	0
0	0
93	0
1	1
37	190
0	190
0	0
0	0
83	520
3	481
4	66
0	6
0	108
0	94
0	36
0	1
0	13
0	4
0	0
0	1
9	45
5	1535
1189	13194
24	13194
2	13153
0	13165
4	36
0	0
0	0
0	72
16	74
0	79
0	78
93	0
0	0
39	135
3	135
0	1
0	0
5	125
0	117
0	40
7	114
0	24
0	40
0	37
0	51
0	45
0	0
0	5
0	10
68	186
0	29
0	35
0	35
0	132
0	4
0	0
0	0
31	6
0	6
0	0
51	1
8	438
10	272
0	755
0	1297
11	909
0	170
3	1152
0	898
0	4
5	622
20	504
22	1112
0	812
0	7
4	893
0	165
0	2
0	140
2	1061
0	273
0	144
0	0
6	174
5	467
0	0
0	0
0	0
0	0
0	0
0	0
0	0
0	0
0	0
0	0
0	0
0	0
82	843
0	61
0	1
0	213
38	843
0	169
0	125
0	54
0	17
23	323
0	111
0	100
18	2
0	2
0	2
0	2
0	1
0	2
0	3927
0	3995
0	3845
27	3665
0	3742
105	3953
47	3913
1	3797
0	3828
0	3930
0	442
0	1488
0	89
70	215
0	124
0	371
0	4
0	0
0	0
0	0
0	0
0	0
0	0
0	0
0	0
0	0
0	0
0	0
0	0
0	0
0	0
1	442
0	451
0	442
32	201
0	0
0	0
0	0
0	0
0	0
0	0
0	0
0	0
0	0
0	0
0	0
11	1538
0	2216
2	2215
0	2216
0	2196
0	2280
0	479
0	43
0	43
0	0
49	77
285	77
0	0
27	55
0	55
0	1
0	12
0	427
10	117
13	778
41	825
36	705
0	71
16	260
11	504
0	0
0	1
0	1
0	0
0	0
0	0
0	1
0	0
0	1
0	1
0	0
0	1
23	1
0	0
0	0
0	4
0	0
0	0
351	472
0	295
0	366
0	0
0	0
14	188
0	0
2784	30129
17	7318
14	27048
5	9837
0	0
0	0
0	0
2	637
0	678
18	633
0	622
0	672
0	58
0	45
0	123
0	0
0	95
0	57
0	109
0	6
9	44
207	96
7	62
0	0
0	55
56	85
0	11
0	0
0	0
0	0
0	0
0	123
12	130
0	7
0	165
0	0
0	3
0	1
12	142
0	15
0	2
0	163
0	162
0	0
0	0
0	0
0	0
0	510
14	509
5	511
0	510
0	510
0	54
0	244
0	508
0	0
0	0
0	0
442	1999
111	1998
0	250
0	417
0	167
0	153
0	16
0	0
0	1
0	0
0	0
0	0
0	0
0	0
0	0
0	0
0	0
0	0
0	0
0	0
0	0
0	0
0	0
0	2369
0	2631
6	1157
0	595
15	697
0	248
0	72
0	0
0	0
0	354
0	185
20	370
0	23
0	3
0	159
0	5
0	12
0	0
0	0
0	0
0	0
0	0
0	0
0	0
24	16
0	6
0	0
0	0
0	3
0	3
0	2
0	4
0	0
0	0
0	0
0	0
0	0
0	0
0	0
34	3844
10	3844
0	1052
8	507
0	1430
0	1365
0	1112
0	470
0	746
0	535
4	574
0	848
0	702
0	681
0	662
0	175
0	142
0	374
0	40
0	145
14	587
141	799
56	566
0	163
0	171
0	0
0	28
24	1035
3	1095
0	25
24	79
9	73
0	84
0	182
0	24
0	2
0	5
0	1
0	4
0	18
23	186
8	313
7	226
0	3
0	55
0	45
0	3
0	41
0	39
0	13
0	16
0	51
0	54
2	81
0	48
0	2
0	1
0	0
0	1
0	1
0	6
0	219
0	172
0	6
0	6
0	5
0	3
0	109
7	207
0	162
0	191
0	148
0	1
0	90
0	526
509	534
4	171
0	128
0	6
0	37
0	7
4	10
5	3
0	56
0	3
0	1
0	4
0	107
0	2
0	53
0	86
0	97
0	49
0	45
0	56
0	90
0	94
0	68
0	91
0	101
0	0
0	28
0	76
0	88
0	65
0	97
0	98
0	23
0	98
0	27
0	70
0	104
0	87
0	82
0	78
0	87
0	97
0	94
0	3
0	3
0	91
0	80
0	3
0	2
0	2
0	93
0	52
0	104
0	92
1	102
0	75
0	62
0	83
30	5
0	8
0	0
0	33
0	10
0	18
0	10
0	18
0	20
0	0
0	15
0	43
0	44
0	20
0	47
0	30
0	78
0	82
0	65
0	94
0	85
0	52
0	24
0	0
0	75
0	51
0	76
0	76
0	8
0	35
0	15
0	10
0	2
0	25
0	14
0	47
0	59
0	0
0	0
0	0
0	0
0	0
0	0
0	0
0	0
0	0
0	0
0	0
0	0
0	0
0	0
0	0
3	9
0	0
0	9
594	249
0	0
0	48
0	130
0	20
0	100
0	11
0	55
0	60
0	595
6	346
0	23
6	549
0	68
0	90
5	110
2	370
0	29
0	120
0	30
0	20
0	46
7	279
0	147
0	178
56	1291
0	899
6	1107
0	628
0	70
0	74
0	907
0	1175
5	163
0	20
0	14
12	1115
0	13
2	1035
4	129
0	972
23	1029
0	1027
0	370
65	201
0	10
3	17
0	7
0	6
0	14
0	5
0	5
0	8
0	4
0	5
0	0
0	0
0	0
0	1
0	1
0	1
0	1
1	0
0	0
0	0
0	0
0	0
0	0
0	0
0	0
0	0
0	0
0	0
0	0
0	0
0	0
0	0
0	0
0	0
0	0
0	0
0	0
0	0
0	0
0	0
0	0
0	0
0	0
0	0
0	0
0	0
0	0
0	0
0	0
0	0
0	1
0	0
0	0
0	0
0	0
0	0
0	0
0	513
0	312
0	220
0	21
0	196
0	102
0	108
0	34
0	535
5	530
0	23
0	44
138	369
0	156
0	83
0	273
0	277
0	815
0	0
0	0
0	0
0	280
252	815
0	641
0	0
0	0
0	0
0	1115
0	1115
0	1115
0	0
0	0
0	0
0	29
10	522
27	631
3	1072
0	196
11	77
0	187
5	654
107	1092
0	458
10	844
0	481
0	0
1	73
2	58
0	53
0	31
2	171
0	162
0	185
13	66
0	6
0	0
0	0
0	0
0	0
0	0
0	0
0	0
0	0
0	0
0	0
0	0
0	0
0	0
0	0
0	0
0	0
0	0
0	0
0	0
0	0
0	0
0	0
2	4884
0	18320
0	3225
0	4138
0	92
0	16485
0	29
0	528
0	3
0	3
5	18291
9994	34880
295	19923
53	2291
15	33813
53	19724
18	30
9	6103
0	0
0	0
0	0
0	0
0	0
41	0
15	378
1	363
22	87
3	150
0	31
0	17
0	12
0	0
0	0
0	0
0	0
5	0
0	0
0	0
0	0
0	0
0	0
0	0
0	0
0	0
0	0
0	0
0	284
0	129
26	282
0	0
11	274
0	62
0	47
0	81
0	44
0	44
0	0
0	0
0	0
0	0
0	0
2	492
1	764
327	764
0	189
0	144
0	21
0	7
44	1086
1	326
0	101
0	714
0	782
0	66
0	402
0	222
1	546
0	274
0	425
0	134
0	280
0	663
0	489
0	479
0	300
0	288
0	136
4	370
0	3
13	6
0	0
0	0
0	0
1	0
0	0
0	0
96	0
0	523
39	24
7	1474
0	1361
0	1514
6	1299
0	1381
3	1478
0	1359
0	1295
3	1377
0	1478
0	520
0	1365
0	13
0	724
26	703
0	476
0	900
0	1272
0	265
0	255
0	44
0	235
0	240
0	524
7	508
0	156
0	84
0	245
0	172
0	123
0	17
0	158
0	208
0	3
0	94
0	83
0	6
64	346
0	119
0	158
24	338
0	62
0	194
0	237
6	219
0	0
0	0
0	0
1	186
9	168
0	108
0	132
4	72
0	75
0	50
0	50
141	1851
11	103
0	8
1	7002
1213	7002
0	3186
29	3278
0	3266
0	788
0	0
38	3164
54	3103
9	1353
0	380
0	1466
1	888
0	3035
35	906
0	930
52	453
0	338
0	464
8	355
0	145
0	170
0	906
0	135
16	154
0	41
0	178
0	0
0	20
0	72
0	41
0	58
0	454
0	269
0	129
0	1066
15	180
0	646
0	5
0	736
22	585
54	585
0	383
0	205
216	431
0	32
0	0
0	0
0	0
0	0
0	0
0	0
0	0
0	0
0	0
20	1400
67	3257
0	3372
7	438
0	240
0	183
0	252
30	247
0	120
0	646
7	545
0	650
0	447
55	326
0	0
0	0
662	332
44	332
1	342
9	1
0	56
209	397
14	0
1	2
0	9
45	711
0	331
0	22
0	1
116	673
0	66
0	0
0	26
0	14
0	0
0	2193
0	1916
0	1917
0	602
0	621
0	182
0	187
0	446
0	0
0	0
0	0
0	0
0	0
0	0
0	0
0	0
0	0
0	0
0	0
0	0
0	0
0	297
1	133
0	127
0	5
0	21
509	466
0	168
0	93
0	8
0	4
0	0
8	94
2	853
0	216
175	853
0	160
0	89
0	71
0	143
0	134
0	68
2	303
0	147
26	336
68	2756
0	1988
0	2662
0	2655
13	2354
7	1149
8	49
2734	3149
119	2975
18	5
262	2974
0	2768
27	537
294	364
25	322
11	211
0	17
156	527
5	528
4	338
0	84
0	0
25	99
0	17
24	74
0	30
4	28
22	0
0	0
0	0
0	0
0	0
0	0
0	0
0	0
0	0
0	0
0	0
0	0
0	0
0	0
0	0
0	0
0	0
0	0
0	528
0	499
12	535
0	582
0	83
1	255
0	267
0	141
0	57
0	118
0	48
0	15
0	4
0	86
0	113
0	69
0	25
17	5
0	69
0	31
0	54
0	53
0	30
0	8
0	9
0	0
0	2
0	2
0	392
0	377
14	376
0	67
221	1313
0	59
0	1104
0	1313
0	1313
1	904
0	828
0	643
0	346
0	515
0	178
0	38
0	0
0	1
0	0
0	0
0	0
0	0
0	0
0	0
0	0
2123	613
27	379
0	300
0	281
0	10
0	249
0	0
0	0
0	0
0	0
0	0
0	0
0	0
0	0
0	0
0	0
0	0
0	0
0	0
0	0
0	0
0	0
0	0
0	0
0	0
0	0
0	0
0	0
0	0
0	0
0	0
0	0
0	0
0	0
0	0
0	0
0	0
0	0
0	0
0	0
0	0
0	0
0	0
0	0
0	0
0	0
0	0
0	0
0	0
0	0
0	0
0	0
0	0
0	0
0	0
0	0
0	0
0	0
0	0
0	0
0	0
0	0
0	0
0	0
0	1235
0	1172
15	1245
0	1116
1	640
0	395
0	84
0	69
0	3
1314	998
6	768
0	8
10	571
0	325
0	0
0	0
63	0
0	0
0	0
0	0
0	0
0	0
0	0
0	0
0	0
0	0
0	0
0	0
0	0
0	0
0	0
0	0
0	0
0	0
0	0
0	0
0	0
0	0
0	0
0	0
0	0
0	0
0	0
0	0
0	0
0	0
0	0
0	0
0	0
0	0
0	0
0	0
0	0
0	0
0	0
0	0
0	0
0	0
0	0
0	0
0	0
0	0
0	0
0	0
0	0
0	0
0	0
0	53
0	0
0	0
0	0
0	0
0	0
0	0
0	0
0	0
0	0
0	0
0	0
0	0
0	0
0	0
0	0
0	0
0	0
0	0
0	0
0	0
0	0
0	0
0	0
0	0
0	0
0	0
0	0
0	0
0	0
0	0
0	0
0	0
0	0
0	0
0	0
0	0
0	0
0	0
0	0
0	0
0	0
0	0
0	0
0	0
0	0
0	0
0	0
0	0
0	0
0	0
0	0
0	0
0	3
290	1114
110	760
56	845
48	391
14	259
0	0
0	0
0	0
0	0
0	0
0	0
10	460
0	460
43	226
0	0
0	0
0	0
0	0
0	0
0	0
0	0
0	0
0	0
32	0
0	0
764	239
0	150
4	201
2	5
0	0
0	12
0	18
0	17
0	11
0	11
0	5
0	0
0	2
0	5
0	5
0	0
0	5
0	5
0	3
0	3
0	3
0	3
0	3
0	0
0	0
0	4736
218	5415
0	140
0	16
0	728
4	511
0	81
0	517
0	26
0	0
0	0
0	0
0	0
0	0
0	0
0	0
0	0
0	0
0	0
5	3107
0	2568
0	3060
1	3006
0	3070
0	3020
0	539
0	72
0	28
0	332
0	157
2	2408
1	3057
6	83
0	40
0	114
0	139
0	3140
24	2968
0	3
0	9
0	740
18	2831
0	227
15	1403
0	439
0	301
0	0
0	0
0	0
10	1821
0	5628
0	5455
13	4726
0	5596
10	4550
5	204
28	19
0	442
0	130
1	780
0	370
6	861
0	361
0	0
0	1
0	1
0	16
0	0
0	0
0	0
0	0
0	0
39	23
0	0
0	0
0	0
0	37
1022	173
0	133
0	0
0	38
373	35
0	35
0	0
123	1061
0	388
100	268
0	27
20	984
0	34
27	324
0	30
0	46
0	29
2	46
0	46
0	4
0	0
0	0
0	0
0	0
0	0
0	0
0	1
0	7
46	540
280	517
3	559
1	424
5	290
0	303
8	27
0	0
0	65
0	0
0	0
0	5
79	1202
13	1202
720	582
52	157
99	499
0	45
0	51
36	1344
5	1347
18	202
0	112
9	25
0	204
0	240
0	132
0	69
0	827
8	113
2	567
0	1
8	598
0	1
2	372
17	191
0	15
0	32
0	0
0	0
0	0
1	4
17	4
0	0
0	0
0	0
0	0
1110	302
36	302
0	0
0	0
0	211
591	211
0	0
1	455
0	0
0	262
0	307
76	307
0	0
3	83
0	104
82	61
73	72
0	86
0	45
0	45
4	97
0	85
12	59
3	53
0	31
0	27
0	44
0	8
0	11
0	10
0	14
0	19
0	14
0	19
0	3
40	0
12	17
30	9
0	9
0	0
0	0
16	2354
4	2219
0	1456
0	1569
0	2039
0	289
0	143
0	354
0	137
0	122
46	1397
14	1391
0	346
0	844
0	1084
0	1522
14	1086
0	0
0	0
0	0
0	0
0	58
0	7
0	0
0	0
0	0
0	0
0	0
0	0
0	0
0	0
0	0
0	0
0	0
0	0
0	0
0	0
0	0
0	0
0	0
10	970
24	897
18	912
0	926
5	922
0	86
0	748
1	943
0	20
8	903
0	0
0	530
0	13
0	100
32	359
1	318
0	262
0	95
0	0
0	0
0	0
0	0
393	691
57	243
0	437
0	244
22	8
0	47
68	439
0	20
0	385
2	317
11	346
9	342
7	329
0	208
0	46
0	55
2	110
0	16
0	0
0	0
0	0
0	0
25	0
0	0
18	0
0	0
0	0
0	0
0	0
0	0
0	0
0	0
0	0
0	0
0	0
0	0
188	81
28	81
0	0
0	0
0	0
34	443
0	451
10	559
4	223
0	244
0	125
0	114
0	0
0	0
0	0
0	0
0	0
0	0
0	0
0	0
0	0
0	0
0	0
0	0
0	0
0	0
0	0
0	0
0	0
32	215
250	444
6	171
32	272
17	45
0	0
41	460
0	241
3	460
11	295
0	34
0	1
0	0
0	0
0	0
0	0
0	0
19	1643
93	1430
20	987
216	1395
0	292
15	934
10	683
69	1005
154	203
0	7
0	0
0	0
33	151
755	415
67	189
0	167
0	0
0	0
0	0
0	41
0	0
0	56
0	0
0	0
0	0
77	1324
16	742
0	811
138	856
15	628
0	230
0	14
0	11
0	83
0	506
0	960
0	2314
6	4019
0	3264
0	406
0	1267
0	571
26	627
1	180
0	374
0	421
0	440
0	38
3	307
3	221
0	75
0	104
0	0
0	65
0	113
0	3
0	0
0	0
0	0
0	0
0	0
0	0
0	0
0	0
0	0
0	3
0	2
0	5
19	5
0	0
0	0
0	0
0	0
0	0
0	0
0	1
0	0
0	1
0	1
0	0
0	1
0	1
0	0
0	1
0	0
4	2
0	383
0	855
0	816
0	817
185	917
11	123
20	862
0	425
236	0
89	57
0	17
0	40
0	15
0	1
0	0
0	0
0	0
220	7567
0	7491
0	923
23	80
0	0
0	4
0	0
0	0
0	0
0	0
0	0
0	0
0	0
0	0
0	0
0	0
0	0
1661	101
15	49
0	22
4	36
0	3
0	4
0	15
0	0
0	0
0	0
0	0
0	0
0	0
38	0
0	0
0	0
0	0
0	0
0	0
0	0
0	0
0	0
0	0
0	0
0	0
0	0
0	0
0	0
0	0
0	0
0	0
0	0
0	0
0	0
0	0
0	0
0	0
0	0
0	0
0	0
0	0
0	0
0	0
0	0
0	0
0	0
0	0
0	0
0	0
0	0
0	0
0	0
0	0
0	0
0	0
0	0
0	0
0	0
0	0
0	0
0	0
0	0
0	0
0	0
0	0
0	0
0	0
0	0
0	0
0	0
0	0
0	0
0	0
0	0
0	0
0	0
0	0
0	0
0	0
0	0
0	0
0	0
0	0
0	0
0	0
0	0
0	0
0	59
0	0
0	0
0	0
0	0
0	0
0	0
0	0
0	0
0	0
0	0
0	0
0	0
0	0
0	0
0	0
0	0
0	0
0	0
0	0
0	0
0	0
0	0
0	0
0	0
0	0
0	0
0	0
0	0
0	0
0	0
0	0
0	0
0	0
0	0
0	0
0	0
0	0
0	0
1	0
0	0
2	2604
0	0
0	0
0	0
0	180
0	0
0	1302
689	2451
0	163
0	1543
0	424
0	1167
0	1150
0	753
23	189
0	0
0	0
0	0
0	915
0	712
34	712
0	594
0	240
0	3
0	5
0	0
0	0
0	0
41	0
0	0
0	0
1254	0
0	0
0	0
0	0
0	0
0	0
0	0
0	0
0	0
8	20
0	30
47	30
0	0
0	0
0	15
26	35
0	15
0	15
0	0
0	0
0	0
0	0
0	0
0	0
0	0
0	0
0	0
0	0
0	0
0	0
0	0
0	0
0	0
0	0
0	0
0	25
0	72
0	43
0	4
0	118
0	55
0	0
0	129
0	94
0	94
0	48
0	68
0	81
0	20
0	89
0	24
0	16
0	62
0	25
0	13
0	0
0	1
0	18
0	11
0	0
0	0
0	71
777	512
0	466
0	0
0	95
0	19
0	0
0	0
0	0
0	0
0	0
0	0
0	0
0	0
0	0
0	0
0	0
0	0
0	0
0	0
0	0
0	0
0	0
0	0
0	0
0	0
0	0
0	0
0	0
0	0
0	0
0	0
0	0
0	0
0	0
0	0
0	0
0	0
0	0
0	0
0	0
0	0
0	0
0	0
0	0
0	0
0	0
0	0
0	0
0	0
0	0
0	0
0	0
0	0
0	0
0	0
0	248
0	248
6	53
0	248
0	143
11	77
0	0
0	74
0	129
0	39
19	76
34	91
0	0
0	350
0	174
0	235
1	236
0	245
7	344
0	179
0	232
6	199
0	12
0	1
0	15
0	11
0	149
0	54
0	36
0	2
0	1
0	0
0	0
0	0
0	0
0	0
0	0
0	0
0	0
0	0
0	0
0	0
0	0
0	0
0	0
0	0
0	482
0	116
0	2854
297	2764
2	172
0	950
0	996
0	50
0	417
0	909
23	757
0	902
0	948
0	858
0	0
0	98
0	35
0	0
0	2
0	0
0	0
0	0
0	0
0	0
9	731
0	35
0	0
0	79
0	38
0	38
0	5
0	0
0	36
0	135
0	88
0	0
0	16
0	91
0	0
0	0
0	0
0	0
0	0
0	0
0	0
0	0
0	0
0	0
0	0
0	104
20	665
30	665
4	159
0	43
0	0
0	0
0	0
0	0
0	0
0	0
0	0
0	0
0	0
0	0
0	0
0	0
0	0
0	0
0	0
0	0
0	0
0	0
0	0
0	0
0	0
0	0
0	0
0	0
0	0
0	0
0	0
0	0
0	0
0	0
0	0
58	182
0	19
1	163
0	200
18	53
0	17
5	31
12	121
4	425
0	477
23	374
23	103
0	41
0	0
33	159
11	227
3	28
0	163
0	8
0	87
0	23
0	14
67	79
0	0
0	7
0	37
11	50
0	0
0	0
0	0
1208	8713
39	8653
0	0
0	8588
0	485
0	0
0	0
0	0
0	0
0	0
0	0
0	0
0	0
0	0
1	0
1	0
0	0
0	0
0	0
0	0
0	0
0	0
0	0
0	0
0	0
0	0
0	0
0	0
0	0
0	0
0	0
0	0
4596	738
0	16
0	682
0	331
0	40
0	0
0	0
0	0
0	0
0	0
0	0
0	0
0	0
0	0
0	0
0	0
0	0
0	0
0	0
0	0
0	0
0	0
0	0
0	0
0	0
0	453
0	3583
0	368
55	1269
0	3585
4	3583
27	768
0	758
0	0
0	2
0	7
0	20
0	20
0	0
4	20
0	0
0	2
0	0
0	0
0	0
0	6
9	382
10	0
0	6
9	17
0	378
0	68
0	101
12	68
0	52
0	70
0	103
0	67
0	0
0	0
0	0
0	0
0	0
0	0
0	319
0	234
0	346
0	0
0	0
0	0
0	0
0	0
0	0
0	0
0	23
62	346
0	25
0	27
0	148
0	28
0	5
0	5
0	0
0	0
0	0
0	0
0	0
0	0
0	0
0	0
0	0
0	0
0	0
0	0
0	0
0	0
0	0
0	0
0	0
1	0
0	0
0	0
0	0
0	0
0	0
0	0
0	0
0	0
0	0
0	0
0	0
0	0
0	0
0	0
0	0
0	0
0	0
0	0
0	0
0	0
0	0
0	5192
6	5826
65	9362
0	5163
0	3307
0	3331
0	70
0	3569
0	9627
0	930
0	0
703	0
0	0
0	0
0	0
0	0
0	0
0	0
0	0
0	0
0	0
0	0
0	347
153	462
5	241
0	248
0	247
0	0
0	0
0	0
0	0
0	1821
4	1589
65	1721
47	1089
3	258
17	134
926	19910
338	20726
25	17787
231	13983
4	3848
22	610
25	1530
0	1747
0	0
0	0
0	0
0	0
0	0
0	0
0	0
0	0
118	650
4	379
13	228
0	112
0	79
21	0
0	0
0	0
0	0
0	0
0	0
0	0
0	0
0	0
0	0
0	0
0	0
0	0
0	0
0	0
0	0
0	0
0	0
0	0
0	0
0	0
0	0
0	0
0	0
0	0
0	0
0	0
0	0
1	1
0	0
0	0
0	0
0	0
47	754
50	755
6	340
0	188
0	56
0	1
0	0
0	0
0	0
0	0
0	0
0	0
0	0
0	0
0	0
0	0
0	0
0	0
0	0
0	0
0	0
0	0
0	0
0	0
0	0
0	0
0	0
0	0
0	0
0	0
0	0
0	0
0	0
0	0
0	0
5607	0
0	0
176	19667
322	1350
1323	22592
77	2384
114	8861
0	303
48	1378
26	3297
0	95
222	295
1481	21570
1751	21089
106	6795
55	2042
226	10181
12	3777
0	0
283	829
10	828
0	114
0	136
0	1
8	157
14	199
0	55
28	184
20	167
0	64
0	47
0	0
35	406
0	150
20	419
0	227
0	40
11	0
0	0
0	0
0	0
0	0
0	0
0	0
0	0
0	0
0	0
0	0
0	0
0	0
0	0
0	0
0	0
0	0
0	0
0	0
0	35
0	2
30	1718
166	1033
4	1513
163	172
0	44
0	56
0	648
0	0
0	0
0	0
0	0
0	0
0	0
0	0
0	0
0	0
0	0
0	0
0	0
0	0
0	0
0	0
0	0
0	0
0	0
0	0
0	0
0	0
0	0
0	0
0	0
0	0
0	0
0	0
0	0
0	0
0	0
0	0
0	0
0	0
0	0
0	0
0	0
0	0
0	0
0	0
0	0
0	0
1	0
0	0
0	0
0	0
0	0
0	0
0	0
0	0
0	41
0	0
0	0
0	0
0	0
0	0
0	0
0	0
0	0
0	0
0	0
0	0
0	0
0	0
0	0
0	0
0	0
0	0
0	0
0	11
0	16
0	16
0	0
0	7
0	0
0	0
18	24
30	22
134	86
0	16
0	26
0	71
0	3
0	8
0	73
0	20
0	21
0	19
0	19
0	18
0	18
0	17
0	0
0	0
0	0
0	0
0	0
0	0
0	0
0	0
0	0
0	0
0	0
0	0
0	0
9	54
0	40
0	0
0	14
0	1
0	0
0	0
0	0
0	0
36	2077
9	3432
61	1543
197	3549
183	2282
0	1526
3	1236
3	4310
142	4696
149	1441
0	322
0	37
0	0
0	104
9	330
0	0
0	0
0	0
0	0
0	0
0	0
0	0
0	0
0	0
0	0
0	0
0	0
0	0
0	1
0	0
0	0
0	6015
112	6623
0	50
4	4072
0	5015
0	696
0	2053
224	5868
0	430
0	804
22	2218
5	3765
95	5040
2	3840
0	1087
0	1126
0	2
0	300
18	0
64	1201
174	1455
9	547
29	172
3	371
0	131
0	232
17	713
84	1230
5	746
0	436
0	155
32	3
135	374
0	0
0	0
0	0
11	0
0	0
0	0
0	0
0	0
0	0
0	0
0	0
0	0
0	0
0	0
1	3908
0	0
0	0
0	0
0	0
0	0
0	0
0	0
0	0
0	0
0	0
0	558
0	510
9	169
0	144
0	86
2	11072
0	0
0	0
0	0
0	0
0	0
0	0
0	0
0	0
0	0
0	0
0	0
0	0
0	0
0	0
0	0
0	0
0	0
79	490
84	765
0	637
17	505
0	29
0	24
0	28
0	24
0	66
0	11
0	0
0	0
0	0
6	943
5	583
0	928
0	950
17	1
0	6
8	551
0	56
0	36
0	13
0	99
0	23
0	0
6	133
0	5
0	25
0	49
0	21
0	0
0	390
36	392
0	119
0	313
0	121
0	375
0	384
0	384
0	44
0	0
0	600
0	0
0	0
0	1
0	90
0	323
0	259
0	93
36	315
0	76
23	156
0	54
57	77
34	23
0	89
147	89
0	123
0	98
0	167
107	3821
285	4237
27	4236
24	86
0	582
28	674
2	70
0	38
3	47
0	38
89	104
0	18
0	0
0	0
0	0
0	0
0	0
0	0
0	0
0	0
0	0
0	0
0	0
0	0
0	0
0	0
0	0
0	0
0	71
16	392
1022	1119
0	281
0	465
107	980
0	62
53	291
17	134
19	72
5	318
63	737
0	232
11	395
0	290
0	276
4	120
5	167
21	55
0	0
0	0
0	0
0	0
0	0
0	0
0	0
0	0
0	0
0	0
0	0
0	0
0	0
0	0
0	0
0	0
0	0
0	0
0	0
0	0
0	0
0	0
0	0
0	0
0	0
0	0
0	0
0	0
0	0
0	0
0	0
0	0
0	0
0	0
0	0
0	0
0	0
0	0
0	0
0	0
0	0
0	0
0	0
0	0
0	0
0	0
0	0
0	0
0	0
0	0
0	0
0	0
0	0
0	86
0	0
0	0
0	0
0	0
0	0
0	0
0	0
0	0
0	0
0	0
0	0
0	0
0	0
0	0
0	0
0	0
0	0
0	0
0	0
1	11
0	11
0	10
0	8
0	11
0	8
0	0
0	1
0	4
0	0
0	0
0	4
0	1
0	0
3	0
0	0
0	0
64	0
1	469
0	93
17	461
0	37
0	80
0	46
0	115
0	459
0	459
0	459
0	63
0	59
2	86
0	58
0	58
0	461
0	416
0	1
0	449
0	0
0	0
0	0
2	10
0	4
0	4
0	0
0	3
0	0
0	10
0	3
0	0
0	0
0	0
0	0
0	0
0	0
0	0
0	0
0	0
0	0
0	0
0	0
0	187
835	187
8	1025
288	2361
13	2340
0	0
0	0
0	169
0	0
0	0
0	1
0	965
8	810
0	819
45	938
4	69
7	51
0	0
0	0
0	0
0	448
12	456
0	187
0	188
6	201
0	10
0	7
0	0
0	62
0	45
0	0
0	0
0	0
0	0
0	0
193	1737
14	1443
139	341
0	963
13	889
92	62
0	33
0	35
0	38
0	2
0	35
0	2
0	67
9	44
0	34
0	17
0	14
0	0
0	0
0	0
0	0
0	0
11	269
0	308
1	91
0	130
0	0
684	142
5	142
0	0
0	0
0	0
0	35
0	31
0	35
1	35
0	8
0	0
0	0
0	0
0	2
0	1
0	0
0	0
0	0
0	0
0	0
0	0
0	0
129	859
117	859
43	200
0	200
0	1
0	5
0	0
0	0
0	0
0	0
0	0
0	0
30	341
0	313
0	260
0	61
4	334
0	348
0	50
0	44
4	35
0	79
0	13
0	6
0	14
0	104
1	166
0	96
0	25
0	98
0	20
0	6
0	8
0	0
0	0
0	0
0	0
0	0
0	0
0	0
0	0
0	0
0	0
0	0
0	0
0	0
0	0
0	0
96	0
2	2664
0	2473
1	2719
135	754
0	9
2	1
0	0
2	2485
0	1964
0	2081
190	1796
85	1175
40	705
0	1
0	137
12	309
2127	383
0	83
0	0
0	0
0	238
0	0
0	0
0	0
0	0
0	0
0	0
0	0
0	0
0	0
0	0
0	0
0	0
0	0
0	0
0	0
0	0
0	0
305	597
0	84
48	597
19	381
0	0
0	0
0	0
0	0
0	0
0	0
0	0
0	0
0	0
0	0
0	0
0	0
0	0
0	0
0	0
0	0
0	0
9	296
370	523
0	422
0	34
0	0
0	14
0	0
0	0
1757	1782
0	1387
0	1311
0	1229
0	288
0	129
0	13
0	0
21	1146
92	1244
0	1396
1	567
5	607
3	720
0	222
1	381
0	347
0	267
1	296
0	233
0	57
0	15
0	22
0	29
0	23
0	16
0	0
1611	383
0	130
0	148
0	30
9	67
0	39
0	9
0	66
0	33
100	2817
87	2769
0	654
0	1196
0	48
1648	252
26	180
0	73
0	0
85	96
0	5
20	164
0	7
62	140
0	0
0	0
0	0
0	0
0	0
0	0
0	10
0	18
3	221
0	215
0	221
0	221
0	57
0	0
12	5
0	4
0	5
0	0
819	15
5	13
0	14
0	0
0	55
0	0
0	0
0	0
0	0
0	1
7	627
67	626
0	77
0	73
5	118
0	130
0	0
0	0
30	0
29	493
145	637
4	56
141	632
0	0
0	0
0	0
0	0
0	0
0	0
0	0
0	0
0	0
0	0
0	0
0	0
0	0
0	0
0	0
0	26
4	348
4	354
1	99
0	53
0	36
0	30
0	13
0	147
0	17
0	0
9	38
1	38
0	0
0	0
0	0
0	0
0	0
0	0
0	0
0	0
0	0
0	0
0	0
0	0
4	426
0	429
0	58
0	28
0	36
0	0
0	0
0	0
1	612
4	791
0	531
0	551
0	517
0	377
0	30
0	56
0	38
0	3
0	0
0	0
0	0
0	0
0	0
0	0
0	0
0	0
0	0
0	0
0	0
0	0
0	0
0	0
0	0
0	0
0	0
0	0
0	0
0	0
0	0
0	0
0	0
0	0
0	0
0	0
0	0
0	6
0	6
0	0
0	0
0	0
0	0
0	0
0	0
0	0
0	0
0	0
0	0
0	0
0	0
0	0
0	0
0	0
0	0
55	490
0	432
30	52
10	200
0	123
0	0
507	317
44	273
14	44
0	0
1	146
1	146
0	146
1	3
2	92
0	90
0	9
0	5
0	5
0	3
0	0
0	0
0	0
0	0
0	0
0	0
0	0
0	0
34	55283
9	40155
0	55282
1	15467
11	10865
9	10081
0	23109
22	9348
28	16424
21	11036
0	0
2	3334
3	58
0	329
3	281
1	307
0	349
0	0
0	0
0	0
0	0
0	0
0	0
0	0
0	0
0	0
0	0
0	0
0	0
0	1480
0	1568
0	1712
0	185
0	218
0	262
4	865
15	883
0	830
0	296
0	1
0	272
0	160
0	398
1572	14050
1155	13608
20	3424
172	3833
69	1165
12	1329
0	125
20	612
0	21
9	627
0	8
0	164
3	282
0	38
4	101
0	0
0	0
26	94
15	1
0	1
0	9
0	95
0	0
0	0
0	8
0	0
0	0
0	9
0	0
0	0
0	11
10	13
225	208
0	14
0	23
0	80
0	178
0	95
0	91
0	90
0	66
0	0
1375	906
41	906
0	165
0	0
0	0
0	0
0	0
0	0
0	0
0	0
0	0
0	0
0	155
0	120
8	191
0	191
0	191
0	36
0	35
0	6
0	0
0	0
0	0
0	0
0	0
0	0
0	0
0	0
0	0
0	0
397	1791
0	73
18	370
152	1768
10	1321
1	486
0	175
71	345
14	339
11	63
0	0
0	0
0	0
0	0
0	0
0	0
0	0
0	0
0	0
0	0
0	0
0	0
0	0
0	0
0	0
0	0
0	0
0	0
12	0
0	0
0	0
0	0
0	0
0	0
0	0
0	0
0	0
0	0
0	0
0	0
45	548
0	85
0	44
0	45
7	436
0	200
0	0
0	0
0	0
0	0
0	0
0	0
0	0
0	0
0	0
0	0
0	0
0	0
0	0
0	0
0	0
0	0
0	0
0	0
0	0
0	0
0	0
0	0
0	0
0	0
0	0
0	0
0	0
0	0
0	0
0	0
0	0
0	0
0	0
0	0
0	0
0	0
0	56
0	47
0	58
0	10
0	14
0	14
0	1
0	0
0	0
0	0
169	6
0	0
17	6
0	0
12	38
0	34
0	48
0	8
57	161
0	90
0	0
0	0
27	5
0	5
5	293
2	230
28	40
5	298
0	122
3	90
57	122
0	0
0	0
0	0
0	0
0	0
0	0
0	0
0	0
0	0
0	0
84	0
0	0
0	0
0	0
0	0
0	0
0	0
0	0
0	0
0	0
0	0
0	0
0	0
0	0
0	0
0	0
0	0
0	0
0	0
0	0
0	0
0	0
0	0
0	0
0	0
0	0
0	0
0	0
0	0
76	1184
0	0
0	0
1	34591
0	0
0	42
10	80
0	9
0	93
0	93
0	46
0	79
0	9
0	27
0	25
0	6
0	0
0	0
8	2
0	0
0	2
0	0
0	0
0	0
0	0
0	0
0	0
0	126
0	0
0	0
0	0
0	0
0	0
0	0
0	0
0	0
0	0
0	0
0	0
0	0
0	0
33	0
0	0
0	0
0	0
0	0
0	0
0	0
0	0
0	0
0	0
0	0
0	0
1	1
0	0
0	0
0	0
0	0
0	0
0	0
0	0
0	0
0	0
0	0
0	0
0	0
0	0
17	178
0	176
0	0
0	4
0	12
0	0
0	0
0	0
0	0
26	1424
0	1416
0	1424
0	1424
1	1403
0	1402
1	1402
0	64
4	16
0	144
396	486
0	184
0	62
0	223
0	177
0	174
1	443
0	100
0	108
0	84
0	235
0	341
0	152
27	59
0	228
0	94
1	214
0	64
0	211
0	440
0	14
0	64
0	126
0	1283
0	1117
0	1164
0	1199
0	609
10	1437
0	1274
0	1601
0	0
0	0
172	1504
0	82
0	11
32	692
0	692
0	0
5	40
303	138
11	103
0	42
0	3
0	95
0	87
0	53
0	45
955	140
43	140
0	0
0	0
0	0
0	0
178	803
35	192
0	159
136	793
0	13
0	0
0	0
0	0
0	59
0	47
0	67
0	44
0	67
0	67
0	74
53	74
0	45
0	7
0	67
0	9
0	24
0	0
0	0
0	0
0	2
0	0
0	0
0	0
0	0
3	26
0	18
0	26
0	12
0	1
2	290
0	314
6	305
0	80
0	33
0	0
0	0
0	1
1083	205
0	205
0	8
0	0
7	832
0	321
0	1023
2	529
0	320
0	515
1	587
2	716
0	594
0	440
0	419
1	713
2	341
0	240
0	48
0	208
0	0
8	19
29	90
0	19
5	53
8	48
26	42
0	0
0	0
0	0
9	0
1091	252
2	251
0	76
0	0
0	0
0	0
0	0
8	0
124	0
0	0
0	0
0	0
13	4270
0	0
0	0
0	0
0	0
0	0
0	0
0	0
0	0
0	0
0	0
0	0
0	0
0	0
0	0
0	0
0	0
0	0
0	0
0	0
0	0
0	0
0	0
0	0
0	0
0	0
0	0
0	0
0	0
0	0
0	0
0	0
0	0
4	269
0	76
37	348
0	106
20	290
16	46
0	36
0	1
0	0
0	117
9	81
0	10
0	9
0	55
1	66
0	0
0	7
0	0
0	9
0	9
0	1
0	0
0	0
0	5
0	0
0	0
0	0
0	0
0	5
0	5
0	0
0	2
0	5
0	0
0	0
0	0
0	0
0	0
0	0
0	0
0	0
0	0
0	0
0	0
0	0
0	0
0	0
0	0
0	0
0	0
0	0
0	0
0	0
0	0
0	0
0	0
0	0
0	0
0	14
0	0
0	0
0	0
0	0
0	0
0	0
0	0
0	0
0	0
0	0
0	0
0	0
0	0
0	0
0	0
0	0
0	0
0	0
0	0
0	0
0	0
0	0
535	0
0	58
0	61
1	61
0	64
29	49
0	60
0	10
0	0
0	38
3	40
0	23
0	0
0	0
0	11
0	11
0	0
0	0
0	0
0	2
0	0
0	0
0	0
0	0
0	0
0	2
0	5
0	0
0	0
0	0
0	0
0	0
0	0
0	0
0	0
0	0
0	0
0	40
3	38
4	39
0	0
0	0
0	0
0	0
0	0
0	0
0	0
0	0
0	0
0	0
0	0
0	0
0	0
0	0
0	0
0	0
0	0
1	295
0	73
0	232
0	126
0	105
4	117
0	78
0	36
0	16
0	1722
0	294
27	213
0	1636
38	141
0	0
0	0
0	0
0	27
0	10
489	187
0	49
12	74
0	5
0	59
0	0
0	0
0	0
0	0
0	0
0	0
0	0
0	0
0	0
0	0
0	0
0	0
0	0
9	1182
0	14
0	72
4	784
0	524
0	43
0	34
0	19
0	44
3	182
0	1
36	146
0	1116
0	1177
26	1323
0	23
18	486
0	136
26	669
0	304
0	365
0	120
0	121
0	119
0	123
0	112
0	4
0	3
0	2
0	2
0	0
1	15538
0	0
0	0
89	169
112	169
0	53
138	97
0	42
0	2
0	0
0	0
0	0
0	0
0	0
0	0
0	0
0	0
0	0
0	0
0	0
0	0
0	0
0	0
0	0
0	0
0	0
0	0
0	0
0	0
0	0
0	0
0	0
520	3518
60	14
0	754
3	3467
0	447
51	907
47	29
0	1
0	5
3	26
0	80
0	88
0	88
2	88
7	88
0	79
0	90
0	1
0	35
0	34
0	21
0	16
0	0
0	0
0	0
2	259
10	256
0	3
0	2
0	9
0	8
0	0
0	0
0	0
0	0
8	1102
0	2148
0	1893
0	11
643	178
0	0
0	0
0	0
27	148
11	132
1	131
0	15
0	71
0	38
0	26
0	283
0	46
5	418
0	37
0	288
0	30
0	49
0	416
0	0
0	0
0	0
0	0
0	0
0	0
0	0
0	0
0	0
0	0
4329	50
0	0
0	25
0	0
0	25
0	1
0	21
0	581
3	1102
0	39
0	112
0	820
0	42
0	1063
0	900
2	907
0	4
0	19
0	68
1	805
0	44
3	1033
0	31
0	43
0	2
0	59
0	69
0	33
0	1
0	119
0	276
1	197
0	1
0	0
4	244
0	47
0	47
0	48
34	156
0	139
0	117
0	73
0	161
0	104
0	23
0	20
0	73
0	222
14	342
0	702
0	221
0	108
0	1
0	208
0	927
0	100
0	151
0	213
0	28
108	213
64	408
237	120
0	86
27	1030
0	347
0	770
0	139
0	20
0	0
0	506
0	132
0	0
0	0
0	0
0	0
0	0
0	0
0	3
0	21
0	21
6	18
0	6
0	17
0	13
0	0
0	0
0	0
0	0
0	0
0	0
0	0
0	0
0	0
0	0
0	0
0	0
0	0
0	0
0	51
0	61
0	46
326	315
0	123
21	280
6	142
0	202
0	42
32	3267
0	3097
14	466
1	1885
0	323
0	0
0	789
1	818
0	4
0	762
0	15
16	573
0	86
0	17
0	0
27	5
0	5
0	0
0	0
0	0
0	0
0	0
0	0
0	0
0	0
0	0
0	58
5	102
82	101
0	78
0	77
0	0
0	68
0	2
0	0
0	0
15	0
14	1447
16	1271
7	1331
1	1447
0	1435
15	0
0	0
0	0
0	0
0	0
0	0
0	0
0	0
0	0
0	0
0	0
0	0
0	0
0	0
0	0
0	0
0	0
0	0
0	0
0	0
0	0
0	0
0	0
0	0
0	0
0	0
0	0
0	0
0	0
0	0
0	0
0	0
0	0
0	0
0	0
0	0
0	0
0	0
0	0
0	0
0	0
0	0
0	0
0	0
0	0
0	0
0	0
0	0
0	0
0	0
0	0
0	6
0	3
0	2
0	3
0	5
0	2
0	1
0	2
0	1
0	0
55	0
6	5313
1	5329
20	5333
0	7633
0	7633
0	5278
0	7595
0	1190
0	0
0	0
0	0
0	0
0	0
0	0
0	0
0	0
0	0
0	0
0	0
0	0
0	0
0	0
0	36
0	1
0	36
0	19
0	15
0	3
0	5
0	5
0	5
0	5
0	5
0	0
221	0
62	0
0	0
0	9
0	0
5006	7105
26	1314
58	2662
31	5063
62	794
45	0
9	349
1010	2690
0	2060
234	2269
0	347
0	0
0	0
94	2602
0	2543
0	2541
84	848
6	755
0	181
0	3
0	252
23	1000
0	507
36	273
0	1634
0	1871
0	359
6	374
65	1860
2	549
1	1851
0	1728
17	523
422	1127
59	62
0	0
0	455
34	551
3	1145
41	1139
106	139
0	284
41	252
11	133
0	128
8	3671
0	1507
0	1313
3	3566
0	3671
17	715
165	3867
22	1746
0	1011
30	1205
16	481
0	259
1	3079
0	293
0	1149
0	79
0	818
0	0
0	0
0	0
0	0
0	0
0	0
0	0
0	0
0	0
0	0
0	0
0	0
0	0
0	0
0	0
0	0
0	0
10	59
0	56
4	12
0	10
0	0
0	0
0	0
0	0
53	4
0	1
0	3
14	0
0	0
0	16
0	152
448	599
2	292
29	204
13	233
0	0
79	902
171	5061
451	3667
123	2329
112	2613
472	1350
0	0
0	0
0	0
0	0
0	0
0	0
0	0
0	0
0	0
0	0
0	0
0	0
0	0
0	0
1426	4264
50	1108
424	4246
23	2326
41	49
12	49
0	3
0	0
0	0
0	0
1	362
0	38
0	19
0	357
1	98
0	0
0	0
0	0
0	0
0	1
0	25
10	358
368	395
0	9
0	38
0	0
0	0
0	0
0	0
0	0
0	0
0	0
0	0
0	0
0	0
0	0
0	0
0	0
0	0
185	65
0	40
0	0
0	25
0	3
9	38
0	7
0	0
0	0
0	88
1	87
0	149
0	88
0	36
0	10
0	0
0	0
0	46
0	63
0	46
0	59
0	60
0	44
0	15
0	6
0	24
0	1
0	17
0	356
0	105
4	14
0	14
0	3
0	5
0	5
0	5
0	3
1536	1266
31	9
0	505
0	383
0	207
0	0
0	0
0	0
0	0
0	0
4	1367
33	1365
0	1319
2	1254
0	30
11	1217
0	24
0	1359
0	35
0	149
0	72
0	115
0	3
8	213
0	246
0	140
0	0
169	13012
0	12834
62	12516
0	12817
1	8992
51	11093
249	11234
0	6537
0	5339
0	6452
0	8025
0	7494
0	5895
25	4283
0	464
0	2218
0	1631
0	457
0	1
0	3140
0	2513
0	3099
0	2514
0	2512
0	13
0	28
0	17
0	12
0	1
0	0
0	0
0	0
0	0
0	0
0	0
0	0
0	0
0	0
0	0
63	2178
0	2063
0	868
0	537
0	358
0	1
0	161
0	0
35	146
0	149
252	98
0	122
5	17
0	0
0	0
15	0
97	322
0	0
0	0
1	322
16	211
0	61
0	0
0	0
0	57
2	111
0	111
0	60
0	9
0	0
0	188
0	0
23	343
0	490
0	415
0	438
0	512
16	42
12	401
7	185
0	20
0	3
0	58
10	78
0	0
0	1089
0	1089
0	618
0	535
0	455
4	64
0	0
0	0
0	0
0	555
2	1956
5	1801
4	1685
5	105
7	1364
7	1527
0	1166
2	1284
0	225
0	22
10	97
1	0
0	0
0	0
0	0
0	0
0	0
0	457
8	619
4	628
4	257
15	154
0	34
0	89
0	0
0	172
4	185
0	89
0	134
0	163
18	36
142	352
4	352
0	0
0	0
0	0
0	0
0	941
0	752
0	1896
0	2010
2	888
0	945
0	34
0	22
1	1737
0	741
14	1479
0	0
0	0
0	0
0	0
0	0
0	0
0	0
0	0
0	0
0	0
0	0
0	0
0	0
0	0
0	0
0	0
0	0
0	0
0	0
0	0
784	670
0	8
0	16
2	506
4	609
0	41
0	0
0	0
0	0
0	0
516	479
8	479
0	9
0	9
0	4
0	7
0	2
0	0
0	0
0	0
0	0
0	0
0	0
0	0
0	0
0	0
4248	0
0	18683
0	19235
0	19093
0	19439
0	17686
36	16847
0	17845
6	1834
29	17006
23	2654
0	532
0	1754
0	251
0	609
0	507
0	417
3	413
11	322
0	0
554	338
0	425
0	19
0	21
0	0
0	66
0	168
0	7
0	3
0	1
0	0
0	0
0	0
0	0
0	0
0	0
0	0
0	0
0	0
0	0
0	0
0	0
0	0
0	0
0	0
0	0
0	0
0	0
0	0
0	0
0	0
0	0
0	0
0	0
0	0
0	0
0	0
0	0
1	422
0	407
1	175
0	165
0	6
0	8
0	0
0	0
0	0
0	0
0	0
0	0
0	0
0	0
0	0
9	3
0	3
0	0
0	0
89	8
0	8
0	0
0	0
0	1077
132	18017
1	741
3	17288
0	1655
9	17288
0	551
5	1291
0	1507
0	238
0	0
0	19
28	8
0	7
2	3
0	3
0	0
0	0
0	0
0	0
0	0
0	0
0	0
0	0
0	0
245	0
1275	4915
91	4237
126	4759
0	688
149	4670
70	0
0	0
0	138
1	138
0	66
0	1
0	0
0	0
0	0
0	0
0	0
0	0
0	0
0	0
0	0
0	0
0	0
0	0
0	0
0	0
0	1
0	1
0	0
0	0
1	3
3	2
1309	529
14	188
12	160
15	110
14	92
13	83
28	70
0	0
0	7
0	51
0	49
0	23
0	12
0	0
0	0
0	0
0	0
0	0
0	0
0	0
0	0
0	0
1259	269
0	74
0	159
0	86
0	17
0	0
0	0
0	0
0	0
0	0
735	0
0	0
0	0
0	0
0	30
316	145
0	33
40	132
0	35
0	58
0	23
1	244
0	115
2007	629
28	172
0	0
0	0
0	0
0	0
0	316
0	0
0	0
0	0
0	0
0	0
0	0
0	0
0	0
0	0
0	0
0	0
1	73
3	69
0	73
0	0
0	0
60	564
4	566
5	69
0	85
0	0
36	0
0	0
0	0
4	6
83	6
0	0
0	0
0	0
10	0
0	0
0	0
0	0
0	0
0	0
0	0
0	0
0	0
0	0
0	0
0	0
0	0
0	0
0	0
0	0
0	0
0	0
0	0
0	0
0	0
0	0
0	0
0	0
0	0
0	0
0	0
0	0
0	0
0	0
0	0
0	0
0	0
0	0
0	0
0	0
0	0
105	0
3	959
0	153
0	116
0	963
0	183
0	837
0	833
4	838
12	229
7	757
0	891
0	220
17	835
0	199
5	302
0	127
0	272
0	803
0	806
0	294
0	239
0	257
0	233
0	632
0	113
26	750
0	649
0	759
0	364
0	4
0	0
0	75
0	65
0	280
0	0
0	0
0	0
0	0
0	0
0	0
0	0
0	0
0	0
0	0
0	0
0	0
0	0
535	172
0	14
0	8
0	138
0	91
0	141
0	39
0	9
0	0
0	0
104	0
0	17
0	0
0	129
21	2456
0	24
0	286
1	1432
0	0
0	0
0	0
0	0
0	0
0	0
0	0
0	0
0	0
0	0
0	0
0	0
0	0
0	0
0	0
0	80
0	80
17	0
0	0
0	0
0	0
0	0
0	0
0	12
0	0
0	4
0	0
0	0
0	0
0	6
0	0
0	0
0	0
0	0
0	0
0	0
0	0
0	0
0	0
0	0
0	0
0	0
0	0
0	0
0	0
0	0
0	0
0	0
0	0
0	0
0	0
0	0
0	0
0	0
0	0
0	0
0	0
0	0
0	0
0	0
0	0
0	0
0	0
0	0
0	0
0	0
0	0
0	0
0	0
0	0
0	0
0	0
0	0
0	0
0	0
0	0
0	0
0	0
0	0
0	0
0	0
0	0
0	0
0	0
0	0
0	0
0	0
0	0
0	0
0	0
0	0
0	0
0	0
0	1
0	0
0	0
0	0
0	0
0	0
0	0
0	0
0	0
0	0
0	0
0	0
0	0
0	0
0	0
0	0
0	0
0	0
0	0
0	24
7	17
1	0
0	1
0	0
0	0
0	0
0	0
0	0
0	0
0	0
0	0
0	0
4	1
0	21
0	0
0	0
107	2627
10	36
0	3
0	3
0	19
0	0
0	0
0	0
0	471
0	1189
0	1484
0	251
0	1016
0	647
0	682
0	0
0	0
0	196
0	194
0	131
0	172
0	174
0	0
0	0
1	11
0	0
0	0
0	83
0	0
0	0
0	0
0	0
0	0
0	12
12	81
70	99
0	13
0	30
0	15
1	8
0	2
11	10
0	8
0	0
0	0
0	430
34	425
4	14
0	0
0	19
0	237
0	14
2	291
0	0
0	9
0	275
0	299
0	291
0	123
0	382
0	286
0	70
101	13
0	11
0	2
0	1590
0	1464
0	155
0	1717
0	1703
1	1205
0	1782
0	1132
0	74
0	85
0	47
0	63
44	234
0	1353
0	0
0	11
0	486
0	3
0	496
3	480
0	10
0	4
0	2
0	2
0	1
0	8
0	1
0	4
0	1
0	2
0	1
0	8
0	6
0	7
0	494
0	7
0	0
0	494
0	8
0	475
0	469
13	5
0	3
14	450
5	536
101	524
0	90
0	209
0	9
0	12
0	18
0	7
0	11
0	14
0	0
0	7
0	3
0	4
0	5
0	3
0	1
0	0
0	0
0	0
0	0
10	345
0	267
0	0
0	0
0	0
0	0
0	0
0	0
0	0
0	0
85	3
672	0
0	24
0	24
0	1890
0	624
0	0
0	0
0	0
0	26
2	29
0	36
0	28
0	966
0	966
0	0
0	0
0	0
0	0
0	0
0	0
0	0
0	0
0	0
0	0
0	0
0	0
0	0
0	0
529	355
0	148
0	89
0	248
6	233
7	259
189	456
9	82
0	1
0	0
37	3
0	3
0	3
0	0
0	0
0	1
0	0
0	0
0	1
0	1
0	0
0	1
0	1
0	0
0	0
0	1
0	1
0	1
0	1
0	0
0	0
0	0
0	0
1747	0
0	393
0	391
0	391
948	1354
243	837
222	1000
0	2
0	93
0	1
0	28
0	175
42	23
0	141
0	150
0	170
0	895
82	895
0	20
0	20
0	0
0	0
0	0
0	0
0	0
9	218
0	282
0	418
6	494
0	152
0	116
0	111
4	152
0	9
17	61
0	16
0	3
0	15
0	2
2	695
0	1202
339	1293
0	335
0	189
0	0
1252	280
141	242
0	20
0	20
0	38
0	0
0	0
0	27
0	43
0	0
0	40
0	5
0	4
0	19
0	590
0	615
0	73
0	129
0	148
0	0
2	472
1	468
0	29
0	62
0	30
1	342
0	302
0	0
0	444
0	38
0	67
0	399
0	349
0	312
0	0
0	0
0	0
0	0
0	1232
0	711
0	721
0	1136
0	1036
0	569
0	299
10	339
5	609
0	462
0	338
0	89
0	476
1	1046
0	55
0	166
0	3
0	112
0	0
0	0
0	0
0	0
0	0
0	0
0	0
0	0
0	0
0	0
0	0
0	0
0	0
0	0
0	0
0	0
0	1092
3	1327
0	649
0	106
0	318
0	1
0	295
0	241
0	10
0	2
0	0
0	0
1	0
0	0
0	0
0	0
0	0
460	37
0	22
0	15
27	18
0	10
0	0
0	18
1	6
0	6
0	6
0	17
2	21
0	10
0	4
0	3
0	6
0	0
29	1478
0	14
0	0
2	665
0	780
4	743
0	868
0	737
3	663
0	664
0	223
0	104
0	0
0	5
0	0
0	0
0	0
0	0
0	0
0	0
0	0
594	31
0	11
0	20
36	16
21	123
0	122
28	197
0	84
0	65
0	35
0	57
0	29
6	41
0	0
0	0
0	0
0	0
0	0
0	0
0	0
0	0
0	0
0	0
0	620
0	597
0	581
0	141
0	73
0	33
0	351
0	311
0	12
0	18
0	0
0	0
0	0
0	0
0	0
0	0
0	1056
0	637
0	569
0	595
0	19
0	99
0	41
0	106
0	5
0	3
0	112
0	0
0	0
0	0
0	0
0	0
0	0
0	0
0	0
0	0
0	0
0	0
0	0
0	0
0	0
0	0
0	0
0	0
0	0
0	0
0	0
0	0
0	0
0	0
0	0
0	0
0	0
0	0
0	0
0	0
0	0
0	0
0	0
0	0
0	21
0	2
0	80
0	80
0	0
0	0
0	0
2	1797
0	1797
0	1038
0	998
0	547
0	0
0	0
0	0
1	6
49	6
0	0
59	2379
0	1422
4	1392
4	177
0	7
0	0
0	1914
0	1914
0	1918
17	733
0	44
0	22
0	54
17	7
0	2
0	0
0	0
0	0
0	0
5	1843
0	0
0	0
0	0
0	0
0	0
0	0
0	1
0	0
0	1
0	0
0	0
0	0
0	0
0	0
0	0
14	21
0	7
7	31
0	5
0	5
1	0
0	0
0	0
0	0
0	0
0	0
0	0
0	0
0	16
0	0
0	9
111	61
0	0
0	0
0	0
0	0
0	0
0	0
0	0
0	0
0	0
0	0
0	0
0	0
0	0
59	1150
0	0
0	0
8	0
2	11
1	7
0	0
0	0
0	0
0	0
0	0
0	0
0	0
0	0
0	0
0	1
0	0
0	0
0	0
5	45
6	7
0	0
0	0
0	0
0	0
0	0
0	0
0	0
0	0
0	0
0	0
0	0
0	0
0	0
0	0
0	0
0	0
48	0
0	80
0	172
9	96
0	61
10	0
0	117
0	21
108	31
0	31
9	21
0	117
0	116
0	181
3	126
25	0
7	0
0	0
2	37
3	136
4	126
2	52
48	57
0	57
1150	482
0	482
0	0
0	0
0	0
0	0
0	0
0	0
0	0
0	0
0	0
0	0
2631	490
1	490
0	73
7	3
0	3
0	0
0	690
0	602
0	818
0	175
0	6
0	513
0	615
0	129
0	808
0	31
0	529
6	90
1	702
0	372
0	721
0	11
2	546
0	96
0	3
11	56
30	683
13	1124
12	632
0	26
2295	1354
0	348
8	421
17	112
0	0
0	0
0	7124
0	5682
81	5982
3	2234
3	596
6	1400
0	1052
23	822
0	324
21	534
0	0
0	0
0	0
0	0
0	0
0	0
0	0
0	0
0	5932
0	8313
1312	9302
76	1793
43	1122
0	104
0	222
24	1086
0	519
0	18
2	5
0	3
0	24
0	47
6	47
0	29
0	47
0	1
0	12
424	2295
288	2295
112	819
53	340
4	693
69	106
0	18
13	2
4	90
0	1064
305	1124
0	74
30	1105
0	928
0	926
51	1334
6	1060
0	125
0	924
0	49
0	726
0	9
0	342
0	356
0	0
0	109
0	12
0	0
0	0
0	0
0	0
0	0
0	0
0	0
0	0
0	0
0	0
0	0
0	0
0	0
0	0
0	0
0	0
0	0
0	0
0	0
0	0
0	0
0	0
2	5006
156	5266
55	1193
2	707
0	0
0	327
1466	1455
22	1238
0	733
0	379
0	587
0	45
2	673
1	400
0	425
0	33
0	289
0	263
0	321
70	244
1084	286
72	312
6	47
0	0
0	0
0	0
0	0
0	0
0	0
0	0
0	0
0	0
812	1557
0	218
0	9
135	1056
0	216
77	584
0	0
32	14
0	4
0	13
0	0
158	1965
0	1390
0	1508
3	1181
9	1151
0	0
0	4
0	96
0	163
0	55
0	138
0	20
0	0
0	0
0	0
0	0
0	0
0	104
0	73
0	29
14	1263
0	103
13	322
4	545
1	1215
0	226
0	109
1	1080
0	50
0	72
0	20
19	193
0	0
0	69
0	369
1	726
3	1704
0	1993
0	2217
86	2204
0	386
0	819
0	600
0	5
0	502
0	103
0	406
0	219
0	320
0	339
0	0
29	4
0	4
4	293
17	251
13	323
6	220
0	180
0	10
0	40
1	125
0	49
0	96
0	90
15	543
0	259
0	60
8	499
1	362
0	375
0	0
0	1
0	1
0	0
0	0
0	0
0	0
392	285
0	42
0	3
0	2906
0	2828
0	2906
104	1646
0	1023
0	439
0	227
133	0
0	72
1096	300
0	85
0	56
0	229
0	82
0	0
0	0
0	32
0	26
0	35
0	34
0	20
0	1
0	19
0	2
0	0
0	0
165	0
29	409
87	173
0	434
0	4
32	412
0	314
0	116
597	243
6	243
0	0
0	1
0	1
0	0
0	0
0	0
3	867
0	875
12	687
6	529
4	359
0	64
0	31
0	7
4	2820
0	2758
0	1419
0	2517
0	232
0	1385
0	92
0	11
0	108
0	61
0	182
0	81
0	254
0	16
0	134
0	585
163	2154
29	1985
8	25
0	569
0	1339
0	875
0	24
0	845
0	226
0	660
0	25
0	204
0	4
10	11
1	67
16	1074
0	862
36	971
0	608
0	80
0	95
5	1526
8	1460
0	1375
8	1014
9	1254
0	252
0	107
22	155
0	49
0	223
0	82
0	84
0	320
0	0
0	0
681	1942
0	1811
0	448
8	1788
0	1512
8	197
0	550
2	415
0	301
0	105
0	90
0	287
0	67
0	231
6	237
0	159
0	204
0	51
0	107
0	105
0	41
0	29
0	0
0	0
0	0
0	0
0	0
0	0
0	0
0	0
0	0
0	0
0	0
0	0
0	0
0	0
0	0
0	0
0	0
0	0
0	0
0	0
558	3566
3	1812
4	2104
16	1046
5	1192
3	1150
2	717
0	3268
2	3154
16	3276
16	3082
0	2396
0	2297
0	2176
0	396
0	8
0	13
0	113
0	101
0	113
21	413
0	26
0	104
0	45
0	42
0	15
0	25
0	0
0	0
0	5
0	5
0	6
23	32
0	0
0	1
0	25
0	2
0	0
0	39
0	41
0	45
0	27
0	4
0	0
0	2
0	0
0	0
0	0
0	120
4	813
0	192
5	787
0	118
0	178
0	190
0	70
0	34
0	154
0	151
0	98
0	156
0	6
0	26
0	35
0	130
16	50
0	1
0	0
0	0
0	0
0	0
0	0
0	0
0	0
0	0
0	0
0	0
0	0
0	0
0	0
0	0
0	0
0	0
0	0
0	70
0	0
44	992
1	813
0	199
4	449
3	208
0	206
0	18
0	57
0	163
0	115
0	46
0	0
0	0
0	0
0	0
0	0
0	0
0	0
0	0
0	0
0	0
0	0
0	0
0	0
0	0
10	248
0	285
0	274
0	371
0	420
1	372
0	358
2	402
0	236
0	78
0	50
0	34
0	34
0	3
0	4
0	0
0	0
0	0
0	0
0	0
0	0
0	0
0	0
0	0
0	0
0	0
0	0
0	0
69	184
14	194
9	120
0	21
0	21
0	0
0	0
0	0
0	0
0	0
0	0
0	0
203	441
0	441
0	0
0	0
0	0
0	0
0	0
0	0
0	0
0	0
0	0
0	0
0	0
0	0
0	0
0	0
0	0
0	0
0	0
0	0
0	0
0	0
0	0
0	0
0	0
0	0
0	0
0	0
0	0
0	0
0	0
0	0
0	0
0	0
0	0
0	0
0	0
0	0
0	0
0	0
0	0
0	0
0	0
0	0
0	0
0	0
0	0
0	0
0	0
0	0
0	0
0	0
0	0
0	0
0	0
255	0
11	0
0	0
0	0
0	0
0	0
0	0
0	0
0	0
0	0
0	0
0	0
0	0
0	0
0	0
0	0
0	0
0	0
0	0
0	0
0	0
0	0
0	0
0	0
0	0
0	0
0	0
0	0
0	0
0	0
0	0
0	0
0	0
0	0
0	0
0	0
0	0
0	0
0	0
0	0
0	0
0	0
0	0
0	0
0	0
0	0
0	0
0	0
0	0
0	275
102	287
0	269
0	131
0	12
0	0
0	0
0	103
0	103
0	104
0	53
46	115
0	100
0	0
0	0
0	0
0	0
0	0
0	0
0	0
0	0
0	0
0	0
0	0
0	0
0	0
0	0
0	0
0	0
0	0
0	0
0	0
0	15
0	5
0	15
0	4
0	4
0	5
0	7
0	0
0	1
0	0
0	0
0	0
0	0
0	0
0	0
0	0
30	1252
0	1011
0	1281
34	249
0	1048
2	445
33	39
158	456
0	33
0	426
0	224
57	4761
166	5273
25	2065
0	657
0	968
55	15
0	0
0	15
0	0
0	0
0	0
251	3392
25	2870
203	2999
1	2487
75	2741
0	418
6	1607
22	25
1	1584
0	1420
0	38
0	0
0	0
0	0
0	178
0	82
0	82
0	58
15	37
0	28
0	54
0	18
0	10
0	7
0	12
0	13
0	16
0	8
0	0
0	0
1333	715
0	712
0	544
0	14
30	243
0	112
0	79
0	0
0	0
0	0
0	0
0	0
0	0
0	0
0	0
0	18
3	18
7	456
72	1602
1	202
0	31
0	70
0	43
0	1042
0	7
0	52
0	7
0	27
0	35
0	16
0	1250
2	1147
0	894
120	1581
2	1058
0	220
18	41
0	0
0	199
14	90
4	2263
1	2287
0	1912
0	2247
7	2271
15	2266
5	2228
0	853
0	567
0	511
0	39
112	0
0	0
0	1
2	68
7	187
1	177
0	36
0	48
0	160
0	144
0	21
0	16
0	4
0	32
0	61
313	1026
0	834
0	1061
5	311
0	266
8	301
36	0
0	444
87	514
0	211
2	230
0	42
15437	42368
30	3880
138	37662
5	39504
47	37224
0	0
0	0
0	0
0	0
0	0
0	0
0	0
0	0
0	30206
0	34985
2	26861
70	25870
0	32018
946	31670
928	31987
940	25088
3	17076
0	15048
410	9394
0	3085
0	5601
37	8076
0	5800
0	3503
0	1
80	1959
7	3337
0	2677
4	4523
0	0
0	0
0	0
0	0
0	0
0	2286
9	1888
2	2026
0	2687
9	1335
12	1226
7	401
0	329
40	1225
0	1742
59	7545
0	7112
0	8287
0	7274
0	1034
6	1764
0	1756
0	1176
0	1390
0	8205
0	775
15	1331
32	716
0	2544
30	2253
0	742
20	226
38	837
71	95
41	139
0	0
0	0
127	1565
43	961
18	1311
0	767
0	1289
2	448
0	317
23	895
12	818
11	430
2	546
0	0
0	0
0	0
0	0
0	0
0	0
0	0
10	235
0	1
915	371
0	229
0	0
0	125
0	0
0	0
0	3
0	0
0	15
54	58
0	50
0	2
0	12
0	10
0	7
0	0
0	0
0	0
0	17
4	17
0	2
0	0
0	0
0	0
0	0
0	0
1645	770
0	31
0	4
0	0
0	105
0	0
15	630
0	0
0	0
0	0
0	0
0	0
0	0
0	0
89	18520
102	18642
5	1026
15	9629
6	796
25	457
32	3085
0	336
0	1155
0	808
0	0
2	2689
24	2491
0	9
128	1626
0	1066
1771	0
0	0
5	1894
0	1964
6	297
0	206
9	239
0	48
775	306
0	306
0	65
0	41
0	788
0	790
0	675
0	795
0	793
3	131
2	92
3	134
4	187
0	68
29	55
22	1091
23	89
76	1231
0	783
4	1061
0	266
0	637
0	0
0	25
6	484
1	648
5	574
14	303
0	647
0	178
0	256
0	261
1	65
0	19
0	34
0	0
0	0
0	1041
0	1031
4	1035
0	201
0	71
0	0
0	521
0	0
0	0
0	0
0	0
0	0
0	0
0	0
0	0
0	0
0	0
0	0
0	152
0	20
0	100
0	482
0	500
1	503
0	502
0	499
0	499
0	509
1	493
0	503
0	38
0	4
0	503
0	452
0	21
0	253
0	166
0	62
0	470
0	314
0	468
0	29
0	2
0	22
0	109
0	100
0	84
0	22
0	0
0	32
60	83
0	83
0	80
0	44
45	55
4	32
4	41
0	0
0	0
0	0
0	0
0	0
0	0
0	301
0	322
6	191
0	19
5	665
72	295
11	545
1	793
0	725
11	474
13	440
26	17
0	275
0	175
14	65
22	63
2	65
0	0
0	0
0	57
6	530
0	291
47	612
0	530
0	211
0	9
75	99
24	65
1	411
0	209
0	7
0	7
0	5
0	5
0	6
0	6
0	8
0	8
0	2
0	8
0	8
0	0
0	0
0	0
0	0
0	0
0	0
0	0
0	0
0	0
0	0
0	0
0	0
0	0
0	0
0	0
0	0
0	0
0	0
0	0
0	0
0	0
0	0
0	0
0	0
0	0
0	0
0	0
0	0
0	0
0	0
0	0
0	0
0	2
0	2
0	2
0	0
0	2
0	30
0	30
0	25
0	25
0	0
0	9
0	0
0	11
0	0
0	4
0	694
6	478
0	488
0	691
135	566
0	440
18	238
0	13
3	206
0	255
20	262
0	232
19	230
0	114
0	93
0	48
0	357
0	1142
15	1135
0	68
42	1046
5	811
0	192
0	214
0	353
0	287
0	81
4	253
0	177
0	16
0	23
0	0
0	489
42	374
24	461
0	484
12	82
0	215
0	121
0	42
0	98
0	40
6	536
83	1603
20	1488
0	949
3	910
0	276
0	252
0	357
0	35
0	696
5	697
3	613
4	653
39	387
0	79
18	38
10	30
0	29
0	7
0	0
0	8
0	8
0	0
0	0
1	6866
9	5392
285	8304
0	3320
31	8438
7	1716
0	1494
0	8559
0	3166
63	944
0	4306
3	8402
0	1438
0	3726
0	8168
0	2912
0	4313
0	1386
0	2247
83	2928
4	1320
64	77
6	80
0	7
36	371
0	189
0	263
0	40
1	94
5	263
1	84
0	159
1	268
0	59
0	210
0	73
0	32
0	187
1	264
0	46
0	42
63	1300
8	1300
0	39
0	6
0	26
0	4
0	166
0	0
0	0
0	0
0	0
0	0
0	1
0	5
4	5
0	0
0	0
0	0
0	0
2	140
12	182
0	826
11	9
1	937
11	698
4	688
0	33
0	69
2	274
0	102
0	175
0	185
11	761
25	20
0	273
42	246
14	31
0	516
0	2875
6	2078
0	2566
0	2699
0	2511
25	2770
0	2734
0	2867
11	2640
0	2692
10	2726
0	2568
0	2629
3	2680
0	2770
19	1028
0	489
0	453
0	205
12	434
0	513
0	152
0	549
1	366
0	158
0	2
6	2018
18	1346
0	4
3	2497
8	2546
8	553
92	1932
0	2070
0	239
70	589
0	8
0	224
0	790
0	506
0	0
11	626
51	152
5	608
0	644
0	518
0	568
0	0
0	436
0	527
0	32
0	0
71	571
0	2281
0	2273
0	2279
4	305
0	2056
0	1396
14	89
0	7
1	1342
0	1298
0	1357
0	602
0	251
0	27
0	88
0	46
0	174
0	10
0	76
0	0
963	0
0	0
268	454
18	319
4	378
56	288
0	167
0	12
11	1134
54	1094
5	297
0	14
0	17
0	0
0	364
0	365
0	218
0	27
0	0
0	0
0	0
0	2822
6	3015
0	2914
0	25
25	1029
0	974
0	1994
3	384
0	348
0	8
0	54
1	444
0	409
0	250
0	286
45	5
0	10
0	0
0	0
0	0
74	0
0	0
46	4861
0	2634
0	3489
0	2463
0	2386
0	3472
18	3434
0	2796
0	1219
0	2861
0	467
31	1167
0	1479
0	1275
0	986
0	1058
0	307
0	0
1697	408
0	10
0	151
29	528
14	177
0	145
0	263
0	311
0	111
0	0
0	0
0	0
0	0
0	0
35	0
0	0
0	0
0	179
0	5287
0	0
0	0
15	0
123	3959
0	5424
0	5931
0	2
39	76
0	939
216	5508
0	347
9	4416
0	1444
134	4280
0	1142
0	4550
0	464
12	1893
0	983
1	1898
0	998
0	160
0	52
0	5691
0	769
74	4624
176	19649
0	101
13	19663
0	16552
0	18849
0	2529
38	19649
130	984
17	7645
0	792
0	1274
0	4729
0	1118
0	0
4	920
0	959
49	920
0	35
0	5
1	403
0	194
0	22
0	194
0	579
0	11
0	323
0	89
0	808
0	313
0	21
0	5
0	36
0	34
0	44
0	36
0	35
0	41
0	43
0	38
0	35
0	37
0	43
0	41
0	3
0	2
0	2
1	199
84	234
0	35
0	0
0	0
0	93
5	111
0	33
0	111
9	103
0	10
0	135
0	73
0	0
0	48
0	0
3	290
0	393
1	340
0	146
0	411
0	165
0	108
0	57
0	79
0	85
0	71
0	0
437	6973
35	5993
73	6358
0	1946
6	6358
12	5714
0	2000
19	1272
0	1009
0	1229
0	1402
0	854
0	739
0	404
0	674
0	0
0	0
0	0
0	0
0	0
0	0
0	0
0	0
0	0
0	0
0	0
0	0
0	0
0	0
0	0
0	0
0	0
0	0
0	0
0	0
0	0
0	0
0	0
0	0
0	0
0	1
0	0
0	0
0	0
0	0
0	0
0	0
0	0
0	0
0	0
0	0
0	0
0	0
0	0
0	0
0	0
0	0
0	0
0	0
0	0
0	0
0	0
0	0
0	0
0	0
0	2091
52	2173
40	1682
0	471
0	393
0	93
0	6
0	0
0	0
61	331
0	331
0	2
0	17
0	0
0	14
0	14
0	0
0	0
0	0
0	0
0	0
0	368
171	538
1	373
18	127
0	164
254	352
0	302
0	198
0	59
0	109
0	137
0	6
0	13
18	27
0	44
0	79
0	99
0	88
0	11
0	55
0	0
0	0
0	0
0	0
0	0
0	0
0	0
88	0
0	0
0	0
0	0
0	0
0	0
0	0
0	0
0	0
111	0
6	0
0	0
0	0
0	0
0	0
0	0
0	0
0	0
0	849
216	1534
42	1232
12	361
8	300
3	295
3	599
45	695
0	258
0	21
13	168
0	228
0	89
16	93
0	0
6	162
0	13
0	589
93	1416
71	1415
0	928
0	381
12	148
0	3720
0	3663
9	3712
0	3687
33	3616
0	923
913	3555
0	1301
1	941
0	1090
0	143
47	280
4	92
0	64
48	158
0	17
0	62
26	768
3	880
0	812
0	271
0	139
0	74
0	0
0	0
0	0
0	0
0	0
0	0
0	0
0	0
0	0
0	0
0	0
0	0
0	0
0	0
0	0
0	0
0	0
0	0
0	0
0	0
0	0
0	0
57	859
10	332
3	752
0	42
0	30
0	87
0	19
0	0
0	0
0	0
0	0
35	1
279	17
0	17
0	9
0	0
0	0
0	0
0	0
0	0
0	0
0	0
0	0
4	782
1	1639
54	910
97	1140
0	0
47	639
119	453
20	255
16	17
0	17
0	0
0	0
0	0
0	0
7	107
0	107
0	114
0	109
0	103
0	112
18	119
13	100
0	12
0	6
0	23
0	10
0	0
0	0
0	0
0	0
0	0
0	0
0	0
0	0
0	0
0	0
0	0
0	0
0	0
0	0
0	0
0	0
0	0
0	0
0	0
0	0
0	0
0	0
0	0
0	0
0	0
0	0
0	0
0	0
0	0
0	35
0	0
0	0
0	0
0	0
0	0
30	27
0	27
0	0
0	0
0	0
0	0
0	0
0	0
0	0
0	0
0	0
0	0
0	0
0	0
0	0
0	0
0	0
0	0
0	0
0	0
0	0
0	0
0	0
0	0
3	8
0	0
0	6
0	6
0	6
0	3
0	0
0	0
0	0
0	0
0	0
0	0
0	0
0	1
0	0
0	0
0	0
0	0
0	0
0	0
0	0
0	0
0	0
0	0
0	0
0	0
0	0
0	0
0	0
0	0
0	0
0	0
0	0
0	0
0	0
0	0
0	0
0	0
0	0
0	0
0	0
0	0
0	0
0	0
0	0
0	0
179	91
0	60
0	31
0	0
0	0
0	0
0	0
0	0
0	0
0	0
0	0
0	598
0	1374
46	1543
0	6441
0	7148
0	7136
13	6522
0	7173
0	5799
2	5447
0	122
0	1972
4	2274
0	0
330	312
0	51
0	147
0	115
0	0
0	0
0	0
0	0
0	0
0	0
0	0
0	1
0	1
0	0
0	1
0	0
0	0
0	0
0	0
0	0
0	0
0	0
0	0
0	0
0	0
0	0
0	0
0	0
0	0
0	0
0	0
0	0
0	0
0	0
0	0
0	0
0	0
0	0
0	0
0	0
0	0
0	0
0	0
0	0
1	119
0	119
1	119
0	0
0	0
0	0
0	0
0	0
0	0
0	0
0	0
0	0
0	0
0	0
0	0
0	0
0	0
0	0
0	0
0	0
0	0
0	0
0	0
0	0
0	0
0	0
0	0
0	0
0	0
0	0
0	0
0	0
0	0
0	0
0	0
46	11357
1271	11730
0	3936
93	5121
0	4440
0	0
0	0
0	0
0	0
0	0
0	0
0	0
0	0
0	0
0	0
0	0
0	0
0	0
0	0
0	0
0	0
0	0
0	0
0	0
0	0
0	0
0	0
0	0
0	0
0	0
0	0
0	21
73	21
0	0
0	0
0	2587
16	2220
6	2582
0	1037
0	861
0	0
0	0
0	0
0	0
0	0
0	0
0	0
0	0
0	0
0	0
0	0
0	0
0	0
0	0
0	0
0	0
0	0
0	0
136	3906
16	1289
29	3858
15	1044
0	0
1	1273
19	1242
0	1241
0	41
0	45
0	239
7	753
4	169
81	154
124	106
10	164
0	412
0	371
17	321
19	165
0	137
0	101
0	5
0	884
0	186
0	2
8	3
0	30
23	1731
5	1583
0	0
0	472
0	117
0	302
0	326
2	396
0	28
0	239
0	11
1	193
73	4482
79	4492
30	2182
0	5
0	1
3	193
0	0
0	16
0	0
2	696
0	689
0	8
0	19
0	0
0	10
0	9
0	6
397	427
2	288
0	112
0	237
11	69
44	203
13	0
0	0
17	0
0	0
77	1653
1	1736
0	283
0	0
0	0
2	673
0	752
0	27
0	111
0	112
0	104
4	105
17	92
0	0
2118	1645
0	850
199	1278
196	706
0	0
12	5
0	26
0	11
0	15
0	40
0	4
0	4
0	8
0	5
24	10
10850	14753
400	14753
61	6494
0	0
82	12289
8	12697
24	12825
1	13276
68	13626
6	22
0	16835
0	14438
49	15073
0	2955
462	11278
65	0
0	0
0	485
0	70
10	423
3	491
98	157
0	108
0	113
0	139
0	0
21	89
0	190
0	7
0	5
8	7
0	5
0	0
0	0
0	0
0	0
0	0
0	149
0	0
36	0
0	0
0	0
0	0
0	0
0	626
2	720
10	203
4	212
0	74
0	15
18	487
4	219
0	0
0	425
4	284
0	635
39	396
14	682
4	502
28	57
3	768
0	798
26	324
0	301
34	377
0	93
0	160
15	365
0	206
0	148
0	71
7	5966
0	5039
0	6618
13	5421
0	2831
0	35
4	117
0	0
0	0
0	0
0	0
0	47
0	36
0	6
0	47
0	40
0	14
0	6
7	32
0	286
805	286
3	415
7	753
0	232
0	123
7	220
0	640
0	443
0	747
11	548
0	0
13	71
0	500
1	187
4	457
0	224
0	87
0	0
25	792
0	795
0	780
0	284
4	530
6	328
0	348
0	348
0	215
1	319
0	112
0	0
3	727
988	1246
51	583
0	0
10	352
0	30
0	329
0	139
0	505
3	488
0	51
0	420
0	52
1	284
0	73
0	121
5	83
0	116
0	126
0	14
0	32
2	25
0	43
0	27
0	95
0	14
0	2
0	12
0	14
0	17
2	22
0	11
0	47
4	80
6	85
0	33
0	678
29	526
13	602
1	533
0	8
20	228
0	343
52	434
2	313
0	262
0	69
0	162
0	54
34	3
0	0
0	3
0	581
0	795
461	2488
0	877
0	2348
43	1116
0	35
0	1042
0	428
26	1074
4	279
0	960
0	248
0	165
0	77
0	4
0	0
7	4
0	0
0	0
0	0
0	0
0	0
0	0
0	0
0	0
0	0
0	0
0	0
0	413
0	459
0	377
0	117
0	47
0	127
10	458
0	11
0	2
0	0
0	0
0	18
0	18
0	18
0	0
0	18
0	16
0	15
0	0
0	0
0	0
0	0
0	0
0	13
0	13
0	2
0	2
0	2
0	2
0	2
0	2
0	2
0	2
0	2
0	0
0	0
0	0
0	0
0	0
0	0
0	10
0	0
0	0
0	0
0	0
0	0
0	20
0	27
1	27
0	13
0	8
0	5
347	1329
0	1
126	887
9	315
13	262
0	99
74	303
156	656
0	52
0	9
0	18
0	0
0	0
0	0
0	0
1	0
0	0
0	0
0	38
13	40
0	13
0	0
0	3
0	35
0	0
0	2
0	24
0	9
0	20
0	0
3	19
0	1
0	22
21	32
0	0
0	0
0	0
0	0
0	0
0	0
0	0
0	0
0	0
0	0
0	11
0	33
16	506
0	500
0	86
20	451
0	459
0	183
0	184
40	32
0	23
0	24
66	32
0	0
0	0
0	0
0	0
0	0
0	0
0	0
0	0
0	0
0	0
62	999
72	1028
88	1149
110	969
63	390
0	0
0	0
0	0
0	0
0	0
0	3835
5	3771
0	2908
0	2749
0	2263
1	2126
12	2623
0	136
37	1020
0	1112
0	1061
0	3631
0	805
10	3153
8	59
0	20
0	17
0	20
0	17
41	51
0	0
0	229
113	311
1	135
0	24
0	22
0	0
1332	63
0	34
0	0
0	0
0	0
0	0
0	0
0	0
0	0
0	0
0	0
0	0
0	0
0	0
0	0
0	0
0	0
0	0
0	0
0	0
0	0
0	0
0	0
0	0
0	0
0	0
0	0
0	0
0	0
0	0
22	5391
10	5271
0	5492
0	1718
0	0
0	0
0	1437
125	1433
0	0
0	1275
0	1271
0	20
8	300
0	0
0	3
0	4
0	38
0	40
0	3
0	4
0	0
107	466
0	154
15	89
1	167
6	553
0	101
0	57
10	89
0	99
0	1
0	0
0	0
0	0
0	0
0	0
0	0
0	0
0	0
0	0
0	0
0	0
0	0
0	0
0	0
0	0
0	0
0	0
0	0
0	46
0	46
9	46
0	29
0	9
0	20
0	18
0	0
0	11
0	6
0	3
0	0
0	0
1	0
0	0
0	0
0	0
0	3
4	3
0	1
0	1
0	0
0	0
0	135
0	179
0	746
0	304
29	927
0	1007
0	23
10	125
0	307
0	197
0	25
0	0
0	0
0	0
0	0
0	0
0	0
0	0
0	0
0	0
0	0
0	0
0	0
0	0
0	0
0	0
0	0
0	0
0	0
0	0
0	0
0	0
0	0
0	0
0	0
0	0
0	0
0	0
0	0
0	0
0	0
0	0
0	0
0	0
0	0
0	0
0	0
0	0
0	0
0	0
0	0
0	0
0	0
0	0
0	0
0	0
0	0
0	0
0	0
0	0
0	0
0	0
0	0
0	0
0	0
0	0
0	0
0	0
0	0
0	0
0	0
0	0
0	0
0	0
100	430
3	160
0	0
0	0
0	398
31	429
0	397
0	21
0	429
0	421
0	0
0	0
0	59
0	111
677	801
0	179
0	243
0	291
0	136
0	0
0	0
0	0
0	0
0	0
0	0
10	1241
0	1236
0	1241
12	899
70	824
0	186
19	219
0	250
0	180
6	0
0	0
141	889
59	1582
6	607
0	245
0	586
0	325
0	445
16	1140
0	149
0	0
0	0
0	0
0	0
0	0
0	0
0	0
0	0
0	0
0	0
0	0
0	0
0	0
0	0
1	99
0	0
0	0
0	0
0	0
0	0
0	0
0	0
0	0
0	0
0	0
0	0
0	165
318	1150
477	1149
5	372
114	372
0	0
0	0
0	0
0	0
0	0
0	0
0	0
0	0
0	0
0	0
0	0
0	0
0	0
0	0
0	0
0	0
0	0
0	0
0	0
0	0
0	0
0	0
0	0
0	0
0	0
0	0
0	0
0	0
0	0
0	0
0	0
0	0
0	0
0	953
0	0
0	9
0	954
0	1
0	31
0	931
0	5
0	952
0	954
4	958
0	96
0	23
5	914
0	0
0	1
13	0
0	0
0	0
0	0
0	0
0	0
0	0
0	0
0	0
0	0
0	0
0	0
415	0
0	0
49	0
7	3566
297	3632
0	411
50	65
20	0
20	65
0	0
0	61
0	1384
2	418
67	1186
0	251
0	236
0	213
103	365
0	228
0	128
0	0
0	0
0	0
0	0
0	0
0	0
0	0
265	875
81	866
0	339
40	171
0	274
2	1634
57	1989
15	920
59	1958
0	1843
0	343
0	149
0	0
31	772
0	73
0	0
7	246
0	0
0	0
0	0
0	0
0	0
0	0
0	0
0	0
0	0
0	0
1203	242
32	242
0	0
0	0
0	68
0	46
0	255
2682	781
0	465
0	369
0	0
11	159
0	141
0	103
0	113
0	0
0	0
0	0
0	0
0	0
0	0
0	0
0	0
0	0
0	0
0	0
0	0
0	0
0	0
0	0
0	0
0	0
0	0
0	0
0	0
0	0
81	495
3	493
0	108
0	17
0	20
3	282
10	331
0	288
0	54
0	151
0	115
13	151
0	79
0	76
0	10
0	82
1	76
0	0
0	181
166	364
12	364
0	102
0	162
0	0
0	0
0	0
0	0
0	0
0	0
0	0
0	264
10	223
0	264
9	175
0	219
0	0
8	0
0	0
1	18
0	18
0	0
0	0
0	0
0	0
0	0
0	0
0	0
3	333
0	55
28	58
0	53
1	494
0	59
0	466
0	494
17	362
377	427
0	0
0	427
5	78
0	130
1	152
0	0
0	0
0	0
0	0
0	0
0	0
0	0
0	0
0	250
31	250
0	132
34	357
0	316
0	328
9	194
8	141
0	0
0	1093
3	1025
0	1207
0	1147
0	12
0	149
0	0
0	0
0	0
0	0
0	0
0	0
0	0
0	0
0	0
0	0
0	0
0	0
0	0
0	0
0	0
0	0
0	0
0	0
0	144
0	47
1	131
0	18
12	122
0	15
0	0
0	0
0	1
0	1
14	2
0	1
0	1
0	0
0	0
0	0
0	0
0	0
0	0
0	0
0	0
0	0
0	0
0	0
0	0
0	0
0	0
0	0
0	0
0	0
0	0
0	0
0	0
0	0
0	0
0	0
0	0
0	0
0	0
0	0
0	0
0	0
0	0
0	0
0	0
0	0
0	0
0	0
0	0
0	0
0	0
0	0
0	0
0	0
0	0
0	18
0	45
67	102
2	41
0	16
0	0
0	0
0	0
0	0
0	0
0	0
0	570
3	616
0	7107
0	7065
0	132
0	33
0	7007
0	24
0	0
60	5043
31	4436
160	3624
82	946
37	73
0	0
0	0
0	0
0	0
0	0
0	0
0	0
0	0
0	7
0	1
96	103
7	77
2	56
0	10
0	0
0	0
0	0
0	0
10	185
1	1736
0	1632
0	2005
2	55
9	416
0	1
0	0
0	0
0	0
0	0
0	0
0	0
0	0
0	0
0	0
0	0
0	0
0	0
0	0
0	0
0	0
0	0
0	0
0	0
0	0
0	0
0	0
11	166
0	166
0	31
0	0
0	0
0	0
0	0
0	0
0	833
0	833
10	843
0	400
0	899
0	4
0	101
0	8
0	1
0	25
0	0
0	0
0	0
0	0
0	0
0	0
0	0
0	0
0	0
0	0
0	0
0	549
57	549
0	0
0	0
0	0
0	0
30	7
1	7
10003	13264
139	1735
1096	11547
0	0
0	0
0	0
0	0
0	0
0	4
25	4
0	0
0	0
0	34
879	361
57	270
0	278
0	101
2	0
0	0
230	900
0	767
0	791
0	516
0	275
0	232
0	194
0	45
46	0
0	0
1789	337
0	336
0	0
12	0
22	1199
39	343
0	2080
0	1919
9	752
0	1099
0	2941
1	2464
0	1659
14	2144
0	2099
8	623
17	1097
0	563
0	2684
22	284
0	81
0	1316
8	1064
6	664
23	953
0	1228
0	341
2	888
15	151
20	192
37	139
0	5
0	17
0	0
0	67
0	76
0	38
515	76
0	0
0	0
0	0
0	0
0	0
0	1821
29	1822
4	594
0	46
0	16
0	4
0	0
0	0
0	0
0	0
0	0
0	0
0	0
0	0
12	2320
446	4054
41	1067
0	2426
0	163
0	8
122	827
0	288
14	444
0	302
0	649
0	835
0	692
0	677
63	1332
2	368
0	127
6	363
0	1317
13	304
0	29
0	71
0	0
0	0
0	0
0	0
0	0
0	0
0	0
13	1
0	0
0	0
0	0
0	0
58	12181
0	932
0	655
173	15301
0	3767
117	9923
0	431
671	7208
0	744
0	445
285	334
80	334
0	0
0	0
0	0
0	0
0	0
1	1054
15	1095
0	1068
1	575
0	37
0	65
0	0
0	0
0	0
0	0
0	0
0	0
0	0
0	0
0	0
0	0
0	173
10	495
35	608
0	529
0	47
12	439
0	134
0	86
0	55
0	58
0	0
0	0
0	0
0	0
0	0
0	0
0	0
0	0
0	0
0	0
0	0
0	0
0	0
0	0
0	0
0	0
0	0
0	0
0	0
0	0
0	0
0	0
0	0
0	0
0	0
0	0
0	0
0	0
0	0
0	0
0	0
0	0
0	0
0	0
0	0
0	0
0	0
0	0
0	0
0	0
0	0
0	0
0	0
0	0
0	0
0	0
0	0
0	0
0	0
0	0
0	0
0	0
0	0
0	0
0	0
0	0
0	0
0	0
0	0
0	21
0	21
0	1
0	20
0	18
19	21
0	0
0	2
2	32
0	27
0	0
0	0
0	0
0	1
93	642
0	114
8	625
0	67
0	68
0	11
0	16
0	31
0	24
0	13
0	0
0	0
0	0
0	0
0	89
1101	89
0	0
597	276
3	14
12	174
0	276
0	12
7	136
0	33
176	261
0	232
0	149
0	114
0	137
0	114
0	124
0	51
0	42
0	46
0	0
0	0
0	0
0	0
0	0
0	0
0	0
0	0
0	0
11	1864
0	1860
12	1943
17	328
0	0
0	0
0	0
0	0
0	0
0	0
0	0
0	0
0	0
0	0
0	0
0	0
0	0
0	0
0	0
0	1
16	55
0	0
0	0
0	0
0	0
0	0
0	0
0	0
0	0
0	0
0	0
0	0
0	0
0	0
0	0
0	0
0	0
0	0
0	0
243	280
1	345
638	171
4	104
12	0
24	8
0	22
3	6
0	3024
0	2331
50	3500
0	3495
0	226
0	372
0	165
0	10
0	696
0	76
0	177
0	633
0	0
0	0
0	0
1134	1596
0	63
0	24
10	101
0	22
4	1409
0	25
0	1
2	772
11	642
0	162
0	0
0	0
0	0
268	1099
3	240
66	1076
81	469
19	33
0	1
0	0
0	30
0	513
0	619
7	34
0	0
0	220
0	58
27	570
0	0
0	0
0	0
0	0
0	0
230	730
25	706
0	28
0	13
0	19
0	0
0	0
0	0
0	0
0	0
24	11
0	9
0	1
0	1
0	63
0	2
0	0
0	0
0	0
3	1547
162	1547
1	1334
0	0
0	1319
0	1380
0	1232
0	97
27	294
0	697
0	1380
0	183
0	194
1664	0
0	0
0	0
0	0
0	0
0	140
11	108
0	787
0	786
0	653
0	684
0	657
0	801
0	813
0	778
0	0
0	0
0	0
0	0
0	0
23	0
0	0
0	0
0	0
0	0
0	0
0	0
0	0
0	0
0	0
0	1438
2	1311
0	1283
0	1441
0	885
93	1450
34	460
5	347
0	341
29	149
0	155
0	308
0	123
0	0
0	0
0	0
0	0
0	0
0	0
0	0
0	0
0	0
0	0
0	0
0	0
0	0
0	0
0	0
0	0
0	0
0	0
0	0
0	0
0	0
0	0
0	0
0	0
0	0
0	0
181	197
15	197
828	0
0	0
0	0
0	0
0	0
0	0
0	0
0	0
0	0
0	0
0	0
0	0
0	14
0	0
0	23
10	12
0	7
0	4
0	0
0	26
0	7
0	26
0	22
0	0
2635	3706
3	665
0	0
0	214
0	53
0	791
0	2774
6	1621
0	0
0	0
0	0
0	0
0	0
0	1
0	0
0	0
0	0
0	0
0	0
1730	852
0	129
8	191
0	146
7	122
14	264
0	0
0	0
0	0
0	0
0	0
1	22
0	22
0	1
0	0
0	0
0	0
0	0
0	0
0	213
9	2848
0	73
0	1824
0	48
0	1180
0	2962
5	2145
0	2959
0	20
0	1
0	0
0	0
0	198
0	25
0	28
0	0
14	2244
0	2399
34	2700
0	2714
0	157
0	154
0	548
424	6584
929	1433
1054	5715
700	5401
14	87
6	526
14	526
0	0
0	0
0	0
0	0
0	0
0	0
0	0
0	0
0	763
14	641
3	695
0	164
89	128
8	659
0	677
0	124
0	125
0	1
0	579
0	124
0	558
0	560
0	104
0	340
0	34
0	290
0	11
0	0
0	0
0	0
0	0
0	0
0	0
0	4
0	0
0	4
0	0
0	0
0	0
0	0
9	985
24	964
18	449
0	66
0	87
0	35
0	14
1027	729
0	723
0	6
0	0
0	0
0	0
0	0
127	249
13	187
0	31
5	90
0	0
819	335
0	48
2	164
4	123
0	236
86	236
0	24
0	0
1	0
0	0
0	0
0	0
0	0
0	0
18	0
57	2486
127	3416
96	3022
2	1227
7	682
0	89
0	202
0	95
0	185
1	0
0	0
0	0
0	0
0	0
0	0
0	0
0	0
0	0
0	0
0	0
0	0
0	0
0	0
0	0
0	0
0	0
0	0
0	0
0	0
0	0
0	0
0	0
0	13
0	13
0	13
0	13
442	745
18	89
0	1
0	34
64	462
0	85
0	400
0	346
0	11
0	0
4	839
1	1755
0	1904
6	56
0	80
0	0
0	0
0	0
0	0
0	0
0	0
0	0
0	0
0	0
0	0
0	0
0	0
0	0
0	0
0	0
119	28
0	28
0	0
0	0
0	0
0	0
0	0
0	0
0	0
0	9
0	0
0	9
0	0
0	0
0	0
0	0
0	0
0	0
0	0
0	0
0	0
0	0
0	0
0	0
0	0
0	0
0	0
0	0
0	0
0	0
0	0
0	0
14	0
0	0
0	0
0	0
0	0
0	0
0	0
0	0
0	0
0	0
0	0
0	0
0	0
0	0
0	0
0	0
0	0
0	0
0	0
0	0
0	0
0	0
0	0
0	0
0	0
0	0
0	0
0	0
0	0
0	0
0	0
0	0
0	0
0	0
0	0
0	0
0	0
0	59
0	44
0	0
0	0
0	0
0	0
1043	8291
0	55
19	346
23	103
56	2244
277	6983
0	17
0	15
0	17
0	6
0	297
0	297
0	0
0	0
176	83
23	16
0	83
0	0
0	0
0	0
589	1452
0	697
0	1535
0	343
15	1065
29	1139
0	1020
7	1018
0	227
0	94
1	632
0	16
0	1
0	0
42	1022
898	991
6	14
0	50
0	624
0	33
0	1204
0	800
0	831
0	800
0	921
0	94
1447	256
0	209
0	147
0	57
9	1413
223	1417
1	282
0	1235
0	35
0	131
0	0
0	0
0	0
0	0
0	0
0	0
0	0
0	0
3	6
0	0
0	0
0	0
0	0
0	0
0	0
0	0
0	0
0	0
0	0
0	0
0	0
0	0
0	0
0	0
0	0
0	0
0	0
0	0
0	0
0	0
0	0
0	0
0	0
0	0
0	0
0	0
0	0
0	0
0	0
0	0
0	0
0	0
0	0
0	0
0	0
0	0
0	0
0	0
0	0
0	0
0	0
0	0
0	0
0	0
1074	1592
0	1610
0	1123
0	0
388	306
0	306
0	0
0	0
0	0
0	0
0	0
0	0
0	0
0	0
0	0
0	0
0	0
0	0
0	0
0	0
218	162
0	132
0	0
0	39
0	67
0	7
0	6
0	7
5	2
0	1
0	0
0	0
0	0
0	0
0	0
0	0
0	0
0	0
0	0
0	0
0	0
0	0
0	0
0	0
0	0
0	0
0	0
947	604
0	4
0	404
0	94
0	13
0	0
0	48
14	341
0	0
0	0
0	0
0	0
0	0
0	0
0	363
19	232
92	6279
79	6718
0	2331
0	98
1	132
3	2981
0	10
0	9
0	2729
0	106
0	51
33	360
0	2
0	464
0	203
0	0
0	0
0	0
0	0
0	0
0	0
0	0
0	0
0	0
0	0
0	0
0	0
0	0
0	0
0	0
0	0
0	0
0	0
0	0
0	0
0	0
0	0
0	0
0	0
0	0
0	0
0	0
0	0
0	0
0	0
0	0
0	0
0	0
0	0
0	0
0	0
0	0
0	0
0	0
0	0
0	0
0	0
0	0
205	382
0	382
0	367
0	0
0	1072
16	1072
3	544
0	10
6	96
14	697
2	180
0	167
0	14
0	119
0	0
7	229
2	170
2	221
0	5
0	12
0	0
0	0
0	0
0	0
0	6
105	73
0	47
0	0
0	9
0	28
0	0
0	0
0	0
315	543
0	513
0	518
0	513
0	30
0	0
0	0
0	0
0	0
0	0
0	0
0	0
0	0
1	99
0	99
0	61
0	100
3	89
0	38
7	55
0	29
0	8
0	35
0	25
0	0
0	0
0	0
0	0
0	0
0	0
0	0
0	0
0	0
0	0
0	0
0	0
0	0
0	0
0	0
0	0
0	0
0	0
0	0
0	0
0	0
0	0
0	0
0	0
0	0
0	0
0	0
0	0
0	0
0	0
0	0
0	0
0	0
0	0
0	0
0	0
0	0
0	4
0	26
0	26
0	1
0	1
0	2
0	2
0	2
0	0
0	0
0	0
0	0
0	0
0	0
0	0
0	0
0	0
0	73
190	163
0	29
0	8
0	81
0	2156
0	1543
0	1859
0	1799
0	2154
0	399
0	1455
0	414
0	938
0	385
0	305
0	21
0	409
0	356
0	349
0	271
0	126
0	147
0	1
383	1
94	21
0	21
0	14
5	234
0	7
0	242
0	62
0	230
0	64
54	36
0	8
0	5
0	0
0	7
0	0
0	0
0	0
0	0
0	0
0	0
1795	184
58	120
0	50
25	63
0	0
0	0
0	0
0	0
0	0
0	0
0	0
641	1210
7	482
14	33
1	1152
0	0
1	0
0	316
0	2016
2	1986
0	301
0	268
0	2583
3	624
0	469
0	670
0	811
0	7
0	84
0	196
0	368
0	10
0	0
0	0
0	0
0	0
0	0
0	0
0	0
0	0
0	0
0	0
0	0
0	0
0	0
0	0
0	0
0	0
0	2
69	321
0	309
0	15
0	0
427	15083
274	15273
800	14662
0	3215
202	6549
0	5183
0	7021
92	5114
0	3059
0	911
0	1083
0	2037
30	1078
0	1738
0	1107
0	1582
0	991
0	776
69	136
8	6
10	6
0	0
0	0
0	0
0	0
0	0
0	0
0	0
0	0
0	0
0	0
0	0
0	0
0	0
0	623
0	625
0	450
0	447
0	405
20	52
1	254
0	254
0	24
0	24
0	15
0	4
0	1
0	1
0	0
0	8
0	19
0	23
0	0
0	4
0	1
0	6
0	6
0	0
0	0
0	0
0	0
0	0
5	15921
0	0
0	37
0	37
0	0
0	0
14	1320
57	1307
8	250
0	46
9	903
0	13
0	82
0	24
0	15
0	4
0	0
0	0
0	0
0	9
19	11
0	11
0	0
0	0
0	0
0	0
0	0
0	0
0	0
0	0
234	0
443	1880
18	1437
0	443
0	0
0	0
45	2449
13	1404
0	1033
0	978
0	752
51	342
0	188
0	118
0	18
0	86
0	38
0	15
0	0
0	0
0	0
1192	780
4	420
8	551
11	42
5	77
22	462
0	457
0	446
0	7
0	150
2	432
0	199
0	5
0	11
0	12
65	331
0	4
0	45
0	0
0	0
0	0
0	0
0	0
0	0
0	0
0	0
0	0
0	0
0	0
0	0
0	0
0	0
0	0
0	0
0	0
0	0
0	0
0	0
0	0
0	0
0	0
0	0
0	0
0	0
0	0
0	0
0	0
0	0
0	0
10	0
0	0
0	0
23	1605
3840	1605
0	0
38	3
0	3
0	0
0	0
0	0
0	0
0	0
0	0
0	55
0	56
0	16
0	0
0	0
0	0
1	43
0	0
0	0
75	580
4	248
10	576
13	247
0	135
0	1476
0	284
0	4539
18	4384
0	2647
0	9
2	4960
6	2450
8	4096
0	4481
7	3808
0	131
0	42
12	4967
0	4679
0	0
0	0
3	701
153	706
73	604
717	689
0	1
59	528
0	0
0	0
0	0
0	0
0	0
0	0
0	0
0	0
0	0
0	0
0	0
0	0
0	0
0	0
0	0
0	0
0	0
0	0
0	0
0	0
0	0
0	0
0	0
0	0
0	0
0	0
0	0
0	0
0	0
0	0
0	0
0	0
0	0
0	0
0	0
0	0
0	0
0	0
0	0
0	0
0	0
0	0
0	0
7	3974
0	0
0	0
0	0
3521	0
48	1259
0	1259
0	2
0	12
0	21
0	15
14	90
0	53
0	705
0	794
0	823
0	709
0	661
1	813
87	143
0	831
2	505
0	559
0	129
0	25
10	80
0	72
0	22
0	4
0	16
0	0
0	0
0	0
4	8
0	8
0	8
0	0
12	0
0	0
0	0
0	0
0	0
0	0
0	0
0	0
0	0
0	0
0	0
0	0
0	0
0	0
0	0
0	0
0	0
0	0
0	0
0	0
0	0
0	0
0	0
0	0
0	0
0	0
0	0
0	0
0	0
0	0
0	0
0	0
0	0
0	0
0	0
0	0
0	0
0	0
0	0
0	0
0	0
0	0
0	0
0	0
0	0
0	0
0	0
0	0
0	0
0	0
0	0
0	0
0	0
0	0
0	0
0	0
0	0
0	0
0	0
0	0
0	0
0	0
0	0
0	0
0	0
0	0
5	0
62	865
7	865
0	10
0	0
0	0
0	105
3	105
0	4
0	0
0	0
0	0
0	0
0	0
0	0
0	0
0	0
0	0
0	0
0	0
7	0
0	0
0	0
0	0
0	0
0	0
0	0
0	0
0	0
0	0
0	0
0	0
0	0
0	3
0	0
0	0
0	0
0	0
0	0
0	0
0	0
0	0
0	0
0	0
0	0
0	0
0	0
0	0
0	0
0	0
0	0
0	0
0	0
0	0
0	0
0	0
0	0
0	0
0	0
0	0
0	0
0	0
0	0
0	0
0	0
0	0
0	0
0	0
0	0
0	0
0	0
0	0
0	0
0	15
0	52
0	24
0	9
0	3
0	23
0	1
0	1
0	2
0	0
0	30
0	0
0	394
0	0
1962	394
6	316
0	67
0	0
13	57
0	57
4188	1295
16	7
0	1288
0	0
189	312
2	288
0	226
0	201
13	219
0	43
0	120
0	16
0	0
15	98
1	85
0	26
0	13
0	0
0	0
0	0
0	0
0	0
0	0
0	0
0	0
0	0
0	0
0	0
0	17
0	3
0	2634
0	1407
0	203
0	166
0	362
0	26
0	609
0	0
0	0
0	0
0	0
0	0
0	0
11	60
0	3
0	14
0	0
0	32
0	0
0	60
0	28
49	72
0	17
0	3
37	53
5	25
0	22
0	0
0	0
0	0
0	0
0	0
9	303
0	300
0	265
0	90
14	41
145	196
0	88
0	22
14	1
0	0
2	155
0	289
0	265
93	329
1	81
0	59
0	0
0	0
0	1345
10	1028
0	2532
1	2770
227	2800
0	43
0	267
1	2603
5	2352
0	0
0	0
0	0
244	2306
0	1760
46	260
0	147
0	146
0	196
0	768
0	19
6	387
0	220
0	0
15	234
0	234
0	0
0	69
0	225
0	0
87	5179
8242	5179
0	0
0	0
0	0
0	0
2	22
3	23
0	1
0	0
0	0
0	0
0	0
0	0
0	0
0	0
0	0
0	477
1	712
0	592
0	670
63	893
0	32
0	1
482	4369
2	1686
55	2763
21	824
11	2274
2	1784
0	1211
12	972
132	986
0	418
0	0
0	0
19	0
0	0
0	0
0	0
0	0
0	0
0	0
0	0
0	0
0	0
0	0
0	0
0	1
0	0
0	0
0	22
68	25
0	0
0	0
3	26
0	3
0	3
0	0
0	374
24	374
0	0
0	0
0	0
0	0
0	0
0	0
7	0
0	0
0	0
0	0
0	0
0	0
0	0
0	0
0	0
0	0
0	0
0	0
33	895
17	664
23	435
4	808
65	888
0	597
0	665
5	453
0	350
2	327
0	579
0	292
5	159
0	1
0	0
0	4062
376	4033
0	3601
0	36
10	482
0	0
0	0
0	220
15	435
0	22
0	424
0	432
0	422
1	293
0	406
0	203
0	201
0	203
12	216
0	0
0	1
0	0
0	0
0	0
0	0
0	0
0	0
0	0
0	0
0	0
0	0
0	0
0	2289
1	2450
0	2249
0	2354
0	2332
7	2425
0	2385
0	1965
0	195
97	2246
2	2252
4	840
0	124
1	38
2	1044
0	172
0	7
0	4
0	66
0	0
1	0
0	1
0	0
4	1
0	0
0	0
0	0
0	0
0	0
0	0
0	0
0	0
0	0
0	0
0	0
0	0
0	0
0	0
1	5
0	0
0	0
0	0
0	0
0	5
0	0
0	0
0	0
0	0
0	0
0	51
233	206
0	10
0	47
0	73
0	26
0	25
0	0
0	105
0	33
0	0
0	0
0	0
0	0
0	0
0	0
0	43
0	43
0	42
0	3
0	5
0	0
0	0
0	0
71	0
0	0
0	0
0	0
0	0
0	0
25	941
0	1352
0	910
0	36
0	86
0	1155
0	1212
71	586
106	192
0	144
0	96
0	372
0	52
0	84
8	241
0	38
162	216
5	14
0	14
0	8
0	2
0	1
634	43
0	43
0	0
0	0
0	0
0	0
0	0
0	0
0	0
0	0
0	0
0	0
0	0
0	0
0	0
0	0
0	0
0	0
0	48
0	0
3	110
0	113
0	123
0	113
0	117
0	113
0	18
0	2
0	99
0	0
0	0
0	0
0	0
0	0
0	0
0	0
0	0
0	0
0	0
0	0
0	0
0	0
0	0
0	0
0	0
0	0
0	0
0	0
0	0
0	0
0	0
0	0
0	0
0	0
31	0
0	0
0	0
0	26
0	0
0	0
0	36
0	73
3	388
13	301
0	167
0	431
0	14
14	0
0	58
213	482
0	49
0	73
0	6
7	244
0	24
0	109
4	69
0	819
0	96
0	16
0	831
3	413
14	594
216	61
80	56
0	10
0	5
0	7
0	0
0	0
0	0
0	0
277	0
0	0
0	0
0	0
0	0
0	0
6	423
202	475
23	127
0	111
1	405
0	0
0	0
0	0
0	0
0	0
4209	840
0	807
0	0
0	8
0	0
0	0
0	0
0	0
0	0
0	0
0	0
0	1066
0	1109
21	992
7	982
21	918
0	71
0	126
1	180
0	73
0	45
0	8
0	0
2	1037
56	1033
0	881
9	424
0	91
5	70
6	66404
0	0
0	0
0	0
0	0
0	0
0	0
743	785
0	783
0	0
0	65
0	129
0	0
0	0
0	2
0	0
0	0
36	287
46	285
0	0
4	125
0	39
20	435
79	420
0	435
0	0
0	0
0	0
48	0
0	141
0	570
3	565
20	112
0	625
0	117
0	422
0	10
0	65
0	65
0	165
0	0
0	0
0	0
0	0
0	0
21	287
17	323
36	323
0	0
22	31
107	72
8	71
20	70
0	41
0	54
2	243
0	393
0	16
12	183
0	192
0	396
5	122
0	26
0	2
0	64
0	313
0	9
0	53
1	145
0	44
0	0
0	145
0	0
0	0
17	45
201	91
0	91
0	0
0	0
374	116
0	89
0	0
0	7
21	76
0	0
0	383
154	1116
0	10
20	91
2	999
13	106
0	396
0	5
0	338
0	0
0	54
0	0
15	925
37	834
0	505
9	127
0	0
12	130
7	130
44	116
8	286
5	295
0	284
1	289
0	331
0	320
0	300
0	27
0	12
0	0
0	0
0	0
0	0
0	0
0	0
0	0
0	0
0	0
0	0
0	0
0	0
0	0
0	0
0	0
0	0
0	0
0	0
0	0
0	0
0	0
0	0
0	0
0	0
0	0
0	0
0	0
0	0
0	0
0	0
0	0
0	0
0	0
0	0
0	0
0	0
0	0
0	0
0	0
0	0
0	0
0	0
0	0
0	0
0	0
0	0
0	0
0	0
0	0
0	0
0	0
0	0
0	0
0	0
0	0
0	0
0	0
0	0
0	0
0	0
0	0
0	671
10	555
2	635
0	753
0	64
0	123
0	0
54	18
0	18
0	1
0	0
0	0
0	1
0	0
0	125
2751	473
0	2
9	185
6	184
3	166
0	61
0	0
0	0
0	0
0	0
0	0
0	0
0	0
0	0
0	0
0	0
0	0
0	0
0	0
0	0
92	230
6	43
0	24
2	149
0	31
0	0
0	0
0	0
0	0
0	0
0	0
0	0
0	0
0	0
0	0
0	0
0	0
0	0
0	0
0	0
0	0
0	0
0	0
0	0
0	0
0	0
0	0
0	0
0	0
0	0
0	0
0	0
0	0
0	0
0	0
0	0
0	0
0	0
0	0
0	0
0	0
120	127
0	0
0	0
0	0
136	127
0	1
48	11
0	5
0	6
0	0
0	0
0	0
0	0
0	0
0	0
0	0
494	20
0	20
0	0
0	0
0	0
0	0
0	0
0	0
0	0
0	0
0	0
0	0
0	0
0	0
0	0
0	0
14	434
0	281
17	346
0	6
0	281
0	383
16	431
0	292
0	282
18	132
0	283
48	148
18	0
0	0
13	0
0	0
0	0
0	0
0	0
6	357
0	212
0	0
0	0
0	0
0	0
0	0
0	0
0	0
2279	3597
2	206
0	171
0	3116
0	625
0	940
0	0
0	1254
0	1292
0	1498
3	1497
16	428
0	15
0	109
0	170
0	140
0	108
1	173
2965	522
0	160
0	107
0	255
0	0
0	0
0	0
0	0
2608	509
0	171
0	167
5	152
0	50
0	151
0	118
0	85
0	1
9	24
0	0
0	0
0	0
0	3234
1	24
0	0
0	0
0	0
25	0
0	0
0	0
0	0
0	0
0	0
0	0
0	0
0	0
0	0
0	0
0	0
0	0
0	0
20	0
0	4
0	64
88	104
0	29
0	0
8	45
0	0
0	0
0	0
0	0
0	0
0	0
0	0
0	0
0	0
0	0
0	0
0	0
0	0
0	0
0	0
0	0
0	0
0	0
0	0
1013	1287
9	1287
8	781
0	511
0	0
0	0
0	0
0	0
0	0
0	0
0	0
0	0
0	0
0	0
0	0
0	15
0	9
0	10
0	2
0	3
0	25
0	4
0	0
0	0
0	0
0	0
0	3
0	7
0	7
0	2
0	3
18	0
0	5
0	0
0	0
0	0
0	1207
0	166
14	107
5	256
73	1076
0	125
0	0
0	68
13	84
0	0
0	44
3	126
0	0
3	1
1	2288
5	2107
0	371
0	574
0	391
0	288
0	0
0	594
0	567
13	28
0	524
5	495
0	75
0	30
0	3
0	14
0	0
0	0
0	0
0	0
0	0
0	0
0	0
0	0
0	0
0	0
0	0
0	0
0	0
0	0
0	0
0	0
0	0
0	0
0	0
0	2
20	2
0	2
0	0
0	0
0	0
0	0
0	0
0	0
0	0
0	0
0	0
0	0
0	0
0	0
0	0
0	0
0	0
0	0
0	0
0	0
0	0
0	0
0	0
0	0
0	0
0	0
0	0
0	0
0	0
0	0
0	0
0	0
0	0
0	0
0	0
0	0
0	0
0	0
0	29
0	0
0	0
0	456
0	45
22	456
0	0
0	44
10	244
0	268
0	0
0	23
0	13
0	13
0	179
0	407
0	427
0	141
0	243
0	39
0	25
0	28
0	8
0	19
0	1
0	24
0	21
0	0
0	23
0	0
0	0
0	12
102	65
96	131
0	0
0	0
5	1
0	0
0	1
0	18
31	40
37	53
0	0
0	0
0	0
0	0
495	226
4	187
12	201
0	60
0	29
0	2
0	538
8	868
176	868
0	253
0	10
0	0
0	0
0	0
0	11
0	31
0	36
0	47
0	45
0	300
1	361
0	369
0	371
0	298
0	272
0	29
0	15
3	119
0	19
0	38
0	34
0	1
0	14
0	24
0	19
0	14
6	9
0	4
0	0
0	0
0	0
0	0
0	0
0	498
0	187
0	281
142	173
4	214
129	312
0	0
0	130
1264	1719
29	794
135	1282
0	181
64	372
0	216
0	29
0	77
0	149
0	0
0	0
0	0
0	0
0	0
0	0
0	0
0	0
0	0
0	0
0	0
0	0
0	0
0	0
0	0
0	0
0	0
0	0
0	0
0	0
0	0
0	0
0	0
0	0
0	0
0	0
0	0
0	0
0	0
0	0
0	0
0	0
0	0
0	0
0	0
0	0
0	0
0	0
0	0
0	0
5	712
0	712
59	565
0	7
0	7
0	23
0	3
0	0
0	0
0	0
0	0
0	0
0	0
0	0
0	0
0	0
0	0
0	0
0	0
0	0
0	0
0	0
0	0
0	0
0	303
0	240
440	3402
90	3214
30	388
0	0
0	22
0	89
0	15
0	84
0	84
0	5
15	0
538	180
0	45
0	0
0	19
10	31
0	79
2	4
0	38
0	8
0	0
0	0
0	679
0	1469
22	1924
0	1700
21	1487
0	3
0	178
0	122
0	100
0	12
0	0
0	0
0	0
0	0
0	0
986	0
0	0
0	3639
257	6718
15	2025
16	5956
0	0
0	0
0	0
1	9
67	12
0	5
0	0
0	12
36	38
0	26
0	250
7	270
8	265
0	154
0	15
0	0
0	0
0	0
0	0
7082	4258
37	2500
0	964
0	149
0	16
0	1173
0	632
0	652
0	652
0	500
0	0
0	0
0	0
0	0
0	0
0	0
0	0
0	681
0	698
150	324
0	0
0	0
0	0
0	0
0	27
0	231
0	36
3	169
7	19
0	41
0	214
0	192
0	108
0	0
0	22
11	509
0	0
2	491
12	510
0	296
0	87
0	0
0	409
0	285
0	0
0	18
0	18
0	18
0	13
0	18
0	18
0	5
0	3
0	1
0	1
0	0
0	0
0	0
0	0
0	0
0	0
0	0
0	0
0	0
0	0
0	0
0	0
0	0
0	0
0	0
0	0
0	0
0	0
9	181
15	27
0	16
6	19
0	165
0	0
0	0
0	0
0	83
0	83
0	139
0	447
0	136
0	702
0	702
1	257
0	513
0	702
0	104
0	210
0	236
0	334
0	459
0	459
0	459
11	414
0	125
0	7
0	0
0	0
0	0
0	0
0	8
0	0
0	0
0	0
0	0
0	7059
375	7169
0	1280
0	3773
0	2872
0	1454
0	931
0	2500
8	1707
0	7002
0	0
0	1444
0	1699
0	540
0	0
0	124
2	132
4	151
36	128
0	10
0	6
0	18
0	129
0	133
0	140
0	184
0	197
0	219
0	153
0	131
0	153
0	152
0	153
0	151
0	152
5	153
0	156
5	213
3	153
2	150
0	152
0	153
2	153
0	133
3	31
0	77
0	6
0	44
0	63
0	73
0	1
0	0
0	0
0	68
0	72
8	68
0	0
86	0
0	0
0	1285
0	242
2	1523
1	210
0	323
0	14
0	95
0	1360
15	1513
0	985
0	984
0	1060
0	981
0	597
0	663
0	700
0	269
0	565
0	4
0	36
7	261
0	3
0	13
0	952
7	1461
62	466
0	1463
0	2
2	139
0	74
0	560
0	562
0	521
0	63
0	179
0	362
0	431
2	310
0	314
0	0
0	0
0	0
6	312
9	312
0	33
0	0
0	0
0	0
0	53
0	50
0	57
0	57
0	50
0	0
0	37
0	15
0	9
0	1
0	0
0	0
0	7
0	3
0	0
0	0
0	0
0	0
0	0
27	341
1	376
0	36
0	0
17	67
0	5
0	1
0	0
0	0
0	0
0	0
0	0
0	0
0	0
0	0
0	0
0	0
0	0
36	0
30	0
0	0
0	0
0	0
109	3343
0	569
2	2834
0	0
0	0
0	0
0	0
0	0
0	0
0	0
0	0
0	403
17	0
0	0
0	0
0	0
0	0
0	0
0	0
0	0
0	0
0	0
1	548
4	71
45	677
36	214
0	4
0	75
0	0
0	1182
0	1182
0	1021
3	567
0	0
0	0
0	0
0	0
0	0
114	175
0	10
0	0
16	163
0	2
0	0
972	252
0	136
0	116
0	0
0	0
0	0
0	714
0	743
66	250
0	50
0	14
842	14
0	14
0	0
0	0
0	0
0	0
0	0
0	412
697	2904
0	0
2	2495
5	7
0	0
0	531
0	0
0	0
0	0
0	0
0	0
0	0
0	0
10	208
0	764
0	623
0	61
0	697
3	707
0	98
0	29
0	30
0	0
0	0
0	0
0	0
0	0
0	0
0	0
0	0
0	0
0	0
0	0
1	178
0	178
0	172
0	29
0	5
0	0
0	0
0	0
0	0
0	0
48	335
1	331
1	31
0	9
0	43
0	26
0	0
0	1
0	33
0	157
16	430
0	300
0	192
0	247
0	153
0	178
0	0
9	30
0	30
0	23
0	0
0	0
0	0
0	0
0	0
0	0
0	0
0	1830
0	1524
88	1657
0	668
0	2
0	98
0	76
0	490
0	313
52	1796
2	1213
0	1695
4	161
0	71
0	0
569	43
0	119
107	84
0	13
0	10
0	20
0	19
1391	230
46	230
0	0
132	78
0	49
0	49
0	29
0	1
1	1095
0	382
0	526
0	235
1069	650
0	2219
0	3743
0	5356
0	4606
0	5082
0	4153
0	4582
0	0
0	1179
0	1789
0	2968
0	3562
0	3691
0	3506
0	3583
0	4006
0	2817
0	2221
0	2373
0	2546
0	2817
0	2241
0	2817
0	2816
0	1786
0	2203
0	2816
0	2815
0	1179
0	1313
0	0
0	81
0	0
0	0
0	0
0	0
0	0
0	0
0	0
0	0
0	0
0	0
0	0
0	0
0	0
0	0
0	0
108	0
0	0
0	0
43	200
56	194
48	345
0	196
24	126
28	101
9	67
26	183
28	86
0	0
8	31
0	45
0	0
0	5
0	6
0	3
0	38
0	1
0	1
0	2
0	2
0	3
3	29
0	38
0	10
0	9
0	8
0	3
0	0
0	14
0	1
0	0
0	0
0	0
0	0
0	0
0	0
30	87
0	52
0	87
0	17
0	34
0	0
0	0
0	0
0	55
2	55
0	0
0	0
0	0
0	0
0	0
0	0
0	0
0	0
0	0
23	0
0	473
0	473
44	299
5	300
866	450
25	265
19	404
0	210
0	42
0	9
0	24
0	68
4	36
0	0
0	0
0	0
0	0
55	3963
106	3963
121	1399
95	1287
0	0
0	0
0	0
0	0
0	0
0	0
87	0
0	0
0	0
0	0
0	0
0	0
0	0
0	0
0	0
24	6
0	0
0	6
0	5
0	5
0	0
0	0
0	0
0	0
318	39
1	2
31	37
0	0
228	1632
5	336
96	1259
87	627
31	734
21	570
0	326
0	1
0	311
0	273
30	2121
8	893
0	882
0	844
3	786
0	40
0	585
0	356
0	36
0	470
0	197
0	134
0	0
0	0
0	0
0	0
17	406
7	248
0	596
0	632
0	447
0	6
0	6
0	226
0	117
0	317
0	471
0	542
0	510
0	464
0	454
0	412
0	456
0	418
0	399
0	255
0	328
0	87
0	392
43	45
0	384
0	443
0	447
0	0
0	0
0	0
216	507
0	333
0	337
0	436
0	371
0	17
0	347
0	304
0	374
0	21
0	24
0	323
0	346
0	60
0	73
0	19
0	56
0	310
0	367
0	211
0	395
0	364
0	344
0	379
0	350
0	293
0	330
0	368
0	289
0	262
0	314
0	382
0	174
0	286
0	69
0	326
0	259
0	293
0	350
0	60
0	10
0	67
0	27
0	225
0	18
0	1
0	94
0	180
0	1
2	193
0	293
4	205
0	21
32	58
0	61
8	60
0	0
0	0
85	207
0	56
0	1
0	67
2	100
5	28
0	7
0	0
0	0
0	0
0	0
0	0
0	0
0	0
0	0
0	0
0	0
0	0
0	0
0	0
0	0
0	723
18	266
0	683
0	12
0	35
0	3
0	5
0	362
0	5
0	261
18	40
0	16
0	1
0	0
0	0
0	0
0	0
0	0
0	0
0	108
15	108
0	0
0	0
2	278
6	515
0	5
159	510
0	49
408	85
0	47
0	38
0	0
0	0
0	0
0	31
0	0
0	4
0	32
0	1
0	14
0	281
0	466
18	957
0	282
0	958
3	532
0	2460
0	49
0	1247
0	2159
0	2460
0	1996
4	326
0	12
0	316
0	316
14	555
0	111
0	185
0	770
4	974
0	461
16	329
4	0
0	0
0	77
0	327
0	71
0	1
0	1
27	0
0	0
125	4453
48	3684
0	11
0	211
0	167
0	0
0	0
0	0
0	0
0	0
0	0
0	0
1	2190
0	2277
12	386
17	1497
10	880
0	0
0	0
0	0
0	0
0	0
0	0
0	0
0	0
0	0
0	0
0	0
0	0
0	0
0	0
0	0
0	0
0	0
0	0
0	0
0	0
0	0
0	0
0	0
0	0
0	0
0	0
0	0
0	0
0	0
0	0
0	0
0	0
0	0
0	0
0	0
0	0
0	0
0	0
0	0
0	0
0	0
0	0
0	0
0	0
0	0
0	0
0	0
0	0
0	0
0	0
0	0
0	0
0	0
0	0
0	0
0	0
0	0
0	0
0	0
0	0
0	0
0	49
0	0
0	0
0	0
0	0
0	0
0	0
0	0
0	0
0	0
0	0
0	0
0	0
0	0
0	0
0	0
0	0
0	0
0	0
0	0
0	0
0	0
0	0
0	0
0	0
0	0
0	0
0	0
0	0
0	0
0	0
0	0
3258	130
0	125
0	4
6	95
0	446
0	17
0	18
0	3
0	25
0	410
0	2
0	8
6	29
0	24
35	485
14	448
41	425
0	209
0	102
0	21
456	88
0	54
0	85
0	10
0	0
0	0
0	0
0	0
0	0
0	0
0	0
0	0
1	0
0	40
19	924
0	140
0	72
0	945
0	812
0	28
0	85
0	12
0	114
0	74
0	0
0	0
0	0
0	0
0	0
0	0
0	0
0	0
0	1
0	0
0	1
0	1
0	1
0	1
0	0
0	1
0	0
0	0
0	0
0	0
0	0
0	0
0	0
0	0
0	0
0	0
0	0
0	0
0	0
0	0
0	0
0	0
0	0
0	0
0	0
0	11
0	1
4	131
0	0
5	2084
0	2010
0	1904
9	1015
2	917
11	1732
0	14
0	42
0	306
0	161
0	0
0	121
0	124
0	20
0	43
0	294
0	70
0	35
0	37
0	63
0	53
0	41
0	33
0	26
0	15
4	30
0	0
0	0
0	0
0	157
319	984
0	6
5	162
31	11
4	640
0	8
0	76
0	175
0	1
0	153
0	0
0	0
0	40
0	43
25	266
2	182
0	0
0	9
0	2
0	0
0	0
0	0
0	0
0	0
0	0
0	0
0	0
6	372
4	372
0	0
0	0
0	0
0	0
0	0
0	0
0	0
0	0
0	0
0	0
47	75
0	2
166	73
0	0
0	0
0	0
0	0
0	0
0	0
0	0
0	0
0	0
0	0
0	0
0	0
594	91
0	85
0	0
0	6
0	0
0	0
0	0
5	593
102	130
48	321
0	524
22	273
42	3288
18	2554
0	8857
2	292
178	10609
0	55
0	406
0	14051
0	13849
351	13184
0	12174
41	11194
1	12680
4	12214
0	11614
59	12040
200	12029
0	6226
8	3456
0	11372
1	9487
2	3192
180	11123
0	5630
0	978
0	4644
5	2676
0	2148
0	882
16	1458
0	0
0	0
0	0
0	0
0	6
0	0
0	9
9	11
0	2
0	11
0	2
0	7
0	5
0	2
0	2
0	0
0	6
0	6
0	0
0	0
0	0
0	0
0	1
0	0
35	663
0	13
676	650
0	256
0	0
0	0
0	0
0	0
0	0
0	92
0	286
0	287
0	414
0	480
0	39
0	223
0	34
0	169
0	24
0	131
0	104
0	63
0	77
0	92
18	130
0	127
0	22
0	0
0	0
0	0
0	0
0	0
0	0
0	0
0	0
0	0
0	0
2234	0
0	276
415	298
3	280
0	60
0	0
0	0
0	0
0	0
1426	0
0	0
0	0
0	0
0	0
0	0
0	0
0	0
0	0
0	0
0	0
0	0
0	0
0	0
44	1516
3	1790
16	1790
3	5
38	911
0	69
35	5
2	25
0	26
0	18
6	21
0	5
63	20
0	13
37	2
0	0
277	0
0	0
0	0
5	63
0	61
0	19
0	6
0	0
0	0
0	0
64	32
0	5
0	26
44	127
11	96
0	45
0	0
0	0
146	0
599	0
79	20
8	105
47	124
0	0
0	0
0	1
0	0
0	0
0	0
0	0
23	663
28	831
43	640
0	111
1	41
0	0
0	0
0	0
0	0
0	0
0	0
0	0
0	0
0	0
0	0
0	0
0	0
0	0
0	0
0	0
0	0
0	0
0	0
0	0
0	0
0	0
0	0
0	0
0	0
0	0
0	0
0	0
0	0
0	0
0	0
0	0
0	0
0	0
0	0
0	0
0	0
0	0
0	0
0	0
0	0
0	0
0	0
0	0
0	0
0	0
0	0
0	0
0	0
0	0
0	0
0	0
0	0
0	0
0	0
0	0
0	0
0	0
0	0
0	0
0	0
0	0
0	0
0	0
0	0
0	0
0	0
0	0
0	0
0	0
0	0
0	0
0	0
0	0
0	0
0	0
0	0
0	0
0	0
0	0
0	0
0	19
0	19
0	0
0	0
0	0
0	0
0	0
0	3
0	3
0	0
0	0
0	0
0	0
0	0
0	0
0	0
0	0
217	23
0	23
22	2
0	2
0	1
0	1
76	17
0	17
0	0
0	0
0	0
0	0
0	0
0	0
0	0
0	0
0	0
0	0
0	0
0	0
0	0
0	1
0	0
0	0
0	17
0	17
0	2
10	3
0	3
0	0
0	0
0	0
0	0
0	0
0	0
0	0
0	0
0	0
0	0
0	0
0	0
0	0
0	0
0	0
0	0
0	0
0	0
0	0
0	0
0	0
0	0
31	745
517	1014
2	1014
0	0
0	0
0	116
813	361
0	98
0	298
0	125
0	61
0	240
17	584
0	570
0	450
0	558
0	291
0	439
0	190
1	350
7	552
0	252
9	91
9	240
0	135
0	73
0	99
0	89
0	43
0	1
0	30
0	4
0	2
0	32
0	2
0	9
0	10
0	19
0	1
0	7
0	2
0	0
0	0
36	41
12	40
0	1
0	0
0	50
0	0
0	0
0	0
0	0
0	0
2	291
0	202
5	261
12	248
0	228
0	256
2	266
0	179
7	224
0	156
0	96
0	7
0	86
12	194
0	25
0	139
0	41
0	106
0	50
0	45
0	32
0	0
0	0
0	0
0	4
0	3
0	0
0	0
0	1
12	1415
11	1916
95	621
0	176
0	377
0	13
0	18
0	27
7	243
10	352
58	638
23	544
0	0
0	0
0	0
0	0
0	0
0	0
0	0
0	0
0	0
0	0
0	0
0	0
0	0
0	0
0	0
0	0
0	0
0	0
0	0
0	0
0	0
0	0
0	0
0	0
0	0
0	0
0	0
0	0
0	0
0	0
0	0
0	0
0	0
0	0
0	0
0	0
0	0
0	0
0	0
0	0
0	0
0	0
0	0
0	0
0	0
0	0
0	0
0	0
0	0
0	0
57	287
2	328
0	319
0	77
14	182
22	123
0	41
0	37
11	0
0	0
0	0
0	0
0	0
0	0
0	0
0	0
0	0
0	0
0	0
0	0
0	0
0	0
21	0
0	0
0	0
0	0
0	0
0	0
0	0
0	0
0	0
0	0
0	0
0	0
0	0
0	0
0	0
0	0
0	0
0	0
0	0
0	0
0	0
0	0
0	0
0	0
0	0
0	0
0	0
0	0
0	0
0	0
0	0
0	0
0	0
0	0
22	0
0	0
0	0
0	0
0	0
0	0
0	0
0	0
0	0
0	0
0	0
0	0
0	0
0	0
0	0
0	0
0	0
0	0
0	0
0	0
0	0
0	0
0	0
0	0
0	0
0	0
0	0
0	0
0	0
0	0
0	0
0	0
0	0
0	0
0	0
0	0
0	0
0	0
0	0
0	0
0	0
0	0
0	0
0	0
0	237
6	245
0	250
136	171
19	131
0	93
0	31
0	23
0	27
0	1
0	15
0	8
0	2
0	8
0	0
1	554
3	566
3	70
0	48
0	33
0	161
0	287
0	103
0	0
0	75
9	25
0	68
14	193
0	0
16	231
0	38
0	39
7	15
0	16
1	109
2	153
0	0
0	109
0	0
0	0
389	281
47	276
0	80
0	5
0	0
0	0
0	0
0	0
0	0
0	0
28	744
123	746
0	36
0	122
238	235
15	235
0	39967
0	39967
3	32700
162	13012
2	15570
0	32707
10	32683
1	24741
19	30760
140	1993
0	5454
0	11204
0	4805
0	0
0	0
0	0
0	0
0	0
0	0
0	0
0	0
0	0
0	0
0	0
0	0
0	0
0	0
0	0
0	1
0	0
0	0
0	0
0	0
0	0
0	0
0	0
0	0
0	0
0	0
0	0
0	0
0	0
0	0
0	0
0	0
0	0
0	0
0	0
0	0
0	0
0	0
0	0
0	0
0	0
0	0
0	0
0	0
0	0
0	0
0	0
0	0
0	0
0	0
0	0
0	0
0	0
0	0
0	0
0	0
0	0
0	0
0	0
0	0
0	0
0	0
0	0
0	0
0	0
0	0
0	0
0	0
0	0
0	0
0	0
0	0
0	0
0	0
0	0
0	0
0	0
0	0
0	0
0	0
0	0
0	0
0	0
0	0
0	0
0	0
0	0
0	0
0	0
0	0
0	0
0	0
0	0
0	0
0	0
0	0
0	0
0	0
0	0
0	0
0	0
0	0
0	0
0	0
0	0
0	0
0	0
0	0
0	0
0	0
0	0
0	0
0	0
0	0
0	0
0	0
0	0
0	0
0	0
0	0
0	0
0	0
0	0
0	0
0	0
0	0
0	0
0	0
0	0
0	0
0	0
0	0
0	0
0	0
0	0
0	0
0	4
0	62
0	60
0	10
0	12
0	11
0	1
0	0
0	0
16	0
0	0
0	0
0	0
0	0
0	0
0	0
0	0
0	0
201	43
0	13
0	12
0	2
0	0
0	9
0	22
0	0
0	0
0	0
0	0
0	0
0	0
0	0
0	0
0	0
0	0
0	0
0	0
0	0
0	0
0	0
0	0
0	0
0	0
0	0
0	0
0	0
0	0
0	0
0	0
0	0
0	0
49	5
0	0
0	0
0	0
0	0
0	0
0	0
0	0
0	0
0	0
0	0
0	1087
0	1087
23	437
6	215
50	4239
0	3148
10	7391
229	7538
0	5876
0	3915
0	124
0	513
0	312
0	3063
0	240
0	230
0	14
70	88
4	57
0	1
0	0
5	60
0	4
0	18
0	10
0	4
0	6
0	0
0	0
0	0
0	0
0	0
0	0
0	0
0	0
0	2
0	2
0	0
0	0
0	0
0	2
0	0
0	549
0	421
2	519
0	361
0	283
0	62
11	155
2	106
0	57
7	248
11	207
0	1
0	204
0	70
7	175
0	61
27	163
0	86
5	92
0	72
0	38
233	1715
0	241
0	1700
11	294
0	110
13	318
37	758
46	891
0	984
24	682
8	329
27	647
18	686
0	588
0	369
0	161
0	315
2	545
0	585
0	74
264	274
0	95
0	81
0	63
0	0
0	0
0	0
0	0
2	7460
40	7461
23	2148
0	1102
0	0
0	0
0	0
0	0
0	0
0	0
0	0
121	222
0	5
0	73
0	28
0	0
0	209
0	0
0	60
0	55
0	20
0	62
29	0
0	0
0	0
0	0
0	0
0	0
0	0
0	0
0	0
0	0
0	0
0	0
0	1
0	18
0	2
0	18
0	1
0	18
0	1
100	9
0	9
0	0
0	0
4	9776
0	0
0	9786
0	9786
0	1198
0	9785
0	478
0	866
37	1880
0	3251
0	325
0	335
4	2032
452	4069
0	41
13	19
0	5
0	0
0	0
0	0
0	0
0	0
0	5
9	645
9	634
45	341
4	641
0	641
0	641
0	58
1760	9165
983	8861
16	791
0	799
0	0
15	21
0	21
0	0
3	603
0	616
0	649
0	136
0	7
0	0
0	0
0	0
0	83
92	2884
0	60
0	9
0	0
0	0
519	8257
0	8252
0	8199
0	8199
0	8199
0	6512
0	456
0	0
0	0
0	0
0	0
0	0
0	0
0	0
0	0
0	0
0	0
0	0
0	0
0	0
0	0
0	88
7	248
20	254
22	107
0	41
0	38
0	75
0	88
0	0
0	46
914	2948
0	2865
0	1764
0	39
0	1
0	722
0	11
0	185
0	123
0	0
0	77
0	0
0	0
0	0
0	0
0	0
0	0
0	0
0	364
0	414
0	409
0	410
0	432
0	432
0	348
0	39
10	196
0	169
0	99
0	9
0	0
0	0
0	0
0	0
0	0
0	0
0	0
0	0
0	0
0	0
0	0
0	0
0	0
0	0
0	0
0	0
0	0
0	0
0	0
0	0
0	960
0	1868
0	1805
0	0
0	0
0	0
0	384
0	874
33	1868
0	43
0	0
0	1246
0	21
0	0
0	30
0	77
0	15
13	627
0	90
0	0
0	0
0	0
0	0
0	0
0	0
17	0
10	13
24	19
13	20
0	0
0	19
26	7
0	0
0	0
0	0
0	0
0	0
4	47
0	0
1	47
0	1
0	0
0	0
0	0
0	0
0	0
0	0
0	0
18	0
0	0
0	0
0	0
0	0
0	0
0	0
0	0
0	0
0	0
0	0
1368	5123
0	1155
27	385
0	5005
0	419
0	255
0	721
0	259
0	43
0	0
0	0
2	2915
0	19
0	2924
0	2617
8	2625
0	233
0	200
0	0
0	0
0	0
0	0
0	0
0	0
0	0
0	0
0	0
0	0
0	0
0	0
0	0
0	0
0	0
0	0
0	0
0	0
0	0
0	0
0	0
0	0
0	0
0	0
0	0
0	0
0	0
0	0
0	0
0	0
0	0
0	0
0	0
0	0
0	0
0	0
0	0
0	0
39	11
0	9
0	0
0	3
0	2
0	0
0	0
0	0
0	0
0	0
0	0
0	0
0	0
0	0
0	0
0	0
0	0
0	0
0	0
1	1576
22	1553
12	181
49	1268
0	764
0	41
0	462
0	19
0	19
0	0
15	1350
28	1
0	104
0	1399
4	32
0	50
0	176
0	54
0	0
0	0
0	0
0	0
0	0
0	0
0	0
0	0
13	178
15	177
0	19
0	20
0	0
0	0
0	0
0	0
0	0
0	0
0	0
0	0
0	0
0	0
0	0
0	0
0	0
0	0
0	0
0	0
0	0
0	0
0	0
0	0
0	0
0	0
0	0
2	15
24	3
0	0
0	15
0	9
26	19
47	10
26	0
0	0
10	367
0	377
3	127
5	189
0	72
0	0
0	0
0	0
0	0
0	0
1141	86
0	86
0	0
0	0
0	0
0	0
0	0
0	381
0	381
0	133
0	26
0	19
0	6
0	2
0	0
1	4615
0	4530
7	4503
0	3478
10	2891
0	584
10	114
0	224
0	171
0	99
0	0
0	0
0	0
0	0
502	0
0	0
0	0
0	0
0	60
0	69
0	0
172	104
0	8
0	7
18	71
0	34
0	0
0	0
0	0
0	0
0	0
0	0
0	336
1	350
3	307
0	358
0	152
0	189
0	156
0	323
0	182
0	71
2	121
0	23
0	31
0	0
0	0
0	0
0	0
0	0
0	0
0	0
0	0
0	0
0	0
0	0
0	0
0	0
0	0
0	0
0	0
0	0
0	0
0	0
0	0
0	0
0	0
0	0
0	0
0	0
0	0
0	0
0	0
0	0
0	0
0	0
0	0
0	0
0	0
0	0
0	0
11	229
0	19
15	84
10	184
0	0
0	0
0	0
94	792
6	611
4	292
0	8
0	2
0	1
0	1
0	36
0	79
0	0
0	0
43	713
119	550
618	695
0	0
0	0
0	0
0	0
0	0
0	0
0	0
0	6
16	274
4	274
0	33
0	0
0	13
0	9
0	13
20	13
0	9
0	9
2030	483
0	483
1	58
2	58
12	54
0	0
0	0
2	65
0	15
0	34
0	16
0	12
15	292
14	308
0	153
6	92
13	153
0	0
0	0
0	0
0	0
0	8
0	0
0	0
0	0
0	0
0	0
0	0
0	0
0	239
0	1944
0	1947
0	1935
0	209
0	0
0	88
18	1250
936	122
11	572
0	0
0	154
0	103
0	0
0	0
0	1
0	0
0	0
0	0
0	6
2	1708
0	0
0	1736
8	1125
0	39
0	1729
0	1695
2	1671
0	38
0	7
0	0
0	0
344	156
0	139
25	105
0	101
0	93
0	0
0	40
1	3012
17	2944
28	291
0	141
21	2947
29	263
0	310
0	740
22	4392
286	3294
57	4341
20	1022
10	766
0	388
17	341
0	248
0	443
19	789
0	176
10	229
0	156
22	0
5	185
3	175
0	25
0	9
0	0
0	1
0	0
0	0
0	0
0	0
0	0
0	0
6	0
0	0
0	0
0	0
0	0
0	202
393	321
0	313
0	204
0	147
0	0
0	0
0	0
0	0
0	0
0	0
0	0
0	0
253	1049
19	949
4	1039
7	977
0	621
0	192
0	94
0	50
0	115
0	80
0	158
0	8
0	68
0	63
52	41
0	0
0	0
0	0
0	109
0	106
0	81
0	97
0	79
0	93
0	163
0	4
0	121
0	117
0	83
0	2
613	97
0	58
0	1
0	22
0	9
1	58
0	0
0	0
0	21
0	15
0	23
0	3
0	0
0	18
0	9
0	11
0	8
0	0
670	0
0	0
0	0
124	773
2	773
0	276
0	16
0	0
0	0
0	0
0	0
0	77
1	74
0	74
1	45
0	1
0	8
0	13
0	0
0	2
36	652
1464	949
0	228
0	537
0	0
0	0
0	0
0	0
0	0
0	0
0	0
0	0
0	0
94	12200
0	11090
1	11388
0	11242
22	9458
43	11934
4	10733
0	6437
0	8558
0	2228
0	120
0	325
4	2103
4	2395
3	8
0	1552
0	435
0	88
52	2144
2	2143
0	12
1	12
0	12
0	11
0	11
0	11
0	0
0	0
0	0
0	22
0	888
30	888
0	29
0	0
0	0
0	0
0	0
0	0
0	0
0	0
0	0
0	0
0	0
0	0
0	0
0	0
0	0
0	0
0	0
0	0
0	0
0	0
0	0
0	0
0	0
0	0
0	0
0	0
0	0
0	0
0	266
27	267
0	0
0	247
0	429
4	626
1	316
12	442
0	179
3	264
0	0
0	0
0	0
0	0
0	0
0	0
0	0
0	0
0	0
0	45
0	0
0	35
0	6
0	5
0	0
0	5
0	19
0	13
0	0
0	0
0	0
0	0
0	8
0	1043
0	1801
0	1794
0	1
1	132
13	28
25	43
0	18
0	205
0	658
782	1848
0	579
0	12
0	70
7	409
0	13
0	255
22	375
7	260
4	407
0	0
0	3
0	0
0	0
0	0
0	0
0	671
1223	1798
12	1613
12	3
0	3
4	157
0	125
17	83
3	63
0	11
0	52
0	2
0	2
0	0
0	0
0	0
0	0
0	0
0	0
0	0
0	0
0	0
0	0
0	0
0	0
0	0
0	0
0	0
26	1485
1	1998
0	1737
0	1571
0	815
0	254
0	137
1	516
0	44
0	0
0	0
0	0
0	0
0	0
15	530
3	1773
0	1375
0	1169
0	157
0	118
0	267
3	336
0	19
0	313
0	360
0	302
0	276
3	243
0	142
0	196
0	155
0	132
0	1216
0	1225
0	93
0	1195
70	1018
0	207
0	5
0	338
81	2250
29	2250
0	44
0	143
0	78
0	65
0	119
86	330
0	115
0	48
0	108
0	0
0	0
0	0
0	0
0	0
0	0
0	0
0	0
0	0
0	0
0	0
0	0
0	0
0	0
0	0
0	0
0	0
0	0
0	0
0	0
6	0
5	788
0	1501
0	992
0	1557
0	1172
0	699
0	1257
0	1083
0	408
0	177
1	491
0	327
23	18
0	532
0	368
0	323
0	69
0	179
7	223
0	223
22	5
13	5
17	0
29	3423
179	3471
0	341
4	236
5	652
20	1287
0	365
0	19
0	1527
0	110
0	124
0	157
0	236
23	119
0	17
0	0
0	24
0	25
0	8
0	0
0	0
0	0
0	0
0	0
0	0
0	82
0	8
33	53
5	9
0	0
0	2172
43	2330
0	395
0	1963
23	1937
12	2248
0	2159
0	2203
84	354
0	432
0	452
0	139
20	2985
27	3314
0	41
0	2705
0	361
19	2918
0	341
0	227
0	2212
0	8
6	161
9	161
0	18
0	23
1916	3059
14	3063
0	85
0	0
71	1929
8	2003
0	1811
0	306
0	75
0	2
0	31
8	1221
0	143
0	0
0	0
0	0
0	0
0	0
0	0
0	0
4	370
0	112
1	359
0	13
0	0
0	23
0	0
0	41
0	38
0	5
0	4
0	3
0	0
0	109
0	106
0	101
0	61
0	17
0	0
0	0
0	0
0	0
0	0
0	0
0	0
0	0
0	0
0	0
0	0
10	31
0	31
0	0
0	258
0	255
0	230
0	251
7	256
0	32
0	0
4	129
0	157
12	11
0	11
0	0
0	0
0	488
0	331
0	687
0	773
0	540
0	841
9	889
0	79
0	38
0	836
0	241
0	0
10	662
0	533
5	608
25	568
0	555
0	1048
0	1050
0	1032
0	231
0	181
4	78
0	0
45	144
70	215
0	110
0	0
0	141
0	178
0	0
12	22
0	21
0	5
0	1
0	252
266	999
0	1011
0	24
0	137
0	66
0	969
0	973
0	986
0	414
0	199
0	0
0	0
0	0
0	0
0	0
0	0
0	0
0	9
0	264
25	285
21	44
0	0
0	0
0	0
0	0
0	0
0	0
0	0
0	0
0	0
0	0
0	0
0	0
0	0
0	0
0	0
0	0
0	0
0	0
0	0
0	0
0	0
0	592
0	490
0	568
0	12
0	5513
123	4907
13	5511
0	161
0	1
0	530
0	32
0	32
0	32
0	0
0	32
0	0
0	0
7	63
69	302
2	273
0	37
0	17
95	145
0	0
0	17
0	27
0	21
18	90
0	0
0	0
0	0
0	0
0	0
0	0
10	1
0	1
0	0
0	0
0	0
0	0
0	0
0	0
0	0
0	0
0	657
0	575
0	581
0	671
0	478
312	671
0	150
0	1
0	0
0	84
0	38
55	3
0	0
0	0
0	0
0	0
0	0
0	0
0	0
0	0
0	0
0	0
0	0
0	0
0	0
0	0
0	0
0	0
0	987
19	979
40	947
0	29
0	941
0	528
0	0
0	215
5	85
3	305
0	0
0	0
406	1076
0	66
0	59
0	74
0	58
0	123
8	262
0	71
0	88
0	749
0	0
0	0
0	0
0	25
0	29
0	148
111	54
0	28
0	18
0	21
0	147
0	66
0	23
0	22
0	29
0	0
0	0
0	0
0	0
0	0
0	0
0	0
0	0
0	0
0	0
0	0
0	0
0	0
0	0
0	0
0	0
0	0
0	0
0	0
0	0
0	0
0	0
0	0
0	0
0	0
0	0
0	0
0	0
0	0
133	0
0	0
0	0
0	0
0	0
0	0
0	0
0	0
0	0
0	0
0	0
0	0
0	0
0	0
505	8080
0	7181
212	7810
4	4594
185	5752
0	1
134	2051
114	534
0	0
3	7183
0	117
12	164
0	141
0	168
175	333
25	252
0	0
0	0
0	1228
0	1228
0	1159
0	1159
0	522
0	500
0	531
0	573
0	1055
0	1221
0	1156
0	68
0	437
0	373
3	466
0	374
0	622
0	233
0	108
0	276
0	0
0	0
0	0
0	1025
26	1002
0	84
8	453
0	422
8	385
21	1050
1	990
0	23
0	0
0	0
0	38
0	40
0	14
0	40
1166	307
0	11
107	285
0	11
0	0
10592	6011
0	410
0	212
0	119
0	192
0	8
0	236
4	379
0	130
139	4392
0	23
0	271
0	0
6	0
13	0
0	0
0	0
0	0
0	0
0	0
15	0
0	63
503	245
0	30
0	0
0	61
5	102
0	0
0	0
0	0
0	0
0	0
0	0
0	0
0	0
0	0
0	0
0	0
0	0
0	0
0	0
0	0
0	0
0	0
0	0
0	0
0	0
0	0
0	0
0	3711
20	35
0	8
0	502
112	1207
241	3783
4	577
0	407
10	341
0	647
0	651
0	27
73	3280
0	138
0	175
0	158
19	21
0	4
0	0
1	3267
8	2264
0	2904
0	916
0	110
0	265
0	391
0	86
0	0
0	2
0	0
0	0
0	0
0	0
0	0
0	0
0	0
0	0
0	0
0	0
0	0
0	0
0	0
0	0
0	0
0	0
0	0
0	0
0	0
0	0
0	0
0	0
0	0
0	0
0	0
0	0
0	0
0	0
0	0
0	0
0	0
0	0
0	0
0	0
0	0
0	0
0	0
0	0
0	0
0	0
0	0
0	0
0	0
0	0
0	0
0	0
0	1
0	0
0	0
0	0
0	0
0	0
0	0
0	0
0	0
1	21
12	21
0	0
0	0
0	0
0	0
0	0
0	0
0	0
0	0
0	22
0	121
0	159
0	214
11	242
0	214
0	255
2	224
0	46
0	58
0	67
0	0
3	88
0	100
0	0
0	0
0	0
0	0
0	0
0	0
0	0
0	0
0	0
0	0
35	0
0	0
405	176
0	164
0	53
0	0
0	0
0	5
1264	118
0	43
0	63
0	7
123	749
0	749
0	39
45	2024
79	2142
38	785
0	11
0	272
0	197
25	134
0	120
0	0
0	0
0	0
0	0
0	0
0	0
403	369
14	36
0	2
6	51
16	124
8	265
0	0
1690	433
3	324
0	117
42	15
10	129
2	368
0	408
0	231
0	133
0	58
1	109
0	80
0	176
0	88
5	156
0	52
2	25
19	1959
0	1943
0	417
0	81
0	67
7	787
0	126
5	153
0	35
11	39
0	0
0	0
14	18
0	11
0	4
0	8
0	9
0	3
0	0
0	4
0	2621
135	2619
59	768
0	150
0	82
0	0
0	0
0	0
0	0
0	0
0	0
0	9
0	18
0	15
0	24
0	10
1	18
0	8
0	11
0	0
0	1
0	3
0	0
0	0
0	0
0	0
0	0
0	0
0	0
0	0
0	0
0	0
0	0
0	0
0	0
0	0
0	0
0	0
2447	2069
0	1282
0	1526
0	165
0	177
0	32
0	1
0	1
0	34
0	81
0	90
0	81
0	82
0	1
0	81
0	81
0	15
0	7
0	1
0	0
0	1
0	0
0	1
0	1
0	0
0	1
0	1
0	9
0	1
0	1
0	1
0	0
0	0
0	1
0	9
0	1
0	9
0	1
0	1
0	1
0	9
0	1
0	0
0	0
0	0
0	0
0	0
0	0
137	1706
7	1379
0	1179
0	1188
8	1163
0	1152
0	731
45	318
0	255
0	143
0	258
0	113
0	155
0	212
0	100
0	14
0	16
0	0
0	0
0	0
0	0
0	0
0	0
3	9960
0	0
0	0
0	697
0	691
0	552
0	571
0	577
6	461
41	475
0	53
26	179
0	14
0	100
0	5
0	0
56	83
0	18
0	43
0	22
0	24
0	0
0	0
0	0
0	0
0	0
0	2774
0	2404
1	2404
0	2324
0	469
0	579
56	2493
31	534
0	2074
8	2003
0	204
0	649
0	175
377	146
156	167
0	0
0	0
5	1217
0	580
1	1072
0	917
0	35
0	55
0	0
3	477
0	0
0	300
0	56
0	0
0	0
27	277
0	189
0	142
0	155
0	34
0	231
0	71
0	0
0	0
0	0
0	0
0	0
0	0
0	0
0	0
0	0
0	0
0	0
0	1041
0	1041
8	606
1	43
0	29
0	27
0	37
0	26
31	9
0	9
0	9
0	0
0	0
0	0
0	0
0	0
0	0
0	0
5	150
2	149
0	154
0	3
0	4
0	1
0	6
0	0
0	0
0	10
0	7
0	0
0	2
0	0
0	0
0	0
0	56
0	0
6	110
224	117
56	47
0	1
0	34
0	19
0	6
0	0
0	0
0	0
0	4
2	10
0	6
0	0
0	0
2	155
0	221
0	202
50	189
7	71
0	44
0	0
0	48
0	0
0	0
0	0
0	0
0	0
0	0
0	0
0	0
0	0
0	0
0	0
0	0
0	0
0	0
0	0
0	0
0	0
0	0
0	0
0	0
0	0
0	0
0	0
0	0
0	0
0	0
0	0
0	0
0	0
0	0
0	0
0	0
0	0
0	0
0	0
0	0
0	0
0	0
0	0
0	0
0	0
0	0
0	0
0	0
0	0
0	0
0	0
0	0
0	0
0	0
0	0
0	0
0	0
0	0
0	0
0	0
0	0
0	0
0	0
0	0
0	0
0	0
0	0
0	0
0	0
0	0
0	0
0	0
0	0
0	0
0	0
0	0
0	0
0	0
0	0
0	0
0	0
0	0
0	0
0	0
0	0
0	0
0	0
0	0
0	2
25	3885
0	2454
0	340
0	27
0	2685
0	104
19	3054
0	0
0	53
24	5341
0	4576
0	5341
0	2556
0	1996
0	133
0	0
0	0
0	0
0	0
0	0
0	0
0	1153
3	1155
0	68
0	172
0	979
60	898
0	995
0	965
0	198
0	931
0	7
0	62
0	2
0	71
6	209
0	176
1	232
0	175
0	22
0	0
0	0
0	0
0	0
30	0
0	117
5	291
1	227
0	52
0	126
0	100
0	61
0	0
0	0
0	0
0	0
0	0
0	0
0	0
0	0
0	0
1392	0
0	0
0	0
2	1728
12	1088
36	1711
0	1560
0	39
0	65
0	84
0	0
2	1040
0	0
0	641
0	67
0	35
0	94
0	34
0	664
0	632
0	335
24	530
0	0
0	0
0	0
0	0
0	0
0	0
0	0
0	0
0	0
0	0
0	0
0	0
0	0
2	474
0	17
0	181
0	90
11	85
9	183
18	392
0	160
0	328
0	5
0	0
0	0
0	0
0	0
0	0
0	0
0	0
0	0
0	0
4930	3624
2	477
0	1283
0	178
0	226
0	365
0	2002
0	1882
0	1219
0	0
0	0
0	0
0	1
0	0
0	816
0	727
6	1028
0	1093
492	947
0	840
2	336
0	401
0	110
0	10
0	1
0	0
0	0
0	0
0	404
0	7
0	0
0	0
0	0
0	167
0	0
0	0
0	160
1	1729
4	1736
1	1778
38	1766
6	1766
3	1796
0	82
0	1069
0	1040
7	1012
3	748
0	742
0	17
0	5
0	40
0	0
0	90
0	90
0	90
309	329
0	31
0	1
0	9
0	9
0	31
0	238
0	0
0	0
0	0
0	0
0	0
0	0
0	0
0	0
0	0
0	0
0	0
0	0
0	0
0	0
0	0
0	0
0	0
0	0
0	0
0	0
475	513
0	357
0	26
0	102
0	33
0	0
5	45
410	214
0	0
0	19
0	13
0	0
0	0
0	0
0	0
0	10
0	79
0	47
0	36
0	14
0	6
0	0
0	0
0	0
0	0
0	0
0	0
0	13
12	44
0	1
0	1
0	6
0	1
0	30
0	2
0	1
0	0
0	0
0	0
0	0
0	0
0	0
0	0
0	0
22	24
22	28
10	43
5	18
20	27
0	2
0	0
0	0
1553	988
25	90
0	456
0	141
0	525
31	39
64	0
24	0
40	959
0	167
6	167
14	410
11	227
9	47
0	2
0	134
129	131
0	0
31	276
12	276
0	0
0	0
0	0
0	0
0	0
0	0
0	0
0	0
0	0
0	0
0	1507
0	1568
13	1507
11	1587
0	1507
0	211
0	291
0	59
0	172
0	75
0	128
0	103
0	15
0	72
0	55
0	1
0	1
29	906
0	1572
2	604
5	1294
1	781
0	1386
13	150
0	1165
0	870
3	90
0	123
24	7
0	0
0	0
0	0
0	0
0	0
0	0
0	0
0	0
0	0
0	0
175	8295
0	5224
76	6626
3	4510
21	3201
34	3296
8	2271
0	1996
0	756
0	0
0	0
0	0
0	0
0	0
0	0
0	0
0	0
0	0
0	0
0	0
0	0
0	0
0	0
0	0
0	0
33	2004
0	266
0	2014
0	1767
0	1767
4	1768
0	1614
1	1768
0	233
0	0
9	0
0	0
0	0
0	0
0	0
7	478
0	0
0	0
0	5
0	2358
10	2256
3	2200
0	2358
4	2682
11	141
9	1793
0	8
0	74
0	95
49	2347
8	96
0	0
0	0
0	0
0	57
0	1
9	376
0	938
17	974
4	85
8	423
7	481
0	54
0	44
0	0
0	0
0	0
0	0
0	0
0	0
0	0
0	0
0	0
0	0
7	188
852	401
0	335
0	0
0	0
0	798
18	1114
0	1086
1	977
0	1168
0	3
13	90
0	124
0	310
0	0
0	0
0	14
0	14
0	3
0	5
0	5
0	5
0	5
0	0
0	0
0	0
0	0
0	0
0	0
0	0
0	0
0	0
0	0
0	0
0	0
0	0
0	0
0	0
0	0
0	0
0	0
0	0
0	0
0	0
0	0
0	0
0	0
0	0
0	0
0	0
0	0
0	0
0	0
0	0
0	0
0	0
0	0
0	0
0	0
0	0
0	0
0	0
0	0
0	0
0	0
0	0
0	0
0	0
0	0
0	0
0	0
0	0
0	0
0	0
0	0
0	0
0	0
0	0
0	0
0	0
0	0
0	0
0	0
0	0
0	0
0	0
0	0
0	0
0	0
0	0
0	0
0	0
0	0
0	0
0	0
0	0
0	0
0	0
0	0
0	0
0	0
0	0
0	0
0	0
0	0
0	0
0	0
0	0
0	0
0	0
0	0
0	0
0	0
0	0
0	0
0	0
0	0
0	0
0	0
0	0
0	0
0	0
0	0
0	0
0	0
0	0
0	0
0	0
0	0
0	0
0	0
0	0
0	0
0	0
0	0
0	0
0	0
0	0
0	0
0	0
0	0
0	0
0	0
0	0
0	0
0	0
0	0
0	0
15	330
0	0
0	0
91	448
1	438
0	387
3	387
0	5
0	58
0	49
0	73
0	46
0	4
0	0
0	0
0	440
0	123
0	4
185	0
75	18
0	154
2	237
14	220
0	0
0	0
6	0
153	2369
17	2369
49	663
38	495
0	40
0	2
0	7
0	0
0	144
10	5
0	7
1	16
0	7
11	28
8	55
12	71
0	36
0	29
0	0
0	0
0	0
0	0
0	0
0	0
0	0
0	0
0	0
0	0
0	0
0	0
0	0
0	0
0	15197
4	14467
0	3681
0	20
267	11689
0	1242
115	2660
0	0
0	0
0	0
8	25
0	3
0	0
0	0
0	0
6	0
0	0
0	0
0	0
0	0
0	0
0	0
0	0
6	2388
0	2400
0	2400
0	2619
0	2820
5	2625
0	2399
0	2400
3	1058
4	469
16	557
0	1598
0	647
0	2
0	0
0	0
0	0
0	1
0	1
0	2
0	2
0	2
0	1
0	0
0	0
0	0
0	0
0	0
0	0
0	0
0	0
0	0
4243	14255
117	18326
0	1322
0	7172
1860	18943
0	0
8	17
1855	7740
0	949
9	6494
0	21
3	1522
45	1636
0	1473
0	343
0	258
0	219
12	83
0	184
0	70
0	84
0	52
0	58
27	3
0	2
0	3
0	0
0	0
0	0
0	0
0	0
0	3
0	0
0	3
0	3
0	0
0	3
0	0
0	0
0	0
0	0
0	0
0	0
0	0
0	0
0	0
0	0
0	0
0	0
0	0
0	0
0	0
0	0
0	3652
0	3669
0	3503
0	2652
0	3389
0	3691
0	180
0	2296
0	2188
0	3164
0	1416
5	1598
0	2509
0	2574
4	1006
0	2561
0	2895
18	1557
0	1288
0	2815
0	2468
0	1569
0	807
0	1268
14	684
3	678
0	1769
0	524
163	1476
0	435
0	1021
2	1899
0	1858
0	1852
3	590
0	134
0	149
0	0
14	387
0	2
0	552
0	1048
0	727
1	962
0	940
0	621
0	630
0	322
0	519
0	35
0	608
0	467
0	556
0	554
0	455
0	452
0	419
0	243
0	72
0	325
0	25
0	14
0	111
0	294
0	187
0	144
0	0
0	129
1	0
0	0
0	0
0	0
0	0
107	426
12	265
2	468
30	344
11	185
26	138
0	59
132	3300
51	3467
95	3440
0	60
5	335
55	220
0	0
17	5
71	1240
53	1204
3	1015
16	132
0	64
0	89
0	1
0	0
0	0
0	0
0	0
0	0
0	0
0	0
0	0
0	0
0	0
0	0
0	0
0	0
0	0
0	0
0	0
0	0
0	0
0	0
0	0
0	0
0	0
10	46
0	24
0	9
0	0
0	0
0	0
0	0
0	0
0	0
0	0
0	0
0	0
0	971
16	875
0	6
0	6
5	915
4	1013
9	857
4	886
0	18
0	0
4	702
0	847
0	775
4	262
0	301
0	98
56	2
13	256
0	37
10	65
0	0
443	2684
0	0
0	0
0	0
0	0
0	0
0	0
0	0
0	0
0	0
0	1676
0	0
0	0
0	0
0	0
0	0
0	0
0	0
0	0
0	0
0	0
0	0
0	0
0	0
0	0
0	0
0	0
0	0
0	0
0	0
0	0
0	10
0	40
0	20
0	15
0	5
0	1
0	11
0	1
0	6
0	25
0	18
0	2
0	2
9	78
0	64
0	31
0	26
0	14
0	8
0	8
0	0
0	3
0	9
0	2
11	10
0	0
0	4
0	0
0	0
0	0
0	0
0	0
0	0
27	400
0	291
3	323
0	279
0	32
41	258
0	34
0	0
0	0
0	0
0	0
461	2205
9	431
2	0
0	0
0	1774
300	0
11	0
92	189
0	204
3	173
0	11
0	10
57	8
0	0
0	11
4	11
0	35
490	35
0	11
99	73
0	110
0	132
4	96
0	126
0	102
0	94
0	3
0	0
0	6
0	0
0	118
408	47
0	47
0	44
0	1
18	112
6	94
0	7
42	9
13	92
0	114
0	0
0	0
0	0
0	445
6	7
80	1638
0	108
0	671
8	840
0	597
0	349
1	737
0	0
0	96
0	78
0	356
0	32
0	4
39	2440
891	3397
24	1211
0	57
4	1153
1	153
0	0
0	257
0	153
0	190
0	80
0	64
0	28
0	8
0	25
0	0
28	909
0	9
0	121
0	59
0	30
0	236
0	0
0	0
0	0
0	0
0	0
0	2
0	0
0	4
39	0
162	10359
23	9126
52	6683
30	8348
53	7816
0	769
25	804
0	494
0	313
0	274
0	3
0	365
0	220
0	827
12	599
0	98
0	2
14	301
0	259
17	254
0	405
0	120
0	29
0	13
0	0
0	0
0	0
0	0
0	0
0	0
0	0
0	166
2	167
6	167
0	177
0	1
0	3
0	84
0	0
0	0
1071	5469
17	5469
0	731
97	0
0	230
25	304
0	30
30	310
124	520
0	2
0	63
0	316
0	68
0	2
0	2
0	328
0	0
350	3228
7	3228
0	0
0	0
0	0
0	0
0	0
0	0
14	24
0	22
0	24
0	0
1	1361
0	0
0	0
0	0
0	0
0	573
0	17
0	24
0	16
0	53
0	150
0	68
0	94
0	704
14	676
0	0
0	495
0	0
0	11
0	32
0	6
2	63
2	186
0	44
0	38
0	0
0	0
0	0
3	3
0	2
0	1
0	1
0	0
0	0
0	0
0	0
0	0
0	0
0	0
0	0
0	0
0	0
0	71
0	138
1	84
0	1
4	84
0	80
50	104
0	98
2	88
0	9
0	49
0	0
0	16
0	1
0	27
0	0
0	3
0	0
0	0
0	0
0	1979
3	6220
6	2435
0	39
148	3184
0	5
0	1132
0	0
0	538
13	26
0	1924
0	5167
0	4318
0	947
0	3
19	1011
0	84
0	0
0	0
0	0
0	0
0	0
0	0
13	2964
0	703
0	136
0	322
0	2569
0	409
0	62
0	67
0	226
0	999
0	302
0	115
0	58
16	2720
12	1957
0	48
1	164
0	425
0	11
0	11
0	548
0	2624
0	434
0	318
0	573
0	611
0	756
0	466
3	2620
0	78
0	395
0	276
0	0
166	1799
19	1472
74	1769
10	484
0	0
1581	164
0	159
11	68
0	6
36	0
13	96
5	92
0	114
0	0
466	120
0	0
0	0
0	0
0	0
0	0
0	0
0	0
0	0
0	27
3	163
0	6
0	7
0	131
0	0
491	0
0	3721
59	3815
20	2765
0	2611
1	1697
6	395
24	1184
0	0
0	0
0	0
182	49
189	83
0	34
0	0
0	0
0	0
0	0
0	0
0	0
126	0
0	0
0	0
0	0
15	62
0	56
0	532
205	2556
31	2556
0	0
0	0
0	13
24	526
11	134
0	482
0	92
0	254
0	2778
136	3167
238	2194
179	2301
0	0
0	0
27	2332
3034	8093
0	438
0	256
0	7597
5	3368
47	51
0	44
0	29
0	5
0	6
0	3
0	12
0	0
0	0
0	0
0	0
0	0
0	0
0	0
0	0
0	0
0	0
0	0
0	0
0	0
0	0
0	0
0	0
0	0
0	0
0	0
0	0
0	0
0	0
0	0
30	0
0	0
0	0
0	0
0	0
0	0
0	0
0	0
0	0
0	0
0	0
76	1
0	0
0	0
0	0
0	0
0	0
0	0
0	0
0	0
0	0
0	0
0	0
0	0
0	0
0	0
0	0
0	0
0	0
0	0
0	0
0	0
0	0
0	0
0	0
0	0
0	0
0	0
0	0
0	0
0	0
0	0
0	0
0	0
0	0
0	0
0	0
0	0
0	0
0	0
0	0
0	0
0	0
0	0
0	0
0	0
0	0
0	0
0	0
0	0
0	0
0	0
0	0
17	135
0	346
0	298
340	345
0	0
0	0
0	0
0	0
14	452
127	451
1	311
5	294
0	164
22	76
0	0
0	0
0	86
43	130
0	18
0	157
0	199
0	6
0	0
0	346
965	191
0	106
0	63
1085	675
0	325
0	229
0	350
0	0
0	0
0	0
0	0
0	0
0	0
0	0
0	0
6556	255
111	255
0	0
150	46
1	125
0	81
0	122
0	16
0	0
0	0
0	0
0	0
0	0
0	27
0	6
0	2
0	228
0	28
0	155
0	4
0	29
0	0
0	19
0	0
1	203
0	212
0	27
0	65
1	190
0	158
0	0
0	0
0	0
0	0
0	0
0	0
0	0
0	0
0	0
0	0
0	0
0	0
0	0
0	0
0	0
0	0
0	0
0	0
0	0
0	0
44	2665
0	2620
0	106
0	26
0	0
7	441
0	332
0	48
0	141
59	496
1	218
0	187
0	216
0	124
0	11
610	89
11	105
2	66
18	127
10	36
0	126
0	10
0	9
0	18
0	8
0	7
0	0
0	1
0	0
0	0
0	0
0	0
0	0
1	958
11	1184
382	1276
64	383
0	138
0	387
0	359
0	38
0	0
0	0
10	369
0	0
0	0
0	55
29	55
0	0
0	0
0	0
0	0
29	631
55	490
34	386
0	5
0	47
0	74
0	563
7	580
0	20
0	14
0	16
0	0
0	0
0	0
11	0
0	0
0	0
0	0
0	0
0	0
0	0
0	0
0	0
0	0
0	0
0	0
0	0
0	0
0	0
0	0
0	0
0	10
0	0
0	10
0	0
0	0
0	0
0	0
0	0
0	0
0	0
0	0
0	0
0	0
0	0
0	0
0	0
0	3
0	0
0	3
0	0
0	0
0	0
0	0
0	1
0	0
0	0
0	0
0	0
0	0
0	0
0	0
0	2
0	0
0	0
0	0
0	0
0	0
0	0
0	0
0	1
0	0
0	2
0	0
0	2
0	2
0	0
0	0
0	0
0	0
0	0
0	0
0	0
0	0
0	0
0	0
0	0
0	0
0	0
0	0
0	0
0	0
0	0
0	2
0	0
0	0
0	0
0	0
0	0
0	10
0	0
0	2
0	0
0	0
0	0
0	0
0	0
0	450
0	0
0	4072
0	0
0	0
0	0
0	0
0	1354
0	2
0	0
0	0
0	0
0	0
0	0
0	0
51	28
0	16
0	11
0	14
0	14
0	11
0	9
0	10
0	7
0	4
0	0
0	0
0	3
0	3
0	0
0	0
0	0
0	0
0	0
0	0
0	0
0	0
0	4
0	0
0	0
25	20
0	9
0	5
0	2
0	2
0	2
0	2
0	2
0	2
0	5
0	8
0	2
0	0
0	1
0	0
0	0
0	0
0	0
0	0
0	0
0	0
0	3
0	0
0	3
0	2
0	5
0	2
0	5
0	2
0	0
0	0
0	0
0	0
0	0
0	0
0	0
0	0
0	0
0	0
6208	4072
0	0
0	0
0	0
4	264
0	247
0	38
0	35
0	27
0	34
0	36
0	21
0	20
0	12
0	11
0	3
0	0
0	0
0	1273
0	1239
16	1114
0	373
30	66
13	78
14	163
0	89
0	131
0	5
0	133
8	120
0	2
0	153
40	5
0	206
14	148
0	51
18	134
0	66
0	0
0	3
0	40
0	73
324	334
0	329
0	51
0	27
427	1577
20	1097
0	662
0	640
0	644
0	620
6	340
0	14
0	362
82	1114
11	1081
0	318
0	206
0	10
0	33
0	0
0	0
0	0
0	0
0	0
0	0
0	0
0	0
0	0
0	0
0	0
0	0
0	0
0	0
0	0
0	0
0	0
0	0
0	0
0	0
0	0
0	0
0	0
0	0
0	0
0	0
0	0
0	0
0	0
0	0
0	0
0	0
0	0
0	0
0	0
0	0
0	0
0	0
0	0
0	0
0	0
0	0
0	0
0	0
0	0
0	0
0	0
0	192
0	0
0	0
0	0
0	0
0	0
0	0
0	0
0	0
0	0
0	0
0	0
0	0
1	1687
5	1454
4	180
0	165
0	118
0	101
0	0
0	0
0	0
0	0
0	0
0	0
0	0
0	0
0	0
0	0
0	0
0	2
0	1302
0	1302
0	223
0	217
0	1064
0	750
0	1012
0	19
0	1263
0	161
0	1068
0	23
0	86
18	1311
0	217
0	833
24	941
0	36
0	175
0	532
0	377
0	164
0	157
0	233
17	387
0	159
6	234
0	0
0	15
20	36
11	9
14	25
0	25
512	871
42	674
0	41
0	50
0	147
0	0
119	0
0	153
0	71
20	828
0	109
0	216
0	107
2	100
33	2639
0	2635
0	81
0	84
0	0
0	36
0	43
0	115
13	0
0	0
29	1743
0	94
28	1447
24	934
24	530
0	234
0	11
8	201
9	243
0	31
13	0
0	0
0	0
0	0
0	0
0	0
0	0
0	0
0	0
0	0
0	0
0	0
0	0
0	0
0	0
0	0
0	0
0	0
0	0
0	0
0	0
0	0
0	0
0	0
0	0
0	0
0	0
10	61
0	0
0	0
0	0
0	60
0	1
73	61
0	31
0	3
0	0
0	0
0	0
156	99
0	99
5	13
0	23
0	0
0	14
0	8
11	21
0	5
0	145
0	120
3	154
0	9
0	11
0	9
0	21
0	26
0	3
0	8
0	25
0	12
0	3
0	6
0	12
0	8
0	2
0	5
0	0
0	0
0	0
0	0
0	0
0	0
0	0
0	0
0	0
0	0
0	0
0	0
0	0
0	29
382	120
0	93
0	1
0	36
0	42
0	4
14	42
0	0
85	33
9	33
0	2
0	803
0	1655
0	333
0	672
39	7030
10	8398
128	8889
0	1773
0	216
0	1085
5	5257
0	1249
0	944
0	2718
0	887
0	2
0	1317
1	944
0	944
0	205
0	12
36	0
0	0
0	0
0	0
0	0
0	0
3	867
1	871
0	748
1	435
44	664
0	2
10	78
0	0
0	0
0	0
0	0
0	0
0	0
0	0
0	0
0	45
0	45
0	155
21	214
1	47
10	143
0	159
24	149
0	37
1	42
0	0
0	0
415	372
0	218
0	147
16	258
0	151
18	0
1	1382
65	878
0	144
0	523
0	1397
4	176
8	1385
0	241
19	247
235	552
0	33
0	0
0	0
0	0
0	0
0	0
0	0
0	0
0	0
0	0
0	0
8	662
4	690
0	493
11	439
0	134
0	169
0	35
0	155
21	25
39	30
10	12
0	0
25	0
0	109
0	0
0	109
33	109
0	0
31	0
0	0
0	0
114	330
0	303
0	190
42	206
0	179
0	4
2	26
0	22
97	1247
120	1235
423	1358
0	745
0	135
0	5
0	0
0	0
0	0
4040	20402
984	14145
546	12075
136	2104
11	9360
118	12326
0	1238
0	1491
0	1964
0	3170
0	3181
0	3179
0	3178
0	2
0	2
0	32
0	32
0	36
0	41
0	1
0	3
0	6
0	5
0	0
0	0
0	0
0	0
0	13161
4	13152
0	13757
0	2997
0	667
20	13788
0	12525
0	13121
110	14452
0	13891
45	10616
0	13090
0	4
0	281
0	1164
0	570
0	460
0	31
0	587
0	0
0	588
0	579
0	300
0	193
0	190
0	106
0	0
0	0
0	0
0	0
0	0
0	0
0	0
15	85
0	0
0	88
24	113
0	95
0	39
0	26
0	5
0	0
0	456
183	560
0	12
0	10
0	24
0	24
0	599
8	254
1	579
0	300
2	385
0	211
0	86
4	602
1	593
8	569
0	21
0	87
0	8
0	40
0	27
0	36
0	25
0	9
50	507
0	191
0	218
4	337
0	320
0	374
0	351
0	243
0	186
0	1414
49	1368
28	1001
5	931
0	13
0	270
0	147
7	606
23	959
0	877
3	452
0	708
1	245
0	70
0	4
3	433
0	2101
0	2069
0	1685
2	1836
0	1280
0	275
0	31
0	219
1	94
518	572
128	216
26	305
11	223
3	628
17	76
0	63
0	15
0	5
0	8
0	22
0	11
0	2
2	590
14	821
0	212
6	321
4	208
0	703
0	0
0	596
21	797
0	147
0	180
0	47
0	86
0	0
0	0
0	0
0	0
0	0
0	0
0	0
0	1
0	1
0	42
2	250
38	195
0	3
0	113
0	0
0	76
0	0
0	0
0	0
0	0
0	8
0	17
1	17
0	1
0	11
0	1
0	3
0	0
0	1950
2	2198
0	2114
0	1814
36	406
14	15
27	298
8	193
6	733
22	628
40	661
0	210
0	266
33	435
1	595
0	232
0	180
0	213
2	1160
0	1485
0	868
0	1193
177	1209
0	842
0	169
0	132
0	285
0	243
0	1491
0	9
7	1529
0	4
26	1266
0	858
0	21
0	46
0	1090
0	455
0	78
2	1481
0	276
0	1
0	1
0	1
0	1
0	0
0	0
0	0
0	0
0	0
0	0
0	0
2	41
15	40
0	18
0	3
0	18
0	1
0	0
0	1
0	26
0	3
0	0
83	0
147	3239
65	3239
0	58
0	1
22	1
0	0
0	0
0	0
116	257
48	89
0	89
0	119
30	160
0	0
0	0
0	0
0	0
0	0
0	0
0	0
0	0
0	0
0	0
0	0
0	0
0	0
0	0
0	0
0	0
0	0
0	0
0	0
0	0
0	0
0	0
0	0
0	0
0	0
0	2
548	497
0	196
63	498
7	354
14	2
0	31
0	0
0	6
7	442
0	631
0	554
3	33
20	501
1	113
22	502
0	47
0	13
16	78
164	0
0	0
0	0
0	0
0	0
0	0
0	0
0	1
0	0
0	0
0	0
0	0
0	0
0	0
0	0
0	0
0	0
0	0
0	0
0	0
0	0
0	0
0	0
0	0
0	0
0	0
0	0
0	0
0	0
0	0
0	0
0	0
0	0
0	0
0	0
0	0
0	0
0	0
0	0
0	0
0	0
0	0
0	0
0	0
0	0
0	0
0	0
0	0
0	0
0	0
0	0
0	0
0	0
0	0
0	0
0	0
0	0
0	0
0	66
0	0
0	0
0	0
0	66
0	0
0	51
0	0
0	0
0	60
0	0
0	80
0	19
0	69
0	64
0	62
0	13
0	13
0	5
0	0
0	0
0	0
0	0
0	0
0	0
0	0
0	7
0	0
0	0
0	0
0	0
0	0
0	0
0	0
0	0
0	0
0	0
0	0
0	0
0	0
0	0
0	0
0	0
0	0
0	0
0	0
0	0
0	0
0	0
0	0
0	0
0	0
0	0
0	0
0	0
0	0
0	0
0	0
0	0
0	0
0	0
0	0
0	0
0	0
0	0
17	1
0	0
0	0
0	0
0	0
0	0
0	0
0	0
0	0
0	0
582	1235
0	335
7	539
3	344
0	0
0	417
0	301
0	338
0	204
0	5
0	31
0	0
0	30
0	4
0	2
0	0
0	0
0	16
0	8
0	22
0	8
0	4
0	12
0	4
0	5
0	0
0	0
0	0
0	0
0	0
84663	0
2	127
0	13
6262	537
0	121
11	524
0	0
0	0
0	0
15	0
0	0
0	0
0	0
0	0
0	0
0	0
0	0
36	0
11	5806
87	5978
93	5701
0	1872
0	1877
19	1098
0	0
0	0
0	2516
327	3357
0	1728
0	602
0	518
0	318
0	248
0	26
0	59
6	181
0	150
27	178
0	158
0	180
0	184
0	11
0	10
0	9
0	180
0	47
0	182
0	43
6	156
0	72
0	85
0	7
9	22
0	29
0	10
0	0
0	0
0	0
0	0
0	0
38	696
0	78
4	523
4	663
9	646
0	51
18	443
9	469
6	469
1	470
0	435
0	398
0	52
0	2
0	0
13	9
0	6
0	4
0	0
0	0
0	0
0	0
0	0
0	0
0	0
0	0
0	0
0	0
0	0
0	0
1754	2392
18	182
15	346
41	1312
181	1632
6	135
255	798
0	7
3	219
0	60
0	29
0	59
0	12
0	8
0	40
18	112
0	1144
401	1334
5	916
0	0
274	296
18	296
17	272
0	1220
206	1596
0	181
40	607
11	102
0	38
0	34
0	48
0	40
0	47
0	14
0	16
0	9
0	2
0	1
0	0
0	0
0	26
0	796
0	0
0	89
0	877
0	795
0	22
0	8
2	711
0	15
13	830
0	961
0	128
0	781
0	659
0	2
0	331
0	0
0	6
0	100
185	311
9	309
15	185
22	8
0	3
0	0
0	0
0	0
0	0
0	0
0	0
0	0
0	0
0	0
0	0
0	0
0	0
0	0
0	0
0	0
0	0
0	0
0	0
0	0
0	0
0	0
0	0
0	0
0	0
0	0
0	0
0	0
0	0
0	0
0	0
0	102
0	108
0	92
0	87
1	97
0	97
0	97
0	108
0	87
0	95
0	92
0	93
0	87
0	96
10	71
0	72
4	113
0	97
0	97
0	93
0	93
0	79
0	96
0	96
0	96
0	96
0	88
0	85
0	86
0	87
0	70
0	95
0	71
0	95
0	101
0	92
0	88
0	91
0	96
0	97
0	96
0	99
0	103
0	95
0	98
0	66
0	80
0	76
0	78
0	58
0	30
0	59
0	36
0	1
0	0
0	18
0	20
0	20
0	5
0	7
0	8
0	12
0	12
0	10
0	1
0	1
0	5
0	0
0	0
0	0
0	0
1013	1700
14	1686
0	6
0	65
0	95
0	3
0	57
0	312
0	31
0	71
1778	1064
0	97
65	271
7	183
0	54
0	30
0	11
0	11
6	177
133	332
8	136
17	28
25	64
89	507
0	514
0	45
7	217
0	157
0	24
0	87
0	0
3	3997
78	4329
9	4298
0	3283
36	4085
3	3961
0	1807
0	1600
0	362
5	1265
0	3
9	556
0	0
0	0
0	1
0	379
37	190
459	489
94	336
0	0
0	0
0	0
0	0
0	0
0	0
0	0
0	0
0	0
0	0
0	0
0	0
0	0
0	0
0	0
0	114
0	2708
0	2343
0	2709
47	2250
12	2700
0	218
0	0
0	0
0	175
0	332
0	120
0	152
17	464
0	576
0	82
238	597
0	432
9	349
12	262
2	174
0	27
0	80
9	20
0	1
3	298
0	201
0	0
1	0
0	3
1	102
0	21
0	0
80	996
32	770
0	52
0	409
20	171
0	51
1515	172
0	7
5	120
0	54
0	0
0	0
0	0
0	0
0	0
0	0
0	0
0	0
0	0
0	0
0	31
1	85
0	0
0	0
0	0
1	890
0	2
0	849
0	831
0	833
5	657
0	9
0	0
2	15
0	4
0	1
0	30
0	31
0	20
0	2
47	1203
0	0
0	81
21	1413
0	0
0	0
0	0
0	0
0	0
0	0
0	0
0	0
0	0
0	0
0	0
0	44
10	238
137	96
0	138
0	6
71	336
0	41
0	148
0	17
0	15
0	9
0	3
0	35
0	20
0	7
0	162
0	37
0	6
0	147
0	27
0	131
0	0
0	135
0	0
0	23
0	0
0	138
0	138
0	125
0	16
0	141
0	2
0	2
0	37
0	1
0	1
0	1
0	1
11	1291
15	1197
0	0
0	0
0	0
0	0
0	1249
0	31
0	3
0	30
13	846
1	782
0	51
0	0
0	0
0	52
0	0
0	0
0	0
2191	0
0	0
0	0
0	0
0	0
0	0
0	0
0	0
0	0
0	0
0	0
0	0
0	0
0	0
0	0
0	0
0	0
0	0
0	0
0	0
0	0
0	0
0	0
0	0
0	0
0	0
0	0
0	0
0	0
0	0
0	0
0	0
0	230
51	1445
11	1445
1	1071
3	188
269	203
8	62
7	14
31	14
872	0
60	42
132	161
0	20
0	108
3	20
0	17
71	69
0	0
0	0
0	0
0	0
0	0
11628	0
7	0
0	0
0	0
0	0
0	0
11	0
0	0
0	0
0	0
0	0
109	0
57	0
0	0
0	0
0	0
0	0
19	1
24	75
0	0
0	0
6	13
1	0
106	1
0	0
0	0
716	7
0	0
0	0
0	0
102	13
0	0
0	0
0	0
299	38
0	85
0	0
2	10
0	0
0	0
0	25
0	0
0	0
0	0
0	0
0	0
0	73
0	0
0	0
0	0
1	73
0	0
0	0
0	0
0	0
0	0
0	25
0	10
0	0
0	0
0	10
0	0
0	0
0	85
0	62
200	38
0	0
0	0
1	13
0	0
0	0
0	0
14	7
0	0
0	0
0	0
0	1
0	0
0	0
0	13
0	0
0	0
0	75
0	1
0	0
0	0
0	0
0	0
0	0
0	0
0	0
0	0
0	0
0	0
0	0
0	0
0	0
0	0
0	0
0	0
0	0
0	0
0	0
0	0
0	0
0	0
0	0
0	0
0	0
0	0
6	51
0	0
0	1
0	23
0	1
0	1
0	51
0	0
19	22
0	24
0	0
0	0
0	0
0	0
0	0
0	17
0	10
0	0
0	0
0	0
0	16
0	0
0	0
0	0
0	0
0	0
0	0
0	0
0	0
0	0
0	0
0	0
0	0
0	0
0	0
0	0
0	0
0	0
0	0
0	0
9	2
0	2
0	0
0	0
9	0
254	188
0	142
0	0
0	46
0	12
0	0
0	0
0	0
0	0
0	0
0	0
0	0
0	0
0	0
0	0
0	0
0	1
64	241
0	192
4	215
0	166
0	0
299	1452
55	478
6	1323
0	527
0	397
19	765
0	10
0	23
62	177
6	183
3	162
0	1
3	190
1	148
0	175
0	81
3	77
0	0
12	1
0	1
0	0
0	0
0	0
0	0
0	0
0	0
0	0
0	0
0	0
0	0
0	0
0	0
0	0
0	0
0	0
0	0
0	0
0	0
0	0
0	0
5	78
32	698
136	664
3	175
5	200
11	178
0	0
0	0
0	0
0	0
0	0
0	0
0	0
0	0
0	0
0	0
0	0
0	0
0	0
63	19
0	19
0	13
4	13
0	0
0	0
0	0
0	0
0	0
0	0
0	0
0	0
0	0
0	0
0	0
0	0
0	0
0	0
0	0
0	0
0	0
0	2
191	23
17	10
2	139
11	59
19	48
0	26
0	26
0	38
0	14
0	0
9	22
8	830
0	9
7	28
0	810
0	0
0	0
0	0
0	0
0	7
0	0
0	2
0	0
0	0
0	0
0	0
0	0
0	0
2152	1132
42	1132
0	0
517	4135
11	3270
0	525
10	474
0	3
0	103
6	125
29	76
0	15
292	1068
1	1068
0	118
714	2452
0	87
1350	1981
0	470
3351	6685
0	5519
0	4175
0	220
0	277
0	73
47	1059
104	1326
11	0
0	63
0	238
14	231
0	231
168	232
21	1525
0	1345
4	658
8	1000
0	152
1	1509
22	359
0	18
0	13
0	18
0	0
0	0
5	136
2	1461
26	1252
0	135
7	1433
2	1246
0	1033
11	924
0	836
0	1029
0	893
0	62
0	25
0	469
0	496
19	11
0	34
0	202
0	228
0	102
0	52
0	19
0	48
0	25
0	33
0	18
0	0
0	0
0	0
0	0
0	0
0	0
0	0
5	246
1	230
0	202
0	121
0	92
0	64
0	62
0	21
0	22
943	107
0	11
0	107
0	56
0	0
0	0
3	239
38	240
16	141
0	23
0	4
0	8
2	156
0	95
0	135
0	47
0	27
17	314
135	182
18	756
0	365
1	729
12	409
0	103
0	57
0	0
0	0
0	0
0	0
0	0
0	0
0	0
0	0
0	0
0	0
0	0
0	0
0	0
0	0
0	0
0	0
0	0
0	3
377	2252
10	2294
0	0
122	711
0	116
0	728
0	0
0	0
0	23
0	228
0	235
4	18
5	16
5	185
37	150
0	85
0	20
29	285
0	13
0	0
0	59
0	6
0	0
0	0
0	0
0	0
0	0
0	0
0	278
0	58
10	21
0	21
0	56
0	13
58	23
0	73
0	0
0	59
0	5
2	41
0	7
0	14
0	7
0	50
0	24
0	0
0	0
0	5
0	2
0	217
1	91
0	36
0	236
0	225
0	1
0	30
0	22
0	0
0	0
1446	822
0	822
0	767
15	0
967	426
47	430
0	47
0	0
0	0
0	0
0	0
0	0
0	0
0	0
0	0
0	0
0	0
0	0
0	0
0	0
0	0
0	0
0	0
0	0
0	0
0	0
0	0
0	0
0	0
0	0
0	0
0	0
0	0
0	0
0	0
0	0
0	0
0	0
0	0
0	0
0	0
0	0
0	0
0	0
0	0
0	0
0	0
0	0
0	0
0	0
0	0
0	0
0	0
0	0
0	0
0	0
0	0
0	0
0	0
0	0
0	0
0	0
0	0
0	0
0	0
0	0
0	0
0	0
0	0
0	0
0	0
0	0
0	0
0	0
3634	879
17	593
0	159
0	142
0	2
2	10
0	3
0	2
0	0
0	0
0	0
0	0
0	0
0	0
0	0
0	0
0	0
0	0
0	0
0	0
0	0
0	0
0	0
0	0
0	0
0	0
0	0
0	0
0	0
0	0
0	0
0	0
0	0
0	0
0	0
0	0
0	0
0	0
0	0
0	0
0	0
0	0
0	0
39	1665
26	1056
0	369
0	1782
1	905
0	21
0	985
0	45
5	17
10	89
142	144
24	124
12	102
52	84
41	22
46	295
25	300
5	300
0	59
0	43
0	88
0	29
0	29
0	10
0	5
0	0
0	0
0	3
0	1
0	1
0	0
0	0
0	0
0	0
0	0
0	0
0	0
0	0
0	0
0	0
0	0
0	0
0	0
0	0
0	0
4	21
0	18
0	19
0	5
0	14
0	16
5	13
0	3
0	2
0	1
0	1
0	0
0	2
0	1
0	0
0	0
0	0
0	0
0	0
0	153
11	40
7	32
0	0
0	294
0	0
4	82
1	82
0	22
2	49
0	0
0	11
0	0
0	146
1	33
0	414
79	179
2	359
59	559
20	51
14	258
0	134
0	49
288	970
0	82
0	113
0	795
78	792
0	0
0	0
0	0
0	0
0	0
0	0
0	0
0	0
203	343
0	131
0	230
0	125
0	137
0	143
0	110
0	63
0	0
105	7556
295	7240
0	453
8	328
0	750
0	2712
0	2643
96	2384
0	110
59	166
62	402
0	1848
0	132
92	112
0	63
0	137
0	135
0	130
0	3
0	5
2	555
21	0
0	0
0	0
0	0
0	0
0	0
0	0
0	0
0	0
0	0
0	0
0	0
0	0
0	0
0	0
0	0
0	0
0	0
0	0
0	0
0	0
0	0
0	0
0	0
311	219
0	203
0	25
0	70
0	63
0	37
0	15
0	22
0	3
0	4
0	0
0	0
0	0
0	0
0	0
0	0
1397	681
0	365
0	409
0	0
0	0
0	0
0	0
0	0
0	0
0	0
0	0
0	0
0	0
0	0
0	0
0	0
0	0
0	0
0	0
0	0
0	0
0	0
0	0
0	0
0	0
0	0
0	0
0	71
251	16255
1	4939
548	15550
990	18728
2612	16495
26	15582
13	15594
0	8038
0	15954
23	7736
46	11083
1	37
0	37
0	2
0	1
0	0
0	1
0	0
0	0
0	0
0	0
0	0
0	0
0	0
70	164
48	158
0	7
9	125
104	1558
1615	1433
0	91
133	274
90	1
0	0
0	0
0	0
0	0
0	0
0	0
0	0
0	0
0	0
0	0
0	0
0	0
0	0
0	0
0	0
0	2
0	111
0	100
0	101
0	87
0	76
0	106
0	92
0	103
0	49
0	76
0	72
0	90
0	6
0	0
0	21
0	62
0	5
0	0
0	3
0	0
0	10
0	0
0	0
0	0
0	0
0	0
0	115
0	18
0	18
13	115
0	50
0	77
0	26
0	38
0	33
0	11
0	64
0	64
14	319
0	84
0	21
0	47
0	27
0	59
15	327
0	50
0	34
0	13
0	0
0	0
0	0
0	0
0	0
0	0
0	0
0	0
0	0
0	0
0	0
0	0
0	0
0	0
0	0
0	504
12	1248
17	9
1	1247
0	104
0	0
34	96
0	18
0	71
0	13
0	0
0	0
0	0
0	0
0	0
60	0
0	0
0	0
0	2
65	171
0	167
2	128
0	30
0	11
0	2
0	0
0	5
0	6
0	83
3	86
4	1
0	4
0	6
3	84
0	4
0	36
0	0
0	0
0	0
0	0
0	0
0	0
0	0
0	0
0	0
0	0
0	0
0	0
0	0
0	0
0	0
0	0
0	0
0	0
0	0
0	0
0	0
0	0
0	0
0	0
0	0
0	0
0	0
0	0
0	0
0	0
0	0
0	0
0	0
0	0
0	0
0	0
0	0
0	0
0	0
0	0
0	0
0	0
0	0
0	0
0	0
0	0
0	0
0	0
0	0
0	0
0	0
0	474
0	218
236	477
0	1
0	1
0	0
0	0
0	0
0	0
13	0
0	0
7	1430
3	1430
0	701
0	0
60	0
1896	772
219	772
0	22
0	22
0	22
0	22
0	22
0	22
0	17
0	22
1	22
0	7
0	0
0	0
0	0
0	0
33	912
1	646
0	182
0	41
0	61
0	769
0	0
0	16
0	26
0	16
0	16
0	26
0	0
0	0
0	0
0	0
0	0
0	0
0	0
0	0
14	445
0	204
3	456
0	130
0	318
0	0
0	71
0	91
0	144
0	122
0	4
0	14
0	12
0	24
0	1
0	0
0	0
0	0
0	0
0	0
0	0
0	0
0	0
0	75
0	0
0	1
0	0
0	586
0	580
0	10
0	0
0	0
0	0
0	0
0	0
57	225
0	0
0	0
0	0
0	0
0	0
0	0
0	0
0	0
0	0
0	0
0	0
0	0
0	0
0	0
0	0
0	0
0	0
0	0
0	0
0	0
0	0
0	0
0	0
0	0
0	0
0	579
0	0
0	0
0	0
0	0
0	0
0	0
0	0
0	0
0	0
0	0
0	0
0	0
0	0
0	0
0	0
0	0
0	0
0	0
0	0
0	0
0	0
0	0
0	0
0	0
0	0
0	0
0	0
0	0
0	0
7	1386
0	0
0	0
8	119
13	1374
0	501
0	95
4	43
18	34
0	44
20	175
0	24
66	440
0	0
0	0
2	2581
0	301
0	743
0	2512
0	912
0	9
1	921
0	78
0	918
0	8
0	7
0	43
0	7
0	0
0	178
0	0
0	0
0	0
3795	646
0	6
0	0
0	6
0	24
0	196
3	181
31	193
0	8
0	16
0	71
0	5
54	5
0	0
0	0
0	0
0	0
0	0
31	0
0	0
0	0
0	0
1	273
0	276
2	243
2	205
21	210
0	19
0	18
0	62
0	29
0	36
0	3
0	47
0	2
0	1
0	0
0	0
30	0
0	0
0	0
0	0
0	0
13	8
0	429
0	429
0	48
0	1200
0	42
0	3
0	17
0	8
0	253
0	2
0	33
0	1
57	232
0	9
0	14
0	39
0	230
0	0
0	262
0	261
0	0
0	0
0	0
0	0
0	0
0	0
0	0
0	0
0	0
0	0
0	0
0	1
0	1
0	0
0	0
0	0
0	0
0	0
0	0
0	0
0	0
0	4
0	3
0	4
0	4
0	5
0	2
0	1
0	0
0	0
0	0
0	0
0	0
0	0
0	242
0	242
0	236
0	0
0	0
0	0
0	0
0	0
0	0
0	0
0	0
0	0
0	0
0	0
0	0
0	0
0	1
0	1
0	0
0	0
0	0
0	0
0	0
0	0
0	0
0	0
0	0
0	262
0	262
0	282
0	8
0	9
0	14
0	0
0	0
0	1199
0	56
0	428
0	10
0	2
0	48
0	8
0	0
49	3690
0	3380
46	3813
1	273
0	2713
8	160
5	1230
0	132
0	247
0	235
0	193
0	1
0	0
0	103
25	122
0	65
0	0
0	0
0	66
0	0
0	0
0	2
0	0
0	0
0	15
0	188
0	213
0	0
0	1
0	24
23	101
0	7
0	0
0	3
0	17
0	6
0	40
0	13
0	9
4	63
0	7
0	6
0	3
19	3
0	3
0	6
0	3
0	2
0	0
0	0
0	0
0	58
0	61
0	61
0	391
2	1578
0	1716
17	1657
0	1696
0	1678
0	1671
0	1603
1	1735
0	6
0	169
0	0
0	0
0	1
0	3
0	82
0	112
0	1
0	5
0	85
0	145
0	0
0	0
0	0
0	0
0	0
0	0
0	0
0	0
0	0
0	0
0	3
0	0
0	0
0	0
0	0
0	0
0	0
0	0
0	407
131	3258
913	3959
56	334
0	146
23	1067
0	0
0	118
0	100
1	482
30	143
0	0
0	0
0	0
0	0
0	0
0	19
0	19
0	10
0	18
0	18
0	1
0	5
0	0
0	0
0	0
5063	880
0	229
0	178
3	582
0	235
0	0
0	0
0	0
0	0
0	0
0	0
0	0
0	0
214	602
0	602
0	564
0	154
0	200
0	151
0	50
0	19
0	0
0	364
0	364
0	15
0	2
0	0
0	0
0	1032
0	899
0	258
0	454
0	0
0	0
179	544
0	2
13	22
77	520
0	1511
0	1421
0	53
0	62
0	1603
6	1455
0	1230
0	756
0	71
0	48
36	1400
0	25
0	91
0	142
0	37
0	113
0	191
0	0
0	37
11	171
0	102
0	53
0	115
0	0
0	0
0	3
0	0
295	529
0	6
0	120
0	73
0	47
0	55
0	104
0	0
11	401
0	7
0	0
0	0
0	0
0	0
0	0
250	427
14	414
4	103
0	29
0	16
0	0
0	0
23	13
0	8
0	4
0	6
0	5
0	4
0	3
0	0
0	0
0	0
0	0
0	0
0	0
0	0
0	0
0	0
0	0
0	0
0	0
0	0
0	0
0	0
0	0
0	0
0	0
0	0
0	0
0	0
0	0
0	0
0	0
0	0
0	0
0	0
0	0
0	0
0	0
0	0
0	0
0	0
0	0
0	0
0	138
30	1531
0	21
4	1559
184	1510
0	532
0	34
3	54
23	51
6	697
0	31
6	669
0	0
0	0
0	0
0	0
0	0
0	0
0	0
0	0
0	0
0	0
0	0
0	0
0	0
0	0
0	0
0	0
0	0
0	0
0	0
0	0
0	0
0	0
0	0
0	0
0	0
0	0
0	0
0	0
0	0
0	0
0	0
0	0
0	0
0	0
0	0
0	0
0	0
8	0
17	0
0	1361
4	1191
79	1181
1	1115
0	117
10	1154
2	412
0	505
0	10
52	815
22	289
0	7
0	0
0	0
0	0
0	0
0	0
0	0
0	0
0	0
0	0
0	0
4	1715
72	1065
0	1663
0	0
0	0
60	1
50	183
9	124
0	68
0	302
0	263
0	119
0	155
0	268
0	73
0	206
0	100
0	139
0	263
0	64
8	298
0	27
17	0
0	5
0	202
8	188
0	207
0	393
0	0
0	0
0	0
0	0
17	14
110	394
1	340
0	58
0	47
0	23
0	279
0	10
7	61
0	9
0	128
0	151
0	17
0	0
0	0
38	13
1	13
0	0
0	0
3682	7950
109	812
9	1055
94	2238
877	6942
0	591
0	345
112	1721
0	0
0	0
0	0
0	0
0	0
0	0
0	0
0	0
0	0
0	0
0	0
0	0
0	0
0	0
0	0
0	0
0	0
0	0
0	0
0	0
0	0
0	0
0	0
0	0
0	0
0	0
0	0
0	0
0	0
0	0
0	0
0	0
0	0
0	0
0	0
0	0
0	0
405	2499
19	913
0	15
0	183
40	1532
0	50
28	0
23	2
0	2
0	0
0	0
1	689
0	670
0	37
0	0
0	0
0	8
0	3
0	30
0	12
0	0
0	0
0	0
0	0
0	0
0	0
0	0
0	0
0	0
0	0
0	0
0	0
0	0
0	0
0	0
0	0
0	294
2	941
33	1489
53	1252
7	311
0	781
9	135
28	272
0	0
0	0
0	0
0	0
0	0
0	0
0	0
0	0
0	0
0	0
0	0
0	0
0	0
22	524
5	524
0	194
0	218
0	53
0	187
10	183
4	110
0	105
0	1
0	2
98	548
2	575
0	503
0	55
0	317
57	493
0	314
0	560
17	410
16	322
0	276
17	213
0	20
0	0
58	20
0	18
0	0
0	0
0	0
0	0
0	0
0	0
0	0
0	0
0	0
0	0
0	0
0	0
0	0
0	0
0	0
0	0
0	0
0	0
0	0
0	0
0	0
0	0
0	0
0	0
0	0
4	142
0	155
0	148
0	47
0	0
0	17
0	0
206	210
0	1
0	8
3	46
0	39
0	41
27	47
41	129
0	14
0	27
0	18
0	26
0	0
0	0
1	208
0	103
0	73
11	71
0	205
0	9
0	7
0	5
0	0
0	0
0	0
0	0
0	0
0	0
0	0
0	0
0	0
0	0
376	0
0	283
77	1691
14	866
0	275
0	42
5	1325
3	335
0	167
0	0
0	0
0	0
0	0
0	0
6	0
0	0
0	0
0	0
0	0
0	0
0	0
0	0
0	0
0	0
0	0
0	0
0	0
0	0
0	0
0	0
0	0
0	0
0	0
0	0
0	0
0	0
1	0
0	0
0	0
0	1711
90	1828
0	1860
0	1768
11	1874
0	1304
0	895
0	195
16	64
0	94
0	13
0	81
0	52
0	66
0	27
0	51
0	0
0	0
0	0
11	170
14	166
0	168
1	180
0	21
1	0
0	0
0	0
0	2
1503	5697
0	1762
34	2401
114	876
123	3335
0	1270
0	2182
0	143
0	1347
4	1199
9	1161
0	34
0	61
0	80
3	366
8	1077
6	141
0	26
16	386
0	0
0	0
0	0
0	0
0	0
0	0
0	0
0	0
0	0
0	0
0	0
0	0
0	0
0	0
0	0
0	0
0	0
0	0
0	0
0	0
0	0
0	0
0	0
0	0
0	0
0	0
0	0
0	0
0	0
450	1968
21	2
0	1
81	1814
0	1960
0	0
0	0
0	0
0	0
0	0
0	0
0	0
0	0
0	0
0	0
0	0
0	0
0	0
0	0
0	0
0	0
0	1455
0	1344
0	1598
8	1591
0	1478
0	1587
0	1577
0	1345
0	1470
0	1354
18	651
0	1581
3	273
0	280
0	0
0	0
0	0
0	0
9	895
2	1153
5	1197
0	1104
24	209
0	136
0	1148
1	1105
0	1082
0	915
0	1091
0	940
0	114
0	155
0	294
0	87
0	129
0	16
0	173
0	50
0	47
4866	1388
0	1388
22	27
0	0
17	0
0	0
0	0
0	0
0	0
0	0
0	0
0	0
0	0
0	0
0	0
0	0
0	0
1291	1437
3	451
0	142
0	575
0	680
0	423
0	311
0	236
0	316
0	278
0	144
0	0
0	0
0	0
0	0
0	0
0	0
0	0
0	0
0	0
0	2
0	0
0	0
0	0
0	0
0	0
0	0
0	2
0	0
0	0
0	0
0	0
0	1
0	2
0	2
0	0
0	0
0	0
0	0
0	0
0	0
0	0
0	0
0	100
0	100
0	0
0	6
0	34
0	41
0	37
0	11
0	0
0	13
0	12
2	11
0	14
0	14
0	14
0	14
0	19
0	18
0	14
0	14
0	14
0	14
0	13
0	10
0	3
0	3
0	0
0	0
0	0
0	0
0	0
0	0
0	0
1123	1065
16	223
76	340
278	283
8	76
0	684
0	0
0	0
0	0
729	993
62	890
17	483
24	232
0	0
0	135
28	1126
0	1126
20	6
0	0
0	1477
29	1391
0	1505
6	1428
0	235
0	85
0	0
0	0
0	8
2	773
19	1782
886	1782
16	149
4	113
0	78
0	0
0	0
0	0
0	0
0	0
0	0
0	4
136	19
0	1
0	8
0	0
0	0
0	20
0	0
0	0
0	0
0	0
0	0
0	0
0	0
0	0
0	0
0	0
0	0
0	0
0	0
0	0
0	0
0	8
0	0
0	0
0	0
0	0
0	2
0	0
0	0
0	0
0	0
0	0
0	0
0	0
0	1
0	0
0	0
0	0
0	0
0	1
0	0
1	11
0	23
0	46
0	39
0	1
0	16
0	1
0	10
0	7
5	10
0	1
0	2179
8	2133
0	2284
0	1819
0	2446
0	1614
22	1480
3	1937
24	2518
0	470
0	192
0	204
8	242
0	349
0	281
0	302
0	7
0	82
0	58
0	163
5	350
0	257
50	675
0	318
7	216
0	19
12	410
0	0
0	0
0	0
0	21
0	136
0	2
0	0
0	0
0	0
0	0
0	0
0	0
0	0
0	0
0	0
0	0
0	0
0	0
0	0
0	0
0	0
0	0
0	0
0	0
0	1167
3	1008
9	699
6	761
41	1278
14	932
0	448
0	753
0	1156
2	667
0	20
0	423
0	983
1	126
0	17
265	1730
0	832
3	1014
10	295
0	89
10	305
1552	4620
0	4022
0	133
0	709
0	220
0	133
0	76
0	8
0	186
4	597
0	173
0	387
0	0
0	7
6	1846
38	3089
37	52
0	1
4	42
0	15
0	21
0	7
0	2
9	1
0	0
0	0
0	0
0	0
9	5
0	1
0	3
0	0
0	0
0	0
0	0
0	0
0	0
0	0
0	0
0	0
0	0
0	0
0	0
0	0
0	0
0	0
0	0
0	0
0	0
0	2
0	0
0	0
0	0
0	0
0	0
0	1
0	0
0	8
0	0
0	0
0	0
0	0
0	0
0	0
0	0
0	0
0	0
0	0
0	0
0	0
0	0
0	32
2	32
0	3
0	3
0	3
0	3
0	6
0	1
0	1
0	0
0	0
0	0
0	0
0	0
0	0
0	0
0	0
0	0
0	0
0	0
977	606
174	606
6	1317
25	2689
0	2658
116	2748
0	678
0	10
0	128
0	798
0	203
4	1050
0	1040
0	0
0	0
0	0
0	0
0	3
0	2
0	2
0	1
0	0
0	0
0	0
0	0
0	0
0	0
0	0
0	0
0	0
0	0
0	57
0	0
0	0
0	0
0	0
0	0
0	0
0	0
0	0
0	0
0	0
0	0
0	0
0	0
0	0
0	0
0	0
0	0
0	0
1	1
0	131
0	26
0	163
59	197
0	225
100	406
0	0
17	155
0	0
0	0
0	0
57	520
13	780
16	51
2	517
0	295
0	19
72	469
0	12
0	13
21	16
0	0
1	0
0	0
16	0
0	0
0	6
31	7
0	1
0	1
0	0
34	144
0	0
0	0
0	0
0	0
0	0
0	0
0	0
0	0
0	0
0	0
0	0
0	0
0	0
0	0
0	0
0	0
0	0
0	0
0	0
0	0
0	0
0	0
0	8
0	0
0	0
0	0
0	0
0	0
0	0
0	0
0	0
0	0
0	0
0	0
0	0
0	0
0	0
0	0
0	0
0	0
0	0
0	0
0	0
0	0
0	0
0	0
0	0
0	0
0	0
0	0
0	0
0	0
0	0
0	0
0	0
0	0
0	0
0	0
0	98
20	112
2	4152
0	42
0	4152
0	0
0	0
0	0
0	0
0	0
0	0
0	0
0	0
0	0
0	0
0	0
0	0
0	0
0	0
0	0
0	0
0	0
9	764
0	46
0	461
0	848
115	835
0	80
0	15
5	79
0	59
0	0
0	0
0	0
0	0
0	0
0	0
0	0
0	0
0	0
0	0
0	0
0	0
0	0
0	0
0	0
233	2933
81	2844
18	0
2	2075
0	2075
0	234
0	70
0	0
0	0
0	106
0	106
1	318
0	319
4	299
0	273
0	4
0	3
0	83
19	38
0	8
0	0
0	1
13	31
0	593
3	651
0	2
0	25
0	523
0	581
0	20
0	455
9	53
0	0
0	53
3	127
0	56
21	444
22	227
0	53
0	40
0	0
0	0
0	0
1449	20005
0	153
0	760
46	1827
0	0
0	1185
182	17976
0	1017
0	0
0	0
0	0
91	0
3846	455
0	455
0	11
0	0
1781	3427
1	1280
15	729
2	632
0	154
0	1116
0	1064
6	740
0	962
0	280
0	0
14	7
3	8
0	0
0	0
0	0
0	0
0	0
0	3
0	0
0	0
0	0
0	0
0	3
0	0
0	0
0	3
0	3
0	1
0	0
0	0
0	2
0	1
0	1
0	1
0	3
0	0
0	0
0	0
0	0
0	0
0	0
4	1046
99	1046
1	862
1	0
0	0
0	0
0	0
0	0
0	0
0	0
0	0
0	0
0	0
0	0
0	0
0	0
0	0
0	0
0	0
0	0
0	0
0	0
0	0
0	0
0	0
0	0
0	0
0	0
0	19
0	0
0	0
0	0
0	13
15	13
0	0
828	306
0	53
5	249
0	1
0	0
0	21
0	0
0	0
0	0
0	0
0	0
0	0
0	0
0	0
0	0
0	0
0	0
0	0
0	0
0	0
0	0
0	0
0	0
0	0
0	0
0	0
0	0
0	0
0	0
0	0
0	0
0	0
0	0
0	0
0	0
0	0
0	0
0	0
0	0
0	0
224	691
5	427
89	680
12	124
0	3
0	279
0	86
0	167
0	142
0	0
0	0
14	145
294	889
0	431
5	179
0	81
0	82
0	13
0	186
0	87
0	22
0	178
0	0
0	106
0	0
0	0
0	0
0	0
0	0
0	0
0	0
0	0
0	0
0	0
0	0
0	0
0	0
0	0
0	0
0	0
0	0
0	0
0	0
0	0
0	0
0	0
0	0
0	0
29	824
2	832
4	692
0	693
0	700
0	642
6	829
0	800
0	699
0	757
0	421
0	0
74	324
0	138
0	60
0	171
0	106
14	57
1	57
12	0
0	0
0	7
0	7
0	7
0	7
0	7
0	7
0	7
0	7
0	7
0	7
0	0
0	7
0	7
0	6
0	7
0	5
0	5
0	3
0	0
0	0
0	0
0	0
0	0
0	0
0	0
0	0
0	0
0	0
0	0
0	0
0	0
0	0
0	0
0	0
0	0
0	0
0	1
0	0
0	0
0	0
0	0
0	0
0	0
0	0
0	0
0	0
0	0
0	0
0	0
0	1
0	0
0	0
0	0
0	0
0	0
0	0
0	0
0	0
0	0
0	0
0	0
0	0
0	0
0	0
0	0
0	0
0	0
0	0
0	0
0	0
0	0
0	0
0	0
0	0
0	0
0	0
0	0
0	0
0	0
0	0
0	0
0	0
0	0
0	0
0	0
0	0
0	0
0	0
0	0
0	0
0	0
0	0
0	0
0	0
0	0
0	0
0	0
0	0
0	0
0	0
0	0
0	0
0	0
0	0
0	0
0	0
0	0
0	0
0	0
0	0
0	0
0	0
0	0
0	0
0	0
0	0
0	0
0	0
0	0
0	0
0	0
0	0
0	0
0	0
0	0
0	0
0	0
0	0
0	0
0	0
0	0
0	0
0	0
0	0
0	0
0	0
0	0
0	0
0	0
0	0
0	0
0	0
0	0
0	0
0	0
0	0
0	0
0	0
0	0
0	0
0	0
0	0
0	0
0	0
0	0
0	0
0	0
0	0
0	0
0	0
0	0
0	0
0	0
0	0
0	0
0	0
0	0
0	0
0	0
0	0
0	0
0	0
0	0
0	0
0	0
0	0
0	0
0	0
0	0
0	0
0	0
0	0
0	0
0	0
0	0
0	0
0	0
0	0
0	0
0	0
0	0
0	0
0	0
3	46
0	46
0	1
0	9
0	0
0	0
0	0
0	0
0	948
0	980
0	873
0	981
0	981
22	0
0	0
0	29
24	89
0	83
0	79
1	97
0	119
0	104
57	109
0	67
0	0
0	15
25	360
0	38
24	6
0	7
0	5
11	6
0	4
0	15
0	6
0	364
0	0
6	24
0	10
0	0
0	0
0	22
0	21
65	238
0	0
0	0
0	0
0	31
1	248
0	280
0	180
2	155
0	0
0	73
0	15
0	0
0	0
0	0
0	0
0	0
0	0
0	0
0	0
0	42
371	93
0	11
0	57
0	0
0	28
0	0
0	0
0	0
0	0
0	0
0	0
0	0
0	0
1	28
0	28
0	0
0	12
0	26
0	2
0	21
0	0
0	0
8	64
3	66
0	66
0	0
0	0
0	0
0	0
0	0
0	64
0	64
0	0
0	0
0	0
0	0
0	0
0	0
0	0
0	0
172	3694
12	3290
2	3023
0	0
0	11
0	0
0	0
0	0
0	0
0	0
0	0
0	0
0	0
0	0
0	0
0	0
0	0
0	0
0	0
0	0
0	0
0	0
0	0
0	0
0	0
0	0
0	0
0	0
0	0
0	0
0	0
295	0
0	0
944	142
0	109
0	92
0	110
0	0
0	0
0	0
0	0
0	1985
0	2004
0	1948
0	135
683	2039
0	607
0	1982
0	16
11	556
0	0
0	0
0	0
0	0
0	0
0	0
0	0
0	0
0	0
0	0
0	0
0	0
0	0
0	0
0	0
0	0
0	0
0	0
0	0
0	0
0	0
0	0
0	0
0	2
2	353
0	1
1584	479
0	224
0	326
26	7
0	472
0	519
25	278
0	179
0	105
0	175
0	229
0	120
0	201
0	107
0	99
0	177
0	238
0	201
0	26
0	167
0	190
0	77
0	226
0	116
0	96
0	182
0	132
0	83
0	239
0	141
0	127
0	199
0	169
0	185
0	134
0	232
0	158
0	174
0	158
0	173
0	160
0	105
0	105
0	181
0	107
0	102
0	187
0	223
0	75
0	108
0	279
0	223
0	167
0	142
0	221
0	229
0	155
0	196
0	146
0	10
0	155
0	151
0	98
0	177
0	157
0	0
0	5
0	53
0	99
0	154
0	0
0	83
0	82
0	7
0	22
0	62
0	80
0	0
0	0
0	12
0	19
0	0
154	211
0	17
27	194
0	169
0	32
0	40
0	0
0	0
122	185
0	0
9	185
0	4
0	0
0	0
3439	1430
0	6
9	109
0	1
25	1030
8	1233
13	700
0	111
0	87
47	1
0	92
2	104
15	243
197	248
0	38
8	45
4	218
0	0
0	0
0	0
0	0
0	0
0	0
0	0
0	0
0	0
0	0
0	0
0	0
0	0
0	0
0	0
0	0
0	0
0	0
0	0
0	0
0	0
0	0
0	0
0	0
0	0
0	0
0	0
0	0
0	0
0	0
0	0
0	0
0	0
0	0
0	0
0	0
0	0
0	0
0	0
0	0
0	0
0	0
0	0
0	0
0	0
0	0
0	0
0	0
0	0
0	0
0	0
0	0
0	0
0	0
0	0
0	0
0	0
16	95
0	84
2	88
0	65
0	65
0	49
0	39
0	2
0	20
0	5
0	0
0	0
0	57
952	878
8	810
0	39
0	512
0	6
0	807
0	779
0	749
0	9
0	96
0	88
0	105
0	0
0	0
0	0
0	0
0	0
0	0
0	0
0	0
0	0
0	73
3	71
0	21
0	20
0	9
0	9
0	9
0	7
0	4
0	89
688	282
5	189
0	205
0	2
0	48
0	72
0	46
0	4
0	0
5	1
0	1
0	1
0	1
0	0
0	14
0	14
0	14
0	12
0	4
0	0
0	0
0	0
0	0
0	0
0	0
0	0
0	0
0	0
0	0
0	0
0	0
0	0
0	0
0	0
0	0
0	0
0	0
0	0
0	0
0	0
0	0
0	0
0	0
0	0
0	0
0	0
0	0
1	1263
0	1109
55	1307
0	1410
0	22
0	0
0	643
0	47
0	655
0	80
0	0
0	191
0	57
0	102
9	655
0	97
0	76
0	139
0	0
0	0
0	7
0	0
0	0
0	0
0	0
0	0
0	0
0	0
0	14
0	0
0	14
0	0
0	0
100	74
0	2
0	3
0	70
0	55
0	371
0	0
0	0
0	74
1	61
0	66
1	67
6	62
2	564
9	596
2	26
0	24
9	14
0	28
0	14
0	15
0	139
0	21
0	94
0	10
0	44
0	70
0	21
0	17
11	17
0	0
0	0
0	0
0	0
0	0
0	0
0	0
0	1
0	0
10	23
0	0
0	0
0	0
0	0
28	2767
26	2109
9	3047
0	151
23	527
36	1959
0	2
0	598
43	447
0	221
0	231
0	232
0	227
0	2853
0	2847
43	2832
799	2756
420	200
0	200
0	0
0	0
0	0
0	0
0	0
0	0
0	0
0	0
0	0
0	0
0	0
0	0
0	0
0	0
0	0
0	14
0	14
0	14
0	6
0	13
0	13
0	5
20	58
0	13
0	54
0	0
0	4
0	0
0	0
0	0
0	0
0	0
0	0
0	0
0	0
0	0
78	2135
0	289
0	65
2	2027
0	259
7	2
0	404
0	349
0	548
0	309
0	8
0	52
0	275
0	0
0	1780
15	7
0	382
0	800
25	268
0	0
0	1
0	1227
0	382
0	0
0	0
0	0
0	0
0	1
0	0
0	0
0	0
0	0
50	43
16	43
0	0
1551	1748
0	297
0	403
10	1062
32	536
0	0
0	0
0	0
0	0
0	0
0	0
0	0
0	0
0	0
0	0
0	0
0	0
0	0
0	0
0	0
0	0
0	0
0	0
0	0
0	0
0	0
0	0
0	0
0	0
0	0
0	720
0	0
0	0
0	0
0	0
0	0
87	176
0	148
0	57
0	151
0	21
0	23
0	0
0	13
0	3
0	8
0	9
0	0
0	3
0	0
0	0
0	0
0	0
0	0
0	0
0	0
0	0
0	0
0	0
0	0
0	0
0	0
0	0
0	0
0	0
0	0
0	0
0	0
0	0
0	0
0	0
0	0
1612	528
0	41
26	487
17	296
0	258
0	273
39	1574
0	168
0	410
10	1188
8	426
275	1553
0	259
0	0
0	0
0	0
0	0
0	0
0	0
0	0
0	0
0	0
0	0
0	0
0	0
0	0
0	0
0	0
0	0
0	0
0	0
0	0
0	0
0	0
0	0
0	2043
0	0
0	0
0	0
0	0
0	0
0	0
0	0
0	0
0	0
0	0
0	0
0	0
0	0
0	0
0	0
0	0
0	0
0	0
0	0
0	0
0	0
0	0
0	0
0	0
0	0
0	0
0	0
0	1
0	0
0	0
0	0
0	0
0	0
0	0
0	0
0	0
0	0
0	0
0	0
0	0
0	0
0	0
0	0
0	0
0	0
0	0
0	0
0	0
0	0
0	35
0	32
0	34
0	33
0	32
0	18
0	1
0	1
0	7
0	2
0	0
0	0
0	0
0	0
0	0
0	0
0	0
0	0
0	0
0	0
0	0
0	0
0	0
0	0
0	0
0	0
0	0
0	0
0	0
0	0
0	0
0	0
0	0
0	0
0	0
0	0
15	97
0	67
0	44
0	16
0	14
0	5
0	3
0	2
0	0
0	0
0	0
0	0
0	0
0	0
0	0
14	100
412	302
0	12
1	40
0	157
0	11
0	0
0	0
0	0
0	0
0	0
0	0
0	0
0	0
0	0
0	0
0	0
0	0
0	0
0	0
0	0
0	0
0	0
0	0
0	0
0	0
0	0
0	0
0	0
0	0
0	0
0	0
0	0
0	0
0	0
0	0
0	0
0	0
0	0
0	0
0	0
0	0
0	0
0	0
0	0
0	0
0	0
0	0
0	0
0	0
0	0
0	0
0	0
0	0
0	0
0	0
0	0
0	0
0	0
0	0
0	0
0	0
0	0
0	0
0	0
0	0
0	0
0	0
0	0
0	0
0	0
0	0
0	0
0	0
0	0
0	0
0	0
0	0
0	0
0	0
0	0
0	0
0	0
0	1
0	8
4	8
0	0
0	0
0	0
0	0
53	1887
22	1887
0	0
0	0
0	772
0	43
10	44
0	42
0	32
0	32
0	22
0	8
0	88
0	0
0	1
0	0
0	0
0	0
0	0
0	0
0	0
0	0
0	0
0	0
0	0
0	0
0	0
0	0
0	80
268	128
0	57
0	13
0	0
0	0
0	0
0	0
0	0
0	0
0	0
0	0
0	95
0	95
0	95
0	98
0	4
0	49
0	95
0	98
0	0
0	0
9	4
0	1
0	1
0	2
0	0
0	12
0	1
3	12
0	3
0	1
0	8
0	5
0	0
0	0
0	0
110	1271
9	135
20	1247
0	117
1	101
0	17
5	143
9	136
4	345
42	429
0	0
406	2675
2	1216
60	2410
0	350
0	1090
0	2650
0	9
19	733
0	231
24	794
3	269
0	0
0	0
0	0
0	0
0	37
0	69
0	18
1	76
0	1
0	29
0	50
0	7
0	98
37	419
0	69
1	369
0	172
0	12
0	0
0	0
0	0
0	0
0	733
161	2876
0	629
0	483
0	622
39	2631
0	26
15	286
0	7
10	106
0	345
0	4
0	671
0	131
0	121
10	776
24	852
21	807
0	0
0	398
0	110
0	805
0	13
0	42
0	0
0	1740
0	1740
0	961
2	1216
0	69
2	108
0	484
4	837
0	1
0	835
0	15
0	0
0	0
0	174
0	176
0	253
0	241
0	260
0	165
0	44
25	214
0	0
0	0
0	0
0	0
0	0
0	0
0	0
0	0
0	0
0	0
0	0
0	0
0	0
0	0
0	0
0	0
0	0
0	0
0	0
0	0
0	0
0	0
0	0
0	0
0	0
0	0
0	0
0	0
0	0
0	0
0	0
0	0
0	0
0	0
0	0
0	0
0	0
0	0
0	0
0	0
0	0
0	0
0	0
0	0
0	0
0	0
0	0
0	0
0	0
0	0
0	0
0	0
0	0
0	0
0	0
0	0
0	0
0	0
0	0
0	0
0	0
0	0
0	0
0	0
0	0
0	0
0	0
0	0
0	0
0	0
0	0
0	0
0	0
0	0
0	0
0	0
0	0
0	0
0	0
0	0
0	0
0	0
0	0
0	0
1	2219
0	0
0	0
0	0
0	0
0	0
0	0
0	0
0	0
0	0
0	0
0	0
0	0
0	0
0	0
0	0
0	0
0	0
0	0
0	0
0	0
0	0
0	0
0	0
0	0
0	0
0	595
968	2064
0	162
0	31
11	674
0	90
0	121
3	1881
0	9
0	29
0	1268
0	5745
3	5505
104	4852
71	3669
47	3233
0	3090
0	298
0	601
18	486
0	232
0	12
0	0
0	0
2	4292
23	4381
21	1162
10	695
0	521
13	631
1	966
0	232
147	454
0	217
0	182
0	431
0	538
3	423
0	142
5	250
0	212
5	110
9	62
0	0
4	391
1	811
11	869
0	11
1	49
0	37
0	14
0	136
0	120
0	0
0	118
0	33
0	0
0	0
3	3538
0	1096
6	270
320	2990
3	2576
0	46
0	21
0	229
0	0
0	408
0	2162
0	1818
0	1598
0	97
0	117
0	2077
21	2207
0	262
0	1656
0	1833
0	109
0	1740
0	140
0	780
0	42
0	58
0	111
0	423
0	144
0	167
0	1721
0	0
0	136
0	1254
0	0
106	883
20	784
0	255
0	0
0	26
34	181
0	90
0	100
0	50
0	8
0	0
14	1845
0	4
0	1048
25	2165
23	2078
0	497
43	25
33	16
0	3
0	0
0	7
0	5
0	4
0	0
0	0
0	0
0	0
0	0
0	0
0	0
0	0
0	0
0	0
0	0
0	0
0	0
0	43
0	206
0	222
11	239
0	226
0	232
0	22
0	30
0	7
0	0
0	17
0	0
0	0
0	0
34	25
20	25
0	0
0	2
0	2
0	144
0	22
1359	1160
29	552
69	1160
3	117
0	176
0	144
2	176
0	0
0	0
0	0
0	0
0	0
0	0
0	0
0	0
0	0
0	0
0	0
0	0
0	0
0	0
0	0
0	0
0	0
0	0
0	0
0	0
0	0
0	0
0	0
0	331
4	390
0	68
585	345
24	201
58	395
0	62
0	68
0	0
0	0
0	1
0	0
0	0
0	0
31	3317
57	3073
0	1552
0	1930
0	2546
0	311
0	2428
0	856
0	0
0	0
0	0
0	0
0	0
0	0
0	0
0	0
226	2291
20	2287
39	2235
0	968
0	1545
0	171
0	0
0	33
0	0
0	0
0	0
0	0
554	20189
1308	19422
815	11643
0	2815
0	16636
317	7832
59	3531
0	2772
0	1480
0	0
0	0
0	0
0	0
1	1
0	0
0	0
0	0
0	0
0	0
2964	1019
0	110
0	30
0	902
0	154
0	100
0	148
2	59
1	87
2	183
21	210
0	8
0	17
3	8
0	28
0	54
0	104
0	42
0	37
11	295
0	304
0	235
7	205
0	19
0	4
0	1
12	7
0	6
0	0
0	0
0	0
0	0
0	0
1790	5407
0	4496
0	3828
76	4023
0	2933
15	406
79	2077
0	321
0	784
0	439
9	301
5	8
0	4
0	8
0	7
0	0
0	0
0	1
0	2455
0	0
0	0
0	0
0	0
0	0
0	0
0	0
0	0
0	0
0	0
0	0
0	0
0	0
0	0
0	0
0	0
0	0
0	0
0	0
0	0
0	0
0	0
0	0
0	0
0	0
0	0
0	0
0	0
0	0
0	0
0	0
0	3433
0	3247
0	3204
1	2612
0	1676
0	1146
0	518
0	1563
0	1556
5	1249
0	1342
0	925
0	1249
0	1218
0	438
0	102
0	292
0	450
0	623
0	128
0	52
0	0
0	0
230	4418
381	4528
5	4049
297	2184
549	156
0	0
0	5
0	0
0	0
0	0
0	0
0	0
0	0
3	1413
2	1303
66	803
0	121
0	43
0	109
0	0
0	14
18	25
0	12
0	16
0	0
0	0
0	0
0	0
0	0
0	0
0	0
0	0
0	0
0	0
0	0
0	0
0	0
0	0
0	0
0	0
0	0
0	0
0	0
0	0
0	0
0	0
0	0
0	0
0	0
0	0
0	0
0	0
0	0
0	0
0	0
0	0
0	0
0	0
0	0
0	0
0	0
0	0
0	0
0	0
0	0
0	0
0	0
0	0
0	0
0	38
0	0
12	741
0	904
0	102
8	373
0	384
0	0
0	0
0	0
0	0
0	0
0	0
0	0
0	124
0	0
0	0
0	0
0	0
0	0
0	0
0	0
0	0
0	0
0	0
0	0
0	0
0	0
0	0
0	0
0	0
0	0
0	0
0	0
565	9575
2337	9025
30	7643
76	1772
0	1284
0	0
0	0
27	1541
59	1574
14	1392
16	1524
0	329
0	522
0	1
0	446
0	401
0	170
0	198
0	86
0	125
0	0
0	0
0	0
0	59
8	49
0	1
0	7
0	7
0	0
22	18
0	0
0	0
0	0
34	0
0	0
0	0
946	632
32	95
27	591
8	561
0	0
179	21
0	0
147	18
0	0
0	0
0	0
0	0
0	0
0	0
0	0
0	0
0	0
0	0
0	0
0	0
0	0
0	0
0	0
0	0
0	0
0	0
0	0
0	0
0	412
5	409
0	461
0	110
17	79
0	85
0	1
0	0
0	0
0	0
0	0
0	0
0	0
0	0
0	0
0	0
0	0
0	3
29	57
24	36
0	0
219	70
177	32
11	50
1	602
0	406
3	465
0	362
0	373
0	62
0	39
0	43
0	53
0	30
5	83
0	47
0	1
0	1
0	1
0	0
0	1
0	0
0	1
1	0
0	1
0	1
0	1
0	0
0	0
0	0
0	0
0	0
0	0
27	47
1	35
0	44
4	33
7	18
7	28
0	23
0	1
316	51
13	33
6	27
0	2
0	0
0	3
0	0
0	0
0	0
0	0
0	0
0	0
0	1
0	0
0	0
0	0
0	0
0	0
0	0
0	0
0	0
0	0
0	0
0	0
0	0
0	0
0	1
0	0
0	0
0	0
0	0
0	1
0	0
0	0
0	1
0	0
0	0
0	1
0	0
0	0
0	0
0	0
0	0
0	0
0	0
0	0
0	0
0	0
0	0
0	0
0	0
0	0
0	0
0	0
0	0
0	0
0	0
0	0
0	0
0	1
0	0
0	0
0	0
0	0
0	0
0	0
0	0
0	0
0	0
0	0
0	0
0	0
0	0
0	0
0	1
0	152
0	155
2	159
0	158
0	154
0	154
0	157
0	0
0	0
0	0
0	1
0	0
6	32
0	4
0	1
0	1
0	0
0	1
0	1
0	2
0	1
0	2
0	0
0	0
0	0
19	39
0	3
3	26
0	11
12	10
0	0
0	0
0	0
0	0
51	57
3	40
3	47
0	6
0	4
0	2
0	2
0	2
0	2
0	0
0	0
0	0
0	0
0	0
0	0
0	0
0	0
0	0
0	0
0	0
0	0
0	0
0	0
0	0
0	0
0	0
0	0
0	0
0	0
91	990
12	990
0	0
0	0
0	0
0	0
0	0
1	17
0	0
0	329
5	533
0	347
1	750
0	397
37	819
0	145
0	168
3	740
0	65
0	60
5	263
0	270
0	0
0	0
0	0
0	0
0	0
0	0
0	0
17	0
0	0
0	0
0	0
0	0
0	0
0	0
19	136
7	338
827	1624
1	724
0	1217
0	128
0	4
0	63
0	126
0	472
0	4
1	538
0	512
0	382
0	456
55	595
0	435
0	512
0	435
0	355
0	317
0	68
0	92
0	91
0	1
0	0
0	0
0	0
0	0
0	0
0	0
0	0
27	11
0	1099
0	1038
0	1035
0	815
2	1045
0	2
0	0
0	1044
0	64
30	938
9	817
0	35
0	164
2	122
0	0
0	0
0	0
0	0
0	0
0	0
0	0
0	0
0	0
0	0
0	0
0	0
0	0
0	0
0	0
0	0
0	0
0	0
0	0
0	0
0	0
0	0
0	0
0	0
0	0
48	1757
113	1802
64	1291
0	286
0	114
0	465
0	321
64	1154
0	25
0	15
3	89
0	2
0	0
0	0
0	0
0	38
1	38
0	1
0	3
0	0
0	0
0	0
0	2
0	0
0	0
0	0
0	11
99	13
0	7
0	0
0	0
0	14
0	57
0	375
0	0
0	0
9	483
0	77
0	216
6	279
0	50
0	0
0	0
3	3504
0	0
0	0
0	0
0	0
0	0
0	0
0	0
0	1
0	0
0	0
0	0
0	0
0	9
0	0
0	0
40	37
0	0
0	0
0	0
0	0
0	0
0	0
0	0
0	0
0	0
0	0
0	0
0	0
1096	2735
0	977
0	313
0	15
0	383
0	494
0	500
10	725
0	739
0	0
0	0
0	0
0	356
0	341
0	190
0	10
0	15
0	9
0	2
0	10
0	1
1	0
0	0
0	0
0	0
0	0
0	0
0	0
0	0
0	0
0	0
0	33
0	34
0	13
0	2
0	0
0	0
0	0
0	0
0	0
0	0
0	23
0	21
353	24
0	7
0	17
0	14
0	7
0	4
0	4
0	4
0	6
0	3
0	0
0	0
0	0
0	0
0	0
0	0
0	0
0	0
0	0
0	0
0	0
0	0
0	0
0	0
0	0
0	0
0	0
0	0
0	0
0	0
0	0
0	0
0	0
0	0
0	0
0	0
0	0
0	0
0	0
0	0
0	0
0	0
0	0
0	0
0	0
71	365
0	365
0	21
0	0
0	0
0	0
0	0
18	1873
0	1744
0	233
0	132
161	1717
0	12
0	34
0	0
0	0
0	0
0	0
0	0
0	0
0	0
0	0
0	0
0	345
25	1186
11	150
0	109
0	134
0	957
0	195
0	235
0	143
4	24
0	1
0	24
0	22
0	24
0	3
0	2
0	0
0	0
9	260
49	268
4	168
0	223
0	140
0	101
0	98
5	85
0	0
0	7
0	0
0	0
0	0
0	516
4	593
1	226
63	564
42	144
33	262
0	190
0	0
0	494
0	771
0	720
0	565
0	214
0	840
0	135
3	6
0	743
0	681
0	108
0	529
0	441
0	103
0	570
0	68
0	16
1	486
0	414
0	320
0	135
0	194
0	0
0	0
0	0
0	8
0	43
0	23
8	42
50	45
7	41
0	0
0	0
1	2589
0	0
0	0
0	0
5	461
29	535
0	0
6	131
4	48
19	12
0	60
0	45
0	27
0	0
0	170
0	0
0	0
0	1471
156	1474
0	5
0	150
0	562
0	467
0	150
0	76
0	317
0	551
0	0
0	360
0	79
0	151
0	226
0	4
2	55
11	1042
0	79
14	1039
2	588
0	0
0	127
0	30
0	31
0	0
295	74
18	54
0	34
0	9
0	17
0	1
0	0
0	0
9	13
0	15
17	14
0	6
0	4
0	0
0	52
0	54
25	24
11	265
35	284
0	3
0	20
8	260
2	148
0	0
0	0
0	0
0	0
19	19
1015	2463
119	890
45	74
0	122
0	155
25	179
0	151
11	18
0	10
0	286
0	593
58	1690
0	218
0	771
0	17
0	719
0	19991
0	20391
14	14216
9	264
129	12836
0	13303
28	11740
0	1927
3	2041
0	1493
0	1045
0	0
0	0
0	0
0	0
0	275
25	289
0	19
2	236
0	11
0	46
0	39
0	19
0	15
0	18
0	1
0	0
0	0
0	0
0	0
0	13
0	144
0	150
0	150
0	12
0	34
0	15
0	3
2	146
0	8
0	0
0	12
0	30
0	0
0	14
0	0
0	30
0	366
74	54
2	469
236	577
8	260
0	123
3	411
0	133
6	7
0	0
0	0
0	0
0	0
0	0
0	0
0	0
0	0
0	0
0	0
0	0
0	0
0	0
0	0
0	0
0	0
0	0
0	0
0	0
0	0
0	0
0	0
0	0
0	0
0	0
0	0
0	0
0	0
0	0
0	0
0	0
0	0
0	0
0	0
0	0
0	0
0	0
0	0
0	0
0	0
0	0
0	0
0	0
0	0
0	0
0	0
0	0
0	0
0	0
0	0
0	0
0	12
0	358
0	21
10	360
0	301
0	1
0	0
0	13
0	106
0	0
0	0
0	0
0	0
0	0
0	0
0	0
0	0
0	0
0	0
0	0
0	0
1672	699
59	700
0	11
0	38
0	0
68	0
0	0
167	1839
0	1695
0	1695
49	1830
23	1353
16	650
0	1815
0	1811
0	217
0	19
0	67
0	55
0	137
0	450
0	29
0	56
0	43
0	0
0	0
0	0
0	0
0	0
0	0
3	91
0	5
0	86
0	0
0	3
0	7
0	4
0	10
0	36
0	0
4	62
0	67
0	72
0	4
0	3
18	20
0	34
0	16
0	3
0	0
767	646
0	21
0	0
10	77
9	93
0	9
28	459
2	218
0	120
0	51
0	53
0	0
0	0
33	257
1	250
0	173
0	16
0	53
0	47
0	0
0	4
0	16
0	13
0	16
17	1028
784	2304
4	2308
0	0
0	1474
0	283
6	913
0	57
0	48
50	655
0	78
0	54
0	88
0	0
0	0
0	0
0	0
0	0
0	0
0	1
7091	3101
57	426
80	1460
0	166
0	0
0	216
6	817
0	124
4	399
32	759
0	468
0	62
0	0
0	0
118	95
0	59
0	2
3	97
274	24564
447	24219
11	4933
17	843
0	5591
4	4153
14	6082
11	3100
27	4767
14	3276
0	2663
0	1128
0	723
0	47
1126	1141
0	78
3	264
0	1212
0	0
0	199
0	875
38	403
0	667
0	381
16	668
35	458
0	115
1	388
0	390
0	484
0	0
0	0
0	0
0	0
0	0
0	0
783	0
0	0
0	0
0	0
0	0
0	0
0	0
0	0
0	0
1	28
0	28
0	22
0	28
0	0
0	0
0	0
0	0
0	0
0	0
0	0
0	0
0	0
0	0
0	0
0	0
0	0
0	0
0	0
0	0
0	0
0	0
0	0
0	0
0	0
0	0
0	0
0	0
0	0
0	0
0	0
0	0
0	0
0	0
0	0
0	0
0	0
0	0
0	0
0	3
0	0
0	6
0	9
39	9
0	0
0	0
0	0
0	0
0	0
0	0
0	0
0	0
0	0
0	0
0	0
0	0
0	0
0	0
0	0
0	0
0	0
0	0
0	0
0	0
0	0
0	0
0	0
0	0
0	0
0	0
0	0
0	0
0	0
0	0
0	0
0	0
0	0
0	0
0	0
0	0
0	0
0	0
0	0
0	0
0	0
0	0
0	0
0	0
0	0
0	0
0	0
0	0
0	0
0	0
0	0
0	0
0	0
842	20
0	62
0	234
0	243
4	202
4	164
3	3
0	380
2	380
0	153
0	2
0	38
0	575
0	578
0	584
0	533
0	88
0	0
0	467
0	605
0	99
0	0
0	0
0	124
0	167
8	592
0	1
0	0
0	305
0	577
0	482
0	112
0	143
0	215
0	5
0	55
0	95
0	118
0	0
0	0
77	796
0	803
0	159
14	246
0	116
0	0
0	17
0	17
0	0
0	17
1015	17
0	0
0	0
0	0
0	0
0	0
0	0
0	0
0	0
0	0
0	0
0	0
0	0
0	0
0	0
0	0
0	0
0	0
0	0
0	0
0	0
0	6
3	843
0	1509
21	2116
2112	5669
47	233
0	0
221	5451
8	3441
0	444
6	900
1	1016
0	213
0	904
0	0
0	0
0	0
0	0
0	1359
0	1283
51	830
0	230
6	1242
3	1258
0	228
8	854
0	1040
1	1165
8	104
20	112
0	42
0	167
21	65
0	0
1	443
18	522
1	401
10	299
5	327
5	252
1	245
0	118
0	29
0	0
33	59
0	36
23	35
0	10
27	22
0	0
4	307
17	196
26	599
34	582
31	592
0	259
0	333
3	435
0	27
0	0
577	591
3	390
0	49
9	105
0	43
0	66
0	24
0	0
0	0
0	27
320	382
1	366
0	2
0	66
0	45
0	6
0	9
0	0
0	7
0	0
0	0
0	315
0	0
0	18
423	483
18	501
25	507
0	0
0	0
0	0
0	0
9637	9424
0	5233
0	6091
5	8055
96	6059
979	5170
0	2940
0	1259
79	9909
90	596
31	5818
0	1205
145	2684
461	6013
0	4576
172	6597
0	3061
197	1633
29	1464
0	2069
0	4205
0	488
0	3012
23	2862
0	0
1	761
0	0
0	0
0	0
0	0
0	0
0	0
0	0
0	0
0	0
0	0
0	0
0	0
0	0
0	0
0	0
0	0
0	0
0	0
0	0
0	0
0	0
0	0
0	0
0	0
0	0
25	98
0	430
0	412
0	80
4	136
0	48
3	74
0	368
0	117
0	128
0	30
0	112
0	20
0	1
0	0
0	0
0	0
0	244
0	300
2	249
125	13
0	235
5	111
0	36
0	56
0	111
0	89
0	359
0	108
0	71
0	98
0	1
5	222
14	347
0	44
0	0
0	148
0	0
0	0
0	0
0	0
0	0
0	0
0	0
0	0
0	0
0	0
583	108
0	108
0	11
0	22
0	10
0	51
9	333
0	11
0	26
0	299
0	39
0	49
0	28
4	86
0	41
0	0
0	0
0	0
0	0
0	0
0	0
0	0
0	0
0	0
0	0
0	0
0	0
0	0
0	0
6	222
0	222
0	103
5	162
4	160
0	38
0	52
0	23
0	50
0	32
0	13
0	1
0	0
0	29
0	0
0	0
0	0
0	0
0	0
0	0
0	0
0	0
0	0
0	0
0	0
0	0
0	0
247	1002
0	491
0	77
0	753
0	43
0	23
0	502
48	267
0	83
0	69
0	39
0	12
0	0
0	0
0	0
0	0
0	0
0	0
0	0
0	0
0	0
0	0
0	0
0	0
0	0
0	0
0	0
0	0
13	0
0	0
0	0
0	0
0	0
0	0
0	0
0	0
0	0
0	0
0	0
60	1904
0	864
7	1192
35	916
18	661
0	695
0	596
3	419
0	373
0	180
0	0
0	0
4622	6255
18	1272
21	2748
0	692
0	1680
0	554
7	2146
0	462
13	1917
69	687
0	0
0	0
0	0
0	0
0	0
0	0
0	0
0	0
0	0
2	1457
32	1437
1	311
0	26
0	0
0	0
0	0
0	0
0	0
0	0
0	0
0	0
0	0
0	0
789	39
0	39
0	126
2	128
1	82
0	52
0	3
0	9
0	8
0	18
0	2
0	10
0	10
0	9
0	9
0	11
0	2
0	5
0	7
0	4
0	6
0	3
0	3
0	2
0	0
0	0
0	0
925	389
19	64
0	2
0	11
29	75
24	80
45	207
0	7
46	761
0	681
0	7
0	29
0	191
0	82
0	251
0	13
0	12
0	15
0	39
0	35
0	134
0	407
0	481
0	21
0	123
0	101
0	59
18	576
0	0
0	0
0	6
18	53
0	1
0	0
0	0
0	3
0	0
0	47
376	12356
0	4
0	0
0	0
0	0
0	0
0	10651
0	154
0	122
0	107
0	132
4	151
0	18
0	17
0	16
23	127
0	41
0	0
0	0
7	1607
0	1598
0	1376
1	1513
0	91
0	536
28	968
0	12
0	25
0	1125
0	139
0	19
0	762
0	102
0	234
0	965
12	742
0	164
3	243
9	127
0	100
0	558
7	77
0	85
0	0
0	0
0	9
0	4
0	4
0	0
0	0
0	0
0	0
0	0
0	0
0	0
0	0
0	0
0	0
0	0
0	20
0	1
0	21
0	0
0	0
0	0
0	0
0	0
0	0
0	0
0	0
0	0
0	0
0	0
0	0
0	0
0	0
0	0
0	0
0	0
0	0
0	0
0	0
0	0
0	0
0	0
0	0
0	0
0	0
0	0
0	0
0	0
0	0
0	0
0	0
0	0
0	0
0	0
0	0
0	0
0	0
0	0
0	0
0	0
0	0
0	0
0	0
0	0
0	0
0	0
0	0
0	0
0	0
0	0
0	0
0	0
0	0
0	0
0	0
0	0
0	0
0	0
0	0
0	0
0	0
0	0
0	0
0	0
0	0
0	0
0	0
0	22
615	111
0	77
0	17
0	0
0	0
0	0
28	12
0	3
655	2673
0	2628
36	2161
0	1907
5	2010
0	2278
0	1830
0	170
12	128
0	196
0	95
0	25
28	14033
168	16813
22	15318
0	8171
0	1008
12	6104
0	2256
8	1968
0	1461
107	9018
18	3157
0	0
0	0
0	0
0	0
0	0
0	0
0	0
0	0
0	0
0	0
0	0
0	0
0	0
0	0
0	0
0	0
0	0
0	0
0	0
12	552
1	552
0	0
0	4
0	0
0	19
0	19
0	1
0	0
0	0
0	0
0	0
0	0
0	0
0	0
0	0
0	0
0	17
0	7
0	17
0	14
0	4
0	3
114	1107
0	104
88	1107
29	1076
26	948
0	212
0	0
0	0
0	0
0	0
0	173
6	175
2	100
0	44
0	7
0	7
0	14
0	4
0	0
0	0
0	0
0	0
0	0
0	0
0	0
0	0
0	0
0	0
0	0
0	0
0	0
0	0
0	0
0	0
0	500
0	1422
0	1445
0	111
0	72
0	119
0	59
0	18
0	81
0	50
0	232
0	42
0	121
5	51
4	157
0	0
0	85
14	45
16	97
0	95
7	50
30	246
0	139
0	95
0	57
0	122
0	105
0	87
0	35
0	47
0	0
185	0
0	0
0	1
0	0
0	140
0	2
42	212
2	178
0	31
0	13
0	20
0	41
0	0
33	0
83	62
4	29
0	16
0	29
0	0
0	0
0	0
0	0
0	17
0	0
0	0
0	0
0	0
0	0
0	0
0	0
0	0
0	0
0	0
0	0
0	0
0	0
0	0
0	0
0	0
0	0
0	0
18	1699
0	1548
0	1526
0	400
0	294
0	343
0	188
0	163
0	164
0	0
0	0
19	59
0	66
49	80
0	63
0	59
0	9
0	59
0	11
0	3
0	0
0	0
0	0
0	0
0	0
0	0
0	0
0	0
0	0
0	0
0	0
0	0
0	0
0	0
0	0
0	0
0	0
0	0
0	0
0	0
0	0
0	0
0	0
0	0
0	0
0	0
0	0
0	0
0	0
0	0
0	0
0	0
94	56
0	56
0	56
0	0
0	0
0	0
0	0
0	0
0	0
0	654
10	615
0	280
20	141
0	415
0	492
0	42
0	125
11	205
0	43
0	57
0	166
0	155
0	36
0	155
0	198
23	231
0	181
2	7
0	133
0	139
11	77
0	0
0	32
0	25
22	49
0	10
22	0
25	0
0	0
0	0
0	0
0	0
0	0
0	0
0	0
0	0
0	0
0	0
0	0
0	0
0	0
0	0
0	0
0	0
0	0
0	0
0	1263
3	1258
16	1292
1	512
1	400
0	46
0	159
0	39
0	0
0	0
0	0
0	0
0	0
0	0
0	0
0	0
0	0
0	0
0	0
0	0
0	0
0	0
0	0
0	0
0	0
0	0
0	0
0	0
0	0
0	0
0	0
0	0
0	0
0	0
0	0
0	0
0	0
0	0
0	0
0	0
0	0
0	0
0	0
0	0
149	8830
79	8771
0	3434
0	3761
27	2351
0	1991
0	1242
11	1089
17	1234
0	1003
0	1226
0	259
15	101
0	1
38	0
0	0
0	0
57	0
0	164
0	164
0	60
190	164
0	60
0	8
0	54
0	5
0	146
0	73
0	0
0	0
0	0
0	0
0	0
0	0
0	0
0	0
0	0
0	0
0	0
40	3641
10	2321
0	3479
0	2432
0	2462
0	370
0	208
0	227
0	858
4	1442
0	255
0	1
0	367
0	49
16	0
0	0
0	0
7	179
6	91
1	91
0	0
0	0
0	0
0	0
0	0
0	0
0	0
0	0
0	0
0	0
0	0
0	0
0	0
18	0
0	0
0	4870
0	55
0	375
312	4888
27	4888
0	1100
5	898
17	1319
1	1579
0	1997
28	825
0	0
3	640
15	609
0	17
0	17
0	19
0	17
0	17
0	19
9	8
0	19
0	17
0	15
0	2
0	17
0	8
0	2
0	0
0	0
0	0
0	0
0	0
0	1
0	1
0	2
0	0
0	0
0	0
0	4
0	0
0	0
0	0
0	0
0	0
0	0
0	0
0	0
0	0
0	0
0	0
0	0
0	0
0	0
0	0
0	0
0	0
0	0
0	0
0	0
501	596
1	596
0	156
0	143
0	132
8	202
158	301
0	225
0	2
0	145
0	95
0	95
0	0
0	1
0	15
0	8
0	15
0	0
0	15
2	15714
0	15714
0	1283
0	1138
0	1181
15	864
7	9281
0	258
17	1738
0	545
0	0
0	0
100	0
192	0
0	0
0	0
0	0
0	0
0	2
0	92
14	991
0	87
0	0
9	987
0	0
0	54
0	232
9	766
0	78
0	20
0	46
0	27
0	0
0	0
0	0
0	0
1156	17529
0	3519
0	3752
24	206
4686	4210
45	3381
2120	3247
1	17439
6835	17286
9	3934
1	3843
0	3219
44	162
0	0
0	0
0	0
0	0
0	16
0	8
0	10
0	14
0	0
0	0
0	0
0	0
0	0
0	0
0	0
0	0
0	0
0	0
0	0
0	0
0	0
0	0
0	0
0	0
0	0
0	0
0	0
0	0
0	0
0	0
0	0
0	0
0	0
0	62
1	65
0	36
0	44
0	44
0	12
0	34
0	34
0	1
0	0
0	10
0	6
0	3
0	8
0	4
0	1
0	1
0	0
0	0
0	0
0	1
0	0
0	5
0	0
0	0
0	8
0	0
0	0
0	0
0	0
1	11
0	0
0	10
0	2
0	0
0	0
0	0
0	0
0	0
0	0
0	0
0	0
0	0
0	0
0	0
0	0
59	12676
1	962
56	1737
1	1701
7	1824
8	1353
0	131
0	2644
17	11887
0	2728
0	5
0	101
0	23
2	7295
47	6837
0	337
0	1810
0	1261
38	0
0	0
0	0
0	0
0	0
65	2704
22	2476
4	1963
53	2385
0	764
0	2295
0	839
0	291
4	855
30	457
73	208
0	564
0	177
0	0
0	0
9	533
0	140
0	0
10	1503
3	1386
0	1499
6	1499
0	840
0	397
0	137
0	59
0	207
0	64
0	201
0	4
0	176
0	158
0	57
0	52
0	34
0	32
0	23
0	12
0	7
0	0
0	0
0	0
0	0
0	0
0	0
0	0
0	0
0	0
0	0
0	0
0	0
0	0
0	0
0	0
0	0
0	0
0	0
0	0
0	0
0	0
0	0
0	0
0	0
0	0
0	0
0	0
0	0
0	0
0	0
0	291
0	409
0	0
0	198
0	236
618	510
12	218
0	62
0	212
4	328
0	0
0	29
2	447
7	200
0	381
0	0
0	0
0	222
0	0
0	0
0	0
0	0
16	677
2	437
1	383
1	294
0	31
0	1
0	9
0	19
0	15
0	15
0	106
0	0
0	994
153	2716
59	2691
0	11
27	130
64	711
0	0
26	15
14	527
0	0
0	28
0	34
0	0
0	0
0	2
0	39
0	1
0	26
0	0
0	26
5	41
0	1
0	5
7	21
0	1
0	0
6	9
5	565
0	557
2	557
12	575
25	7
0	2
0	18
0	68
0	262
0	262
0	131
23	567
12	23
0	571
8	567
0	125
5	573
0	566
0	549
14	591
0	194
13	171
0	87
3	204
3	166
0	103
0	179
0	79
117	319
1	267
2	123
0	78
0	54
0	6
0	353
4	341
0	8
2	343
0	0
0	5
0	33
0	7
0	3
0	3
0	15
0	17
0	15
0	0
10	166
0	40
20	773
0	22
1	916
0	53
13	824
0	18
0	904
11	102
0	5
0	91
0	121
0	91
0	20
0	15
0	183
0	11
0	25
0	36
0	93
0	20
1	125
0	0
0	0
0	0
0	0
0	0
0	0
0	0
0	0
0	0
0	0
0	0
0	0
0	0
0	0
0	0
828	55
14	55
0	0
0	0
0	0
0	0
0	0
0	0
0	0
0	0
0	0
0	0
0	0
0	0
0	0
0	0
0	0
0	0
0	0
0	0
0	0
0	0
0	0
0	0
0	0
0	0
0	0
0	0
0	0
0	0
0	0
0	0
0	0
0	0
0	0
0	0
0	0
0	0
0	0
0	0
0	0
0	0
7	391
0	461
0	406
0	35
0	102
0	17
0	20
3	161
0	42
0	0
0	378
0	274
0	0
0	0
0	0
0	0
0	0
0	0
0	0
0	0
0	0
0	0
0	0
257	1277
0	1256
0	626
0	355
25	474
0	80
353	1765
31	1609
0	30
5	86
0	265
0	0
0	43
32	1055
0	2
0	201
0	392
0	243
0	281
0	383
0	194
0	10
0	131
0	287
0	309
0	44
0	230
0	48
0	121
0	18
0	104
0	287
0	19
0	294
0	61
8	734
0	159
0	159
27	414
2	652
14	158
4	80
0	140
0	63
0	56
0	76
0	81
0	31
35	945
0	777
2	857
2	877
0	681
0	116
0	542
0	147
0	62
0	102
0	72
0	66
0	60
0	65
0	50
0	47
0	54
0	19
0	45
0	50
0	35
0	7
0	0
18	1988
0	70
0	193
0	1564
0	20
1	281
0	425
0	797
0	1755
0	651
0	169
36	1585
0	389
0	1
4	1906
0	215
0	86
0	242
23	875
0	224
0	119
0	316
0	29
0	165
3	53
0	176
1	3
0	2
0	3
0	3
0	0
0	0
0	0
0	1
0	1
0	0
0	0
0	0
22	1205
0	21
6	99
13	215
0	479
53	260
0	356
0	183
0	120
2	397
0	410
0	24
25	273
108	4788
4	4677
85	2434
25	1590
10	1270
0	987
44	921
58	606
25	220
20	385
0	0
0	0
1	0
0	760
0	254
0	610
0	112
0	112
19	528
0	4
0	192
0	104
0	144
0	7
0	5
4	266
0	28
0	188
0	376
0	93
0	58
0	0
0	0
0	0
0	0
0	0
0	0
0	0
0	0
0	0
0	0
0	0
0	0
0	0
0	0
0	0
0	0
0	0
0	0
0	0
0	0
0	0
0	0
0	0
0	0
0	0
0	6202
1	6340
0	5240
0	5975
68	5275
0	5689
35	1161
0	403
0	67
60	522
0	2705
0	2738
81	1726
125	2546
0	78
0	1790
0	1370
0	1082
0	1134
0	373
0	343
0	0
0	0
0	0
0	0
0	0
0	0
0	0
0	0
0	0
0	0
0	0
0	0
0	0
0	0
0	0
0	0
0	0
0	0
0	0
0	0
0	0
0	0
0	0
0	0
0	0
0	0
0	0
0	0
0	0
0	0
0	0
0	0
0	0
0	0
9	1367
0	238
10	1229
0	95
0	1445
5	1290
0	1341
19	563
6	750
0	1336
48	455
0	1328
0	66
0	45
0	0
0	0
0	0
0	0
0	0
2	690
2	677
7	69
0	34
0	8
10	34
0	0
0	0
0	0
0	0
0	0
0	0
0	0
0	0
0	0
0	0
0	0
0	0
0	0
0	0
0	0
0	0
0	0
0	0
0	0
0	0
0	0
0	0
0	24
0	2
0	2
2	18
0	4
0	5
0	0
0	0
0	1
0	2
3	7
0	4
0	0
0	0
0	0
0	0
0	0
0	0
0	0
0	0
0	0
0	0
0	0
0	0
0	0
0	0
0	0
0	0
0	0
0	0
0	0
0	0
0	0
0	0
0	0
0	0
0	0
0	0
0	0
0	0
0	0
0	0
0	0
0	0
0	0
0	0
0	0
0	0
0	0
0	0
0	0
0	0
0	0
0	0
0	0
0	0
0	0
0	0
0	0
0	0
0	17
0	0
0	0
0	0
0	0
0	0
0	0
0	0
0	0
0	0
0	0
0	0
0	0
0	0
0	0
0	0
0	0
0	0
0	0
0	0
5	1
0	1
0	0
0	0
0	0
0	0
0	0
0	0
0	0
0	0
1255	0
0	0
0	0
0	0
21	0
3038	0
0	0
0	0
0	0
0	0
0	0
287	1330
58	1315
0	56
0	61
0	28
0	171
0	0
0	172
1	147
0	64
0	218
0	0
0	0
0	0
0	0
0	0
2	0
0	0
0	0
0	0
0	0
0	0
0	0
0	0
0	0
40	176
5	465
10	437
16	256
0	101
3	111
0	3
0	95
0	3
3089	621
0	7
0	166
0	272
12	305
6474	84
0	84
0	127
3	121
0	41
0	117
0	84
0	21
0	46
0	14
0	6
0	0
0	0
0	0
0	0
0	0
0	0
0	0
0	218
0	227
20	2790
1	2611
0	429
0	429
107	2496
1	1256
0	2483
0	179
0	37
0	103
0	46
0	189
0	204
0	137
0	240
0	17
0	0
0	0
74	4919
0	4920
3	4466
0	4879
24	270
6	136
0	612
0	0
0	6
8	1003
0	216
15	116
0	117
0	0
0	0
0	0
0	0
0	0
0	0
0	0
0	0
0	0
0	0
73	0
0	0
0	0
0	0
5	100
36	1182
4	1226
0	67
0	28
0	101
0	93
28	22
11	16
6	79
0	28
0	100
0	7
0	146
0	14
0	0
0	29
0	29
0	0
310	96
0	5
0	15
1	29
8	40
0	30
0	11
0	7
0	0
0	3
11	8
0	1
0	114
2	1175
0	547
0	216
10	1032
0	1034
0	192
1	222
6	947
0	339
0	711
26	1034
7	1105
0	125
2	174
0	206
0	418
0	1111
0	10
0	59
0	86
0	676
0	318
0	294
7	422
36	390
7	123
0	0
0	0
0	0
0	0
8	1466
389	2332
48	2139
1	1398
0	1635
0	553
0	256
80	641
0	0
0	0
0	0
0	0
0	0
0	0
0	0
0	0
0	0
0	0
0	0
0	0
0	0
0	0
0	0
0	0
0	0
0	0
0	0
0	0
0	0
0	0
0	0
0	0
0	0
0	0
0	0
0	0
0	0
0	0
0	0
0	0
0	0
0	10
0	1
0	9
0	8
0	0
0	0
0	0
0	0
0	0
0	0
0	0
0	0
0	0
0	0
0	0
0	0
0	0
0	0
0	0
0	0
0	0
0	0
0	0
0	0
0	0
0	0
0	0
0	0
0	0
0	0
0	0
0	0
3388	26024
1065	23617
5	27489
106	1118
150	1581
0	1088
8	750
0	496
0	2242
22	8713
0	1093
5	3499
152	854
0	815
0	780
185	1519
0	234
0	0
0	11
0	0
0	11
0	7
0	0
0	0
0	0
13	17
0	17
0	14
0	0
0	1
0	0
0	128
0	28
0	19
0	43
0	128
0	8
0	15
7	128
16	51
0	3
0	304
0	0
813	734
0	336
58	11257
0	260
158	11259
0	53
173	10946
547	12210
371	11239
201	407
75	1816
0	1994
0	3466
0	2347
0	1922
0	3
0	0
13	3667
173	3798
46	3320
47	3257
94	813
8	960
0	249
24	587
0	509
0	180
0	7
0	8
0	216
0	649
0	639
0	588
13	69
9	373
0	0
23	43
0	2
0	14
0	0
219	2859
22	2433
18	626
0	2780
0	3045
19	2757
20	2981
0	2777
0	226
3	549
14	221
21	475
16	6
0	291
0	1
0	10
34	393
23	190
13	367
0	0
4	62
26	7
0	7
0	0
0	0
0	0
0	0
2822	2537
0	1418
17	1497
0	2204
0	0
3	386
0	37
0	0
0	0
0	0
0	560
0	470
4	2828
10	2451
2	2265
0	462
18	1385
0	470
0	470
0	426
0	0
0	0
0	0
0	0
0	768
0	768
483	766
0	398
0	280
0	87
0	0
65	0
567	157
0	141
0	33
0	16
0	66
0	16
0	24
0	0
0	0
0	0
0	0
0	0
0	0
0	0
0	0
0	0
0	0
0	0
0	37
0	5
0	37
0	0
0	4199
1	4612
0	3138
0	459
0	3720
8	4432
0	200
0	450
0	1
0	222
0	13
0	0
0	292
14	1
0	0
14	412
0	470
0	63
24	93
20	463
0	28
0	0
0	79
0	26
0	73
0	46
0	80
0	120
0	39
0	19
0	438
0	0
100	63
20	505
348	503
241	29
0	29
0	0
0	0
0	0
9871	16694
86	15080
231	3344
29	1395
504	4358
3	3350
92	3279
0	2843
0	2528
0	5
0	0
0	0
0	0
0	0
29	0
24	0
0	0
23	0
0	0
0	0
0	0
0	0
0	0
0	0
8	16697
0	42648
5	25798
401	60140
1209	48684
17	16718
53	46626
65	34725
2	6453
3	32549
0	0
5	63
587	351
0	250
0	121
0	210
35	5
0	348
0	881
0	293
0	209
0	9
0	9
0	97
0	44
2	986
0	1084
0	115
0	984
0	50
0	50
0	50
0	50
0	961
21	885
0	1004
0	0
0	6
0	834
4	286
13	822
0	146
0	0
0	0
0	0
0	0
0	0
0	0
27	1561
0	2940
27	649
0	2614
19	1880
0	289
0	2516
60	1797
0	272
0	317
0	1113
0	143
0	599
0	177
0	212
11	219
0	0
0	0
0	10
0	0
0	0
0	0
0	0
0	0
0	0
0	0
0	0
0	0
0	0
0	0
0	0
0	0
0	0
0	0
0	0
0	0
0	0
0	0
0	0
0	0
0	0
0	0
0	0
0	0
0	0
0	0
0	0
0	0
0	0
0	0
616	173
45	977
0	2
3	1772
57	1789
0	812
23	490
0	128
0	479
0	357
0	4
9	595
0	2
0	1
0	102
0	0
0	73
0	0
0	0
0	0
0	0
0	282
0	0
0	0
0	0
0	0
0	0
0	0
0	0
0	0
0	0
0	0
0	0
0	0
0	0
0	0
0	0
0	0
0	10
14	3
201	3356
0	3404
0	123
0	22
0	3322
0	0
0	19
0	8
0	1
0	5
0	14
0	75
0	91
0	109
7	3362
0	1057
5	3254
0	10
0	3190
0	0
0	281
0	96
0	1384
4	17
0	12
0	12
0	24
0	20
0	118
0	41
0	72
0	121
0	0
0	0
0	34
0	121
0	167
0	162
0	129
0	137
6	2205
0	72
0	111
0	141
0	0
0	0
0	0
0	0
0	0
0	0
0	0
0	0
0	0
0	5
0	0
0	0
0	0
0	0
0	0
0	0
0	0
0	0
0	0
0	0
0	0
0	0
0	0
0	0
0	0
0	0
0	0
0	0
0	0
54	8725
0	947
0	8953
0	55
17	368
2	394
0	7274
0	133
0	337
6	748
0	386
0	589
0	389
0	0
0	0
0	18
0	219
0	284
0	7
0	188
0	271
0	12
0	263
0	31
0	257
0	31
5	285
0	275
0	28
0	4
0	33
0	6
0	33
0	0
0	0
0	0
0	0
0	0
0	0
0	0
0	0
0	0
0	0
0	0
0	0
0	0
0	0
0	0
0	0
0	0
0	0
0	0
27	2592
0	53
0	52
7	105
23	0
0	2544
0	67
1	987
6	292
0	2048
29	54
7	65
0	14
0	2
0	0
0	609
2	286
0	623
0	396
0	0
4	56
0	51
0	13
0	57
4	68
0	38
0	17
0	11
0	11
0	57
0	38
0	13
0	0
0	0
0	0
0	2
0	2
0	3
0	0
0	2
0	2
0	0
0	2
0	0
0	0
0	2
0	2
0	0
0	0
0	2
0	0
0	2
0	2
0	2
0	0
0	2
0	0
0	0
0	0
0	0
0	0
0	0
0	0
0	0
0	0
0	6
6	7
0	0
0	0
0	0
0	0
0	0
0	0
0	0
0	0
0	123
0	1534
0	1541
103	1617
0	1023
0	314
36	125
0	167
0	0
15	158
0	100
0	158
0	0
0	0
0	0
0	0
0	0
0	0
0	0
0	0
0	0
0	0
0	0
0	0
0	0
0	0
0	0
0	0
0	0
0	0
0	0
0	0
0	0
0	0
0	0
0	0
0	0
0	0
0	0
0	190
27	190
0	0
0	0
0	0
0	0
0	0
0	0
0	0
0	0
0	0
0	0
0	0
0	0
0	0
0	0
0	0
0	0
0	0
0	0
0	0
0	0
0	0
0	20
0	84
0	103
0	39
0	2
0	76
0	12
0	96
0	95
0	4
0	7
0	2
0	1
0	26
0	0
0	0
0	0
0	0
0	0
0	0
0	0
0	0
0	0
0	0
0	0
0	0
0	0
0	0
0	0
0	0
0	0
0	0
0	0
0	0
0	0
0	0
0	0
0	0
0	0
0	0
0	0
0	0
0	0
0	0
0	0
0	0
0	0
0	25
79	25
0	0
0	0
0	0
0	0
13	14
69	1095
175	1011
72	373
0	175
0	83
0	120
0	249
0	0
0	0
0	0
0	0
0	0
0	0
0	0
0	0
0	0
0	0
0	0
0	0
0	0
0	0
0	0
0	0
0	0
0	0
0	0
0	0
0	0
0	0
0	0
0	0
0	0
0	0
0	0
0	0
0	0
0	0
0	0
0	0
0	0
0	0
0	0
0	0
0	0
0	0
0	0
0	0
0	0
0	0
0	0
0	0
0	0
0	0
0	0
0	0
0	0
0	0
0	0
0	0
0	0
0	0
0	0
0	0
0	0
31	232
0	0
0	0
0	244
43	2253
25	2182
0	13
0	1847
0	2
442	51
99	157
0	25
0	26
6	30
13	123
0	31
0	34
0	0
1	28
0	9
0	0
0	6
0	6
0	6
0	6
0	0
0	30
9	209
0	317
0	239
0	35
0	39
0	34
13	121
14	107
0	144
0	134
0	96
0	62
0	151
6	109
1	179
0	177
0	94
0	297
0	38
0	143
0	2
0	104
0	541
0	55
0	0
0	537
21	469
0	41
0	33
0	61
0	330
0	49
0	57
0	172
0	94
0	1
0	87
0	171
0	30
0	83
12	100
0	336
0	7
13	46
0	12
0	10
0	10
0	9
0	9
0	0
0	9
0	0
0	0
0	0
0	0
0	0
0	0
0	0
0	0
0	0
16	396
3	106
21	317
0	217
0	296
0	134
5	246
11	72
0	114
0	46
0	4
0	6
1	0
0	0
0	0
0	0
0	0
0	0
0	1
0	0
1	44
0	41
0	42
0	9
0	3
0	4
0	2
0	1
0	0
1447	313
0	39
0	268
0	39
0	0
0	0
0	0
17	280
5	280
6	75
0	40
0	26
0	0
17	70
855	355
0	29
19	187
6	263
0	96
0	93
0	74
0	49
0	0
0	0
0	0
0	0
0	0
0	0
0	0
0	0
0	0
0	0
0	246
0	245
0	9
0	2
0	14
0	59
0	0
2	66
0	58
0	0
0	9
0	3
0	6
0	14
0	4
0	2
0	2
0	0
0	0
0	0
0	0
0	0
0	0
0	0
0	0
0	0
0	0
0	0
0	0
0	0
0	0
0	0
0	0
0	0
0	0
0	0
0	255
73	3462
0	8
0	1443
0	2948
425	2962
201	3289
4	1211
6	286
0	239
0	1549
0	270
0	1175
4	1102
0	0
0	0
0	0
0	0
0	0
0	0
0	0
0	0
181	221
0	221
0	221
0	0
0	0
0	0
0	0
0	0
0	0
0	0
0	0
0	0
0	0
0	0
0	0
0	0
0	0
0	0
0	0
0	0
0	0
0	0
0	53
0	33
0	44
2	53
0	46
0	54
0	39
0	0
0	0
0	1
0	37
0	73
0	56
0	56
0	32
0	30
0	14
0	0
0	9
0	6
0	6
0	9
0	2
0	0
0	20
86	12
0	20
0	10
0	10
0	12
189	823
44	840
5	723
0	49
0	237
0	8
0	2
0	163
26	676
47	0
0	120
0	3
0	102
0	6
0	34
0	99
0	97
0	85
3	113
0	103
15	102
0	2
0	5
0	6
0	14
0	1
2	55
0	50
0	42
13	30
0	41
0	0
0	0
0	0
0	0
0	0
0	0
0	0
0	0
0	0
0	0
0	0
0	0
0	0
0	0
0	0
0	0
0	0
0	0
0	0
0	0
0	0
0	0
0	0
0	0
0	0
0	0
0	0
0	0
0	0
0	0
0	0
0	0
0	0
0	0
0	0
0	0
0	0
0	0
0	0
0	0
0	0
0	0
0	0
0	117
0	320
14	344
0	8
0	23
0	20
0	0
0	17
0	2
0	42
0	59
0	23
0	0
0	0
0	69
0	139
0	982
0	982
0	436
19	284
0	42
0	59
0	12
0	206
0	4
0	30
0	31
0	194
4	690
4	319
0	162
1	234
0	10
0	267
7	205
0	169
10	2891
0	2856
116	433
0	2769
8	2650
247	248
0	59
4	2018
36	1092
0	152
0	405
0	217
0	188
0	174
0	4
0	162
0	0
10	1036
0	873
0	1021
9	1575
1	1223
39	1592
0	918
0	76
0	274
0	1144
0	176
0	0
0	869
0	210
0	985
0	75
0	750
3	767
0	7
0	56
0	4
0	67
1	71
0	0
0	0
0	1
0	3
0	2
0	1
8	18556
0	16544
312	18033
113	18066
32	9571
3	12072
5	1065
0	791
13	736
0	251
0	1189
20	68
0	1067
20	2097
14	2339
0	1204
17	765
2	2453
0	264
0	99
0	223
0	224
0	16
7	2549
0	323
0	1447
0	2369
0	2321
0	868
0	1697
3	1483
0	1427
0	1212
0	590
0	398
0	664
2	632
72	127
0	241
0	257
0	166
0	5
0	4
0	3
0	3
0	1
0	22
0	477
0	0
94	8509
0	740
0	1537
11	8567
0	112
0	199
0	473
0	160
0	83
0	8452
1	8667
0	417
0	737
0	615
16	2854
21	8322
9	19
0	491
0	893
0	587
0	625
0	597
0	424
0	969
0	8435
4	19
0	278
23	220
0	707
8	90
0	975
0	840
0	659
0	0
11	9
0	74
0	245
0	1076
11	505
5	511
0	202
80	395
0	1287
16	622
23	1286
15	0
218	2342
0	1564
0	81
0	1548
25	92
0	44
5	227
0	113
0	15
0	56
0	0
0	201
0	216
7280	547
0	138
0	13
0	27
0	24
0	45
0	115
184	675
0	145
0	96
0	0
0	0
25	1849
0	10
0	1434
0	1428
1	1484
5	1488
0	1140
0	460
8	1031
0	963
0	449
0	154
0	204
5	364
0	0
10	196
0	355
4	331
0	241
0	566
0	529
3	324
0	335
38	373
0	59
0	26
0	251
0	241
0	61
0	130
0	71
0	129
0	149
0	150
0	10
0	0
0	0
0	0
0	0
1	355
489	511
0	170
0	196
0	256
0	0
0	0
1	1455
0	61
7	1032
1	1579
0	55
0	170
0	629
5	245
0	55
0	211
0	227
47	310
0	303
0	900
3	238
0	411
0	8
0	251
0	297
0	985
11	361
5	253
0	150
0	4
0	716
1	11
141	500
17	420
0	121
27	131
6	130
0	0
37	43
36	131
31	10
58	107
387	148
0	138
0	73
1	146
0	74
0	111
0	10
0	17
0	11
0	1
0	0
0	265
0	245
12	205
3	203
0	2
0	0
0	0
1	50
0	30
0	14
0	0
0	112
0	47
0	133
3	128
0	23
0	1
0	11
0	0
0	0
0	0
0	0
0	0
0	0
0	0
0	0
0	0
0	0
0	0
0	0
0	0
0	0
0	0
0	0
0	0
0	0
0	0
0	0
0	0
0	0
0	0
198	114
0	106
0	8
0	0
0	0
0	0
0	0
0	0
0	0
0	0
0	0
0	0
0	0
1	0
0	0
0	0
32	0
0	0
0	0
0	0
0	0
0	5
0	1
4	4
0	3
0	1
0	0
0	0
0	0
0	0
0	18
0	0
0	0
0	0
0	0
0	0
0	146
0	2
0	134
0	1
0	3
0	0
0	84
0	8
0	0
0	1
0	136
0	3
0	7
0	13
0	7
0	18
0	0
0	0
0	0
0	0
0	0
0	0
0	0
0	0
0	0
0	0
0	0
0	0
0	0
0	0
0	0
0	0
0	0
0	0
0	0
1	0
0	0
0	0
0	0
0	0
0	0
0	0
0	0
0	0
0	0
0	0
0	0
0	0
0	0
0	0
0	0
0	0
0	0
0	0
0	0
0	0
0	0
0	0
0	0
0	0
0	0
0	0
0	0
0	0
0	0
0	0
0	0
0	0
0	0
0	0
0	0
0	0
9	612
0	21
0	537
0	10
10	480
0	8
9	14
0	6
0	7
0	1
0	58
194	1220
0	0
68	1437
0	984
7	1443
0	1827
0	1721
0	397
0	187
0	310
0	312
20	552
54	371
0	251
0	224
53	0
0	0
0	0
0	0
0	0
0	0
0	33
0	0
0	0
40	65
0	51
0	36
0	33
0	0
0	0
0	0
0	0
13	147
0	114
8	105
0	42
0	113
0	20
0	1
0	0
0	0
0	0
0	3600
0	3679
0	1394
0	365
0	3804
0	3725
0	3477
0	0
0	559
0	5
0	46
0	66
0	29
0	169
0	775
52	919
0	196
0	209
0	158
45	0
0	0
0	0
0	0
0	0
0	0
0	0
0	0
0	0
0	0
0	0
0	0
0	0
4648	1381
23	1408
25	116
0	0
0	0
0	0
0	0
0	1039
0	1039
0	34
0	72
131	887
21	753
0	173
0	0
23	0
0	158
0	1540
10697	3382
6	3364
0	117
0	252
1	2684
19	45
0	0
0	0
0	0
0	0
0	0
0	0
22	0
0	0
0	0
0	0
0	0
0	0
0	0
0	0
0	0
0	0
0	0
0	0
0	0
0	0
0	0
0	0
0	0
0	0
0	0
0	0
0	0
0	0
0	0
0	0
0	0
0	0
0	0
0	0
0	0
0	0
0	0
0	0
0	0
0	0
0	0
0	0
0	0
0	0
0	0
0	0
0	0
0	0
0	0
0	0
0	0
0	0
300	97
0	47
0	68
0	33
0	19
0	48
0	41
0	0
0	0
0	0
0	0
0	0
0	0
0	0
0	0
0	0
0	0
0	0
0	0
0	0
0	0
0	0
0	0
0	0
0	0
1	8
0	8
0	0
0	0
0	0
0	0
0	0
0	0
0	0
696	29
0	7
0	10
0	22
0	0
0	18
378	226
20	220
0	42
0	10
0	35
0	20
0	26
0	29
0	20
0	0
1	41
0	39
0	0
0	0
0	2
0	10
0	4
0	8
0	4
0	3
0	1
0	1
0	1
0	0
0	0
0	0
0	0
0	0
0	0
0	0
0	0
0	1
0	11
0	1
0	2
0	0
0	0
1	14
3	135
7	94
0	59
30	57
3	108
0	88
0	41
0	36
0	21
0	28
0	110
0	52
2	51
3	85
12	85
0	84
0	81
0	2
0	4
9	643
5	39
0	51
55	654
45	521
0	175
0	174
0	77
24	23
0	173
37	387
0	125
0	2890
0	34
0	3
0	37
6	1224
0	2849
0	8
29	2921
0	242
2	2038
0	0
18	66
1	2165
0	1285
0	107
0	1520
4	1713
0	80
15	300
22	484
0	172
0	89
0	279
6	195
3	108
0	25
0	34
0	0
0	0
0	0
0	0
0	0
18	993
0	442
72	1046
0	321
0	275
0	937
0	216
0	50
0	47
0	222
0	762
0	113
22	236
0	0
0	0
0	0
0	0
0	0
0	910
23	1016
11	1000
0	43
0	49
0	1026
0	12
0	51
0	299
41	299
0	267
2	305
0	286
0	41
6	270
0	278
0	34
0	152
0	80
0	100
0	75
0	41
0	129
0	1
0	8
21	32
64	268
0	52
0	133
0	25
0	204
0	19
81	1563
18	818
0	1102
27	1095
0	186
0	173
6	2162
2562	2656
0	2
9	1628
28	1403
142	1449
22	1372
108	2553
0	47
3	1531
1	906
7	200
0	34
0	36
0	34
0	16
0	37
0	37
0	34
0	34
0	36
6	279
0	294
0	47
0	92
0	34
0	218
0	445
0	191
57	647
0	35
0	35
0	36
4	238
0	642
0	525
11	353
0	265
0	286
0	35
0	57
11	48
8	63
0	35
19	41
0	0
6	287
2	610
0	792
0	309
0	172
16	369
0	400
0	102
1	173
0	389
0	168
0	167
0	40
0	16
0	98
0	88
0	7
0	0
0	0
0	0
0	0
0	0
0	0
0	0
0	0
475	0
0	0
0	0
0	0
0	0
0	0
0	0
0	0
0	0
0	0
0	0
0	0
0	0
0	0
0	0
0	0
0	0
0	0
0	0
0	0
0	0
0	0
0	0
0	0
0	0
0	0
0	0
0	0
0	0
0	0
0	0
0	0
0	0
0	0
0	0
0	0
0	0
0	0
0	0
0	0
0	0
0	0
0	0
0	0
0	304
43	306
0	304
15	267
0	42
0	59
0	1
0	23
0	39
0	115
9	65
0	0
3	153
58	154
0	103
0	0
24	0
338	577
23	531
63	309
18	158
18	240
0	14
35	24
0	5
0	0
0	5
0	8
0	0
0	1
0	1
0	0
0	0
0	0
0	0
1	0
7	21
0	22
0	20
2	40
6	30
0	21
11	1305
0	1570
0	6
2	1563
0	116
0	0
0	46
13	32
0	59
23	1114
0	97
0	127
3	89
0	0
0	0
0	0
0	0
0	0
0	0
0	0
0	0
1941	0
0	0
1092	7655
401	7379
530	1089
0	0
330	0
0	0
112	1516
16	1450
2	150
1	404
1	699
3	937
0	0
0	0
0	0
0	0
0	0
0	0
0	0
0	0
0	0
0	0
0	0
0	0
0	0
0	0
0	0
0	0
0	0
0	0
0	0
0	0
0	0
0	9
0	2778
3	2784
140	2909
20	2377
31	1736
0	2724
11	1654
0	514
0	37
0	239
0	736
0	166
0	71
0	67
0	6
0	17
0	24
0	17
0	0
0	0
0	0
0	0
0	0
0	0
0	0
0	0
0	0
0	0
0	0
0	0
0	0
0	0
0	0
0	0
0	0
0	0
0	0
0	0
0	0
0	0
0	0
0	0
0	0
0	0
0	0
0	0
0	0
0	0
0	0
0	0
0	0
0	0
0	0
0	0
0	0
0	0
0	0
0	0
0	0
0	0
0	0
0	0
0	0
0	0
0	0
0	0
0	0
0	0
0	0
0	0
0	0
0	0
0	0
0	0
0	0
0	0
0	0
0	0
0	0
0	0
0	0
0	0
0	0
0	0
0	0
0	0
0	0
0	0
0	0
0	0
0	0
0	70
0	4
3	58
0	8
0	2
0	24
0	35
12	325
16	391
82	1111
0	17
0	8
0	43
0	39
0	0
0	74
0	36
0	31
0	14
0	10
0	33
0	4
0	4
0	4
0	0
0	0
0	0
260	1294
0	460
0	225
0	155
146	244
0	294
0	165
0	160
0	119
0	152
0	103
0	105
0	127
0	78
0	63
0	0
0	0
0	0
0	0
0	0
0	0
0	67
0	651
41	649
49	627
47	110
0	25
0	599
0	7
0	330
0	213
0	240
0	140
0	49
0	0
0	0
0	0
0	0
0	0
0	0
0	0
0	0
0	0
0	0
0	0
0	0
0	0
0	0
0	0
0	0
0	0
0	0
0	0
0	0
0	0
0	0
0	0
0	0
0	0
0	0
0	0
0	0
0	0
0	0
0	0
0	0
0	0
0	0
1	461
0	472
12	651
0	437
0	671
33	446
17	564
0	106
0	15
0	5
17	158
0	0
0	0
0	0
0	0
0	0
0	0
0	0
455	511
0	464
0	510
289	3290
0	3048
5	1861
0	2248
0	648
65	413
0	170
45	99
0	162
0	189
0	373
0	146
0	0
0	0
0	0
0	0
0	0
0	0
0	0
0	0
0	0
0	0
0	0
0	27
0	0
0	27
0	0
0	0
0	0
0	0
66	13299
0	15947
4333	8227
1009	15356
79	14977
0	13570
5732	5165
8	355
0	0
0	0
0	0
9	1900
48	1900
80	1189
4	1198
0	871
0	90
0	0
0	0
6308	3742
0	8
5	519
0	3737
0	0
0	0
0	0
0	5
0	9
0	9
0	4
0	3
0	3
0	1
0	3
0	1
0	1
0	1
0	1
0	4
0	0
0	0
0	1
0	1
0	9
0	0
0	0
0	0
0	0
0	0
0	0
0	0
0	0
0	0
0	0
0	0
0	0
0	0
0	0
0	0
0	0
0	0
0	0
0	0
0	0
0	0
0	0
0	0
0	0
0	0
0	0
0	0
0	0
0	0
0	0
0	0
0	0
0	0
0	0
0	0
10	471
77	468
0	3
1568	214
0	173
0	109
0	85
0	100
0	0
0	82
0	50
0	53
0	0
0	185
0	0
0	0
0	49
0	49
0	0
0	37
0	1
0	1
0	0
0	0
0	0
76	1782
0	1353
0	93
0	169
0	173
0	174
0	114
1292	36
0	0
0	0
0	0
0	1
3	203
0	869
0	886
0	918
0	83
0	12
0	59
0	40
0	38
0	2
0	1
0	1
0	0
0	0
0	0
0	0
0	0
0	0
0	0
0	0
0	0
0	439
24	74
43	536
0	494
1	119
2	81
7	19
0	18
0	18
0	2
0	0
0	0
0	0
0	0
0	0
0	0
0	0
0	0
0	0
0	2
1105	924
0	877
4	879
9	699
0	0
0	324
0	0
0	347
0	322
1	273
0	92
0	273
836	561
12	187
0	46
0	0
0	29
109	50
0	95
651	931
0	324
14	178
13	404
14	187
1745	1543
0	1397
0	125
0	0
0	371
0	124
0	440
0	168
0	156
0	0
0	0
1	0
0	0
0	0
0	0
0	0
0	12
0	44
400	476
0	89
11	72
33	264
0	52
0	0
83	1091
0	4
0	28
176	1891
0	1196
0	1254
3	1278
0	317
0	218
0	76
0	7
0	7
0	0
0	0
0	0
19	125
0	4
0	2
0	150
0	113
0	24
0	12
16	13
6	91
0	58
2301	937
0	464
0	8
0	0
0	54
0	53
0	136
0	409
0	17
0	17
0	11
0	17
0	2
0	89
0	0
0	0
0	5
3	65
0	4
0	53
0	28
0	22
0	4
0	0
0	0
0	0
0	0
17	654
0	601
0	311
0	427
0	484
0	569
1	421
14	471
0	197
0	65
0	0
0	58
0	29
3	121
0	126
68	167
0	100
1	44
0	0
0	102
0	38
0	0
0	96
0	45
0	109
0	0
0	33
0	1545
25	1557
0	1154
2	176
0	928
12	0
2	559
15	162
20	566
0	56
0	44
0	76
0	70
7	60
43	9
0	0
0	0
0	0
0	0
0	30
0	0
0	0
0	0
0	0
0	0
0	0
0	0
0	0
0	0
16	540
18	523
6	187
35	103
0	489
0	504
4	462
32	402
0	446
0	113
0	193
0	264
0	0
0	0
0	128
22	6577
202	7133
7	2869
2	1697
0	916
0	462
8	413
17	740
10	743
0	538
29	395
6	0
0	0
0	0
0	0
0	0
0	0
0	0
0	0
0	0
0	0
0	0
0	57
37	1006
0	1006
13	562
0	0
0	0
0	0
1762	1280
1	1243
0	687
0	1104
0	572
0	0
0	168
0	51
0	43
0	113
0	109
0	14
0	137
0	83
0	81
0	11
0	59
0	0
0	51
0	34
0	22
0	1
0	0
0	0
0	0
0	0
0	0
0	0
0	0
0	0
0	0
0	0
0	0
0	0
0	0
0	0
0	0
0	0
0	0
0	0
0	0
0	0
0	0
0	0
0	0
0	0
0	0
0	0
0	0
0	0
0	0
0	0
0	0
0	0
0	0
0	0
0	0
0	0
0	0
0	0
0	0
0	0
0	0
0	0
0	0
0	0
0	0
0	0
0	0
0	0
0	0
0	0
0	0
0	0
0	0
0	0
0	0
0	0
0	0
0	0
0	0
0	0
0	0
0	0
0	0
0	0
0	0
0	0
0	0
0	0
0	0
0	0
0	0
0	0
0	0
0	0
0	0
0	0
0	0
0	0
0	0
0	0
0	0
0	0
0	0
0	0
0	0
0	0
0	0
0	0
0	0
0	0
0	0
0	0
0	0
0	0
0	0
0	0
0	0
0	0
0	0
0	0
0	0
0	0
0	0
0	0
0	0
0	0
0	0
0	0
0	0
0	0
0	0
0	0
0	0
0	0
0	0
0	0
0	0
0	0
0	0
0	0
0	0
0	0
0	0
415	627
0	9
0	138
0	454
0	548
0	103
0	139
7	334
0	0
0	0
0	0
0	0
0	0
0	0
685	157
0	65
0	46
0	45
0	1
0	0
0	145
0	175
0	464
0	221
0	169
0	510
0	191
17	380
1	720
0	212
0	243
0	246
0	104
0	58
0	20
0	0
0	0
0	0
0	0
0	0
0	0
0	0
0	0
0	0
0	0
0	0
0	0
0	19
0	0
0	0
0	0
0	0
0	0
0	0
0	0
0	0
0	0
0	0
0	0
0	0
0	0
0	0
0	3570
168	3278
0	0
0	0
0	0
0	0
0	0
0	0
0	0
0	0
1	550
0	102
57	491
4	563
0	21
0	16
0	37
0	0
0	0
0	0
0	0
0	0
0	0
0	0
0	0
39	1917
0	129
68	1636
8	332
0	109
24	373
5	320
0	1647
12	1243
1	1286
0	827
0	0
0	170
0	161
0	168
0	191
0	161
0	159
0	134
0	139
0	53
196	37891
2837	15718
0	37559
96	22176
0	32404
0	38665
0	22054
81	12173
8	9030
301	21323
0	28604
17	17665
357	28818
5	9606
445	23650
0	16236
1	29036
105	192
0	173
0	133
0	31
0	19
0	0
0	0
0	0
0	0
0	0
0	0
0	0
0	0
0	0
0	0
0	0
0	0
0	0
0	0
0	0
0	0
0	0
0	0
0	0
0	0
0	0
0	0
0	0
0	0
0	0
0	0
0	0
0	0
0	0
0	0
0	0
0	0
0	0
0	0
0	0
0	0
0	0
0	0
0	0
0	0
0	0
0	0
0	0
0	0
0	0
0	0
0	0
0	0
0	0
0	0
0	0
0	0
0	0
0	0
52	8581
130	3933
45	8718
4	431
0	4675
0	31
0	321
0	0
0	0
16	656
0	1872
1	2209
43	1759
20	1757
13	263
0	1718
32	579
5	1622
5	1781
0	285
0	8
0	97
0	74
0	0
0	0
0	0
0	0
0	0
0	0
0	21
8	39
0	28
0	38
11	13
0	22
0	11
0	0
0	0
0	0
0	0
0	0
0	0
0	0
0	0
0	0
0	0
0	0
0	0
0	0
0	0
0	0
0	0
0	0
0	0
0	0
0	0
0	0
0	0
0	0
0	0
0	0
0	0
0	0
0	0
0	0
0	0
0	1157
2	1146
0	1226
0	1246
0	630
0	624
0	564
0	515
0	628
0	602
0	651
0	601
0	111
0	517
0	550
0	14
0	6
8	73
0	0
0	0
0	0
0	0
0	0
0	0
0	0
0	30
0	84
0	0
0	0
0	0
0	0
0	0
0	0
0	0
0	0
0	0
0	0
0	0
0	0
0	0
0	0
0	0
51	31
58	727
46	100
44	130
12	130
0	107
0	0
0	25
0	94
0	95
0	25
0	0
1	1110
48	994
16	149
0	176
12	387
11	287
0	67
0	18
0	372
0	281
0	287
0	51
0	40
0	0
0	0
0	0
0	0
0	0
0	0
0	0
0	0
0	0
0	0
0	0
0	0
0	0
0	0
0	0
0	0
0	0
0	0
0	0
0	0
0	0
0	0
0	0
0	0
0	0
0	0
0	0
0	0
0	0
0	0
0	0
0	0
0	0
0	0
0	0
0	0
0	0
0	0
0	0
0	0
0	0
0	0
0	0
0	0
0	0
0	0
0	0
0	0
0	0
0	28
0	28
0	0
0	0
0	4
0	0
5	4
0	0
0	0
0	0
0	0
0	0
0	0
16	1408
3104	2588
0	1659
0	838
1	714
2	814
7	328
0	0
0	0
0	0
0	0
0	0
0	0
0	0
0	0
0	0
0	0
0	0
0	0
0	0
0	0
0	0
0	0
0	0
0	0
0	0
0	0
0	0
0	0
0	0
0	0
0	0
0	0
0	0
0	0
0	0
0	0
0	0
0	0
0	0
0	45
11	742
0	104
0	35
0	53
9	616
0	62
0	0
0	0
0	1
0	0
0	0
0	0
0	0
0	0
0	0
27	65
2	63
0	10
6	46
0	21
0	56
0	218
0	0
128	218
0	0
0	0
54	1315
0	1083
0	848
7	164
17	226
0	76
0	89
0	25
0	0
0	0
0	1
0	528
0	565
0	358
0	30
0	46
0	510
0	65
0	16
0	393
0	126
0	111
0	51
0	72
0	2
0	13
0	0
0	0
0	0
0	0
0	0
1	0
15	0
0	0
10	759
3	734
0	509
0	148
0	125
0	77
0	0
0	79
0	71
0	0
0	0
0	10
0	77
0	80
0	72
0	101
0	106
0	42
0	19
0	0
0	0
0	62
2	62
0	0
181	625
62	534
31	199
0	0
0	0
0	0
0	0
0	0
0	0
0	0
0	0
0	0
0	0
0	0
0	0
0	0
0	0
0	0
0	0
0	0
0	0
0	0
0	0
0	0
0	0
0	0
0	0
0	0
0	0
0	2484
53	1368
0	2416
0	321
0	1218
3	356
0	105
0	322
2	20
0	173
0	179
0	201
0	7
0	0
0	0
20	229
0	885
2	896
0	910
0	794
9	793
0	82
0	615
0	124
0	59
0	31
0	0
0	34
0	16
0	191
0	202
0	198
0	92
0	52
0	44
0	42
0	22
0	12
0	7
0	8
0	0
0	0
0	0
0	0
5	0
0	0
115	2926
33	2879
0	91
0	62
0	84
0	108
0	10
0	145
0	78
24	91
0	161
23	34
31	118
5	525
0	109
0	77
37	219
0	0
0	0
0	0
0	0
0	0
0	0
0	0
0	0
0	0
0	0
0	0
0	0
0	0
0	0
0	0
0	0
0	0
0	0
0	0
0	0
0	0
0	0
0	0
0	0
0	0
0	0
0	0
0	0
0	0
0	0
0	0
0	0
0	0
0	0
0	0
0	0
0	0
0	0
0	0
0	0
0	0
0	0
0	0
0	0
0	0
0	0
0	0
0	0
0	0
0	0
0	0
0	0
0	0
0	0
0	0
0	0
0	0
0	0
0	0
0	3
0	0
0	0
0	0
0	0
3	1003
0	996
10	1009
0	641
1	782
0	17
0	15
0	0
0	0
0	0
0	0
1169	68
0	37
0	31
52	1868
0	1773
0	198
0	282
0	174
0	89
1	1525
0	1724
0	8
0	1590
28	1722
0	359
2	1702
0	72
1	188
0	64
0	178
0	223
0	274
0	373
11	499
0	3
0	84
1	2669
6	781
0	665
0	410
0	888
92	325
8	385
16	656
0	34
0	12
0	259
0	92
0	9
0	18
0	37
0	9
0	37
0	6
14	5
0	0
0	5
0	0
0	0
0	0
0	0
0	0
0	0
0	0
0	0
1	39
0	39
16	12198
6	1354
0	773
8	12133
0	1005
0	1169
0	2417
0	17
0	42
0	12478
0	15
0	237
0	8522
0	0
0	0
0	0
0	0
0	0
0	0
0	0
0	0
0	0
0	0
0	0
0	0
0	0
0	0
0	0
0	0
0	0
0	0
0	0
0	0
0	0
0	0
0	0
0	0
0	0
0	0
0	0
0	0
0	0
0	0
0	0
0	0
0	0
0	0
0	0
0	0
0	0
0	0
0	0
0	0
0	0
0	0
0	0
0	0
0	676
0	45
0	85
0	8
0	676
0	295
1	425
0	99
0	154
0	165
0	59
0	16
0	67
4	95
1	96
0	3
0	31
0	16
0	14
0	0
0	0
0	0
0	0
0	197
0	0
0	0
0	0
0	200
0	0
0	7
0	1004
0	613
11	1184
0	986
0	979
7	888
64	1247
0	847
0	667
0	266
0	330
0	550
0	299
0	378
0	17
0	1
0	8
0	4
0	3
0	0
0	1440
0	1542
0	463
1	1250
0	145
0	325
0	273
0	1417
2	249
10	1218
0	216
0	0
0	1079
2418	1089
0	551
0	172
0	222
0	0
0	0
0	0
0	0
0	0
0	0
0	0
0	0
0	0
0	5
28	268
0	265
0	10
0	18
0	0
334	58
0	53
2	57
0	131
0	193
102	273
0	18
0	1
0	165
0	183
0	31
3	161
0	107
0	148
1	247
0	47
0	30
0	3
0	33
1	91
0	0
0	0
0	0
0	0
0	0
0	0
0	0
0	0
0	0
0	0
0	0
0	0
0	0
0	0
0	0
0	0
0	0
0	0
0	0
0	0
0	0
0	0
0	0
0	0
0	0
0	0
0	0
0	0
1	1156
0	74
0	640
0	53
71	1089
0	109
0	11
0	89
0	27
8	606
1	440
0	449
3	427
14	438
5	383
0	249
1	170
0	9
0	1
0	53
0	42
0	15
0	1
0	1
0	1
0	1
0	25
0	18
0	19
0	19
0	20
0	3
0	3
0	0
0	0
0	0
0	0
0	35
0	5
1	35
0	0
0	0
0	0
0	0
0	0
0	35
0	2
0	2
0	0
0	15
0	16
0	1
0	2
0	3
0	0
219	909
0	909
0	0
0	0
0	0
0	0
0	0
0	0
0	0
0	0
0	0
0	0
0	0
0	0
0	14
1	0
0	0
2	0
0	0
1	0
193	862
0	180
0	169
7	264
7	489
0	702
0	54
0	10
5227	47510
10	7091
28	971
0	131
296	36108
1682	37379
25	9352
17	36970
135	11307
0	0
0	0
0	0
0	0
0	0
0	0
0	0
0	0
0	0
0	0
0	0
0	0
0	0
0	0
0	0
0	0
0	0
0	0
0	0
0	0
0	0
0	0
0	0
0	0
0	0
0	0
0	0
0	0
10	0
0	0
0	0
0	0
0	0
0	0
0	0
0	0
638	535
0	387
0	341
0	113
0	0
7	11
0	5
36	6
0	0
0	0
0	0
0	0
0	0
2149	20107
0	0
25	20485
6	11643
7	13130
294	20100
0	341
13	4233
0	24
0	50
0	85
0	90
0	3
0	51
0	48
0	51
0	45
1	45
0	0
0	2
23	71
7	69
0	0
1	65
159	84
1	100
0	53
0	49
0	20
0	49
0	48
0	0
0	0
0	0
0	0
3	18238
0	0
0	0
0	0
0	0
0	3179
0	10
0	3193
0	3075
0	3037
0	3157
0	3207
0	3177
0	3160
2	3125
1	3697
0	3711
0	2791
0	3150
18	3540
3	3474
1	3222
0	3194
0	2674
0	3110
0	3015
0	3241
4	3161
0	2935
0	2901
0	313
2	2830
0	3082
12	3104
0	3083
0	3007
0	3049
2	2311
0	3154
0	3194
0	3076
0	3058
0	2972
0	3159
0	3077
0	2917
0	3194
0	3047
0	3165
8	3154
0	3082
0	3107
5	1091
0	416
0	288
1	466
0	12
0	333
0	136
0	329
7	285
0	16
198	169
0	14
0	132
0	9
0	0
0	26
0	32
0	12
0	12
0	15
0	10
0	0
0	0
0	0
0	0
0	0
0	0
0	0
0	0
40	2196
0	863
2	2077
3	710
0	1148
0	0
0	1200
0	2095
0	50
0	279
0	0
0	0
0	0
0	0
0	0
0	0
0	0
0	0
0	0
0	0
0	0
0	0
0	0
0	0
0	0
0	0
0	0
0	0
0	0
0	0
0	0
0	0
0	0
0	0
0	0
0	0
0	0
0	0
0	0
0	0
0	0
0	0
0	0
0	0
0	0
0	0
0	0
0	0
0	0
0	0
0	0
0	0
0	0
0	0
0	0
0	0
0	0
0	0
0	0
0	0
0	0
0	0
0	0
0	0
0	0
0	0
0	0
0	0
0	0
0	0
0	0
0	0
0	0
0	0
0	0
0	0
0	0
0	0
538	359
0	389
3	474
0	420
0	357
0	335
0	215
5	110
0	112
0	95
0	59
0	52
0	57
0	3
0	9
0	17
9	1066
0	1066
0	224
38	1485
15	583
0	1
0	69
1	1472
8	1470
0	0
0	39
0	27
0	31
0	496
0	14
0	231
2	55
0	47
0	68
0	2
0	54
0	29
0	0
0	0
0	0
0	0
0	0
0	0
0	0
0	0
0	0
0	0
0	0
0	0
0	0
0	0
0	0
0	0
0	0
0	0
0	0
0	0
0	0
0	27
0	0
0	0
0	0
0	12
15	27
0	21
0	0
0	0
0	0
0	0
0	0
0	285
0	0
75	2017
4	1875
3	1397
0	685
4	236
0	581
0	0
0	0
0	0
0	0
0	2
0	0
0	33
0	0
0	31
0	0
0	2
0	2
0	5
0	0
0	0
0	0
0	0
0	0
0	0
0	0
0	0
0	0
0	0
0	0
0	0
0	0
0	0
0	0
0	0
0	0
0	0
0	0
0	0
0	0
0	0
0	0
0	0
0	0
0	0
0	0
0	0
0	0
0	0
0	397
3	700
10	706
0	285
0	86
0	24
0	43
0	0
0	0
0	26
0	20
0	0
0	254
2	175
10	221
6	192
0	184
0	18
2	34
0	17
0	21
0	20
0	20
0	18
0	17
0	0
0	0
0	0
0	0
0	0
0	118
0	24
22	171
0	64
0	0
0	99
0	70
0	32
7	156
0	126
0	29
0	72
0	162
0	9
0	2
0	0
0	0
0	0
0	0
0	0
47	0
48	0
0	0
0	1
0	267
0	271
0	15
0	257
0	470
2	79
0	466
11	63
0	333
22	0
0	148
0	67
0	0
0	0
0	0
0	0
0	0
0	0
0	0
125	845
0	844
0	35
0	72
0	37
21	103
11	103
25	97
0	0
0	0
0	0
0	451
0	148
0	186
92	489
0	107
0	138
0	60
0	20
0	0
0	2
0	0
0	0
110	2
0	28
0	29
0	293
0	461
79	323
14	275
74	455
0	0
0	184
0	16
0	18
0	20
2	187
0	21
31	0
0	0
0	0
0	0
0	0
0	0
0	101
1	106
0	0
0	5
0	5
31	88
1371	106
17	596
0	596
0	237
0	470
0	142
0	308
11	141
0	0
11	69
106	69
0	0
0	0
0	0
0	0
0	0
0	0
0	0
0	0
121	94
0	27
0	0
60	983
0	1028
0	129
0	337
3	117
0	48
3	90
0	146
0	0
6	893
0	0
0	408
14	1072
9	409
4	624
0	990
0	0
0	0
21	414
0	3
0	0
0	0
0	0
0	0
29	4
0	4
0	0
0	23
0	0
0	0
0	0
0	1296
156	1321
0	788
0	124
0	1293
0	47
0	1192
2	151
0	63
0	47
0	0
7	118
215	754
2100	1254
15	72
0	0
12	474
51	428
0	98
0	1077
0	681
0	189
4	1223
0	670
5	101
0	12
0	97
0	116
0	0
0	184
7	739
0	2
0	58
0	0
0	0
0	0
0	0
0	0
0	0
0	0
0	0
0	0
1	108
0	119
0	90
6	76
0	41
6	47
0	15
0	23
0	0
0	24
0	8
0	18
0	4
0	8
0	4
0	8
0	0
0	0
0	0
0	0
0	0
0	0
0	0
0	514
0	274
0	528
0	58
0	3
0	0
0	0
0	0
0	0
0	0
0	0
0	0
0	0
0	0
0	0
0	0
0	0
0	0
0	0
0	0
0	0
0	0
0	0
0	0
0	0
0	0
0	0
0	0
0	0
0	0
0	0
0	0
0	0
0	0
0	0
0	0
0	0
0	0
0	0
0	0
0	0
0	0
0	0
0	0
0	0
0	0
0	0
0	0
0	0
0	0
0	0
0	0
0	0
0	0
0	0
0	0
0	0
0	0
0	0
0	0
0	0
0	0
0	0
0	0
0	0
0	0
0	0
0	0
0	0
0	0
0	0
0	0
0	0
0	0
0	0
0	0
0	0
0	0
0	0
0	0
0	0
0	0
0	0
0	0
0	0
0	0
0	0
0	0
0	0
0	0
0	0
0	0
0	0
0	0
0	0
0	0
0	0
0	0
0	0
0	0
0	0
0	0
8	889
56	924
1	250
0	81
0	176
0	72
0	254
0	76
0	0
0	0
1	109
0	9
0	0
1248	3687
17	3687
0	135
22	2185
0	173
14	451
0	354
53	493
0	71
0	445
0	57
0	0
0	0
13	2174
2	2217
0	2103
29	2375
0	66
19	60
0	501
0	1
0	1093
0	0
0	0
502	11
0	59
1	59
0	49
0	44
0	51
0	17
0	0
0	6
0	8
0	0
0	6
0	0
0	2
0	0
0	23
0	58
0	206
494	479
0	421
40	0
53	0
16	0
14	1031
0	18
51	1049
0	1
0	51
0	23
2	2280
4	1930
57	2251
7	2703
3	1506
0	611
0	51
0	100
0	173
0	6
0	259
5	251
0	162
0	156
0	157
0	0
0	0
11	200
3	146
1	95
0	125
0	100
22	100
0	55
6	73
0	73
0	28
0	68
0	57
0	42
0	16
0	0
0	0
0	0
0	0
0	0
0	0
0	0
0	0
0	0
0	0
0	0
2873	5297
14	5036
0	145
0	355
0	512
13	356
0	199
0	291
0	0
0	0
0	0
0	16
2	1968
0	22
0	18
0	17
0	1952
6	317
6	1954
0	1947
0	1934
96	1933
0	32
0	14
0	136
28	238
0	0
237	5123
0	7960
25	7594
82	6879
0	1423
0	1018
0	0
4	1692
0	77
1	10
0	14
0	641
0	89
0	160
0	235
0	91
0	0
0	0
0	0
0	0
0	0
20	740
2	687
0	62
0	94
0	62
0	0
0	0
0	0
0	0
0	0
0	582
5	45
0	20
0	38
0	600
5	538
0	4
0	1
0	0
155	467
0	386
2	418
2	329
0	325
0	309
0	234
0	220
8	148
0	220
0	214
0	155
2	174
0	112
4	136
0	51
0	28
0	27
0	1
0	0
0	0
0	0
0	29
0	0
0	0
0	0
0	0
0	0
0	0
0	0
0	0
0	0
0	19
0	8
0	19
0	12
0	0
0	0
0	0
0	0
0	1
0	0
0	0
0	7
0	0
0	0
0	1
0	0
0	0
0	2
0	0
0	482
9	495
1	475
0	374
17	101
0	2
0	0
850	3800
16	3797
0	0
0	0
0	71
0	49
0	313
9	292
3	907
0	312
8	832
5	309
0	866
0	18
0	494
0	594
0	518
3	469
13	494
1	269
0	500
0	1856
2	1864
0	1850
0	388
0	1880
118	1986
0	1831
0	1512
0	1848
0	1848
8	1783
0	607
0	501
0	172
0	59
0	10
0	5
0	0
0	0
0	0
0	0
2164	1539
5	1330
0	1371
0	1374
0	1223
0	1329
0	5
4	827
0	161
0	401
14	96
0	44
0	97
0	22
0	21
0	0
0	0
0	0
0	0
3	0
0	0
0	0
0	0
0	0
0	0
0	0
0	0
21	979
83	3246
0	564
85	2834
0	1131
0	765
0	1072
0	836
0	38
0	118
0	0
0	286
0	280
28	146
0	286
0	262
0	244
0	217
0	280
0	217
0	7
0	23
0	9
0	54
0	73
0	52
0	21
0	0
0	0
0	70
0	25
0	30
0	29
24	8
0	8
0	7
0	0
0	0
0	0
0	0
2	726
0	813
13	107
0	113
0	127
3	278
15	220
0	213
0	138
529	508
3	466
0	193
0	115
0	157
0	146
0	129
0	122
0	121
0	198
0	213
0	241
13	204
0	199
0	170
0	99
0	94
0	117
0	84
0	100
0	104
0	97
0	90
0	89
0	53
0	52
0	29
0	0
0	22
594	703
5	277
0	575
0	57
0	43
0	4
1	2
0	2
0	0
1	0
3	221
9	266
6	126
0	175
1	0
0	150
0	237
0	58
482	1105
0	132
0	8
0	37
0	0
2	354
14	1008
0	44
0	65
0	158
0	33
0	198
0	45
0	142
0	69
0	151
36	139
0	138
0	205
0	146
15	877
0	0
0	2
0	12
0	58
0	20
0	5
0	83
0	0
0	0
0	35
0	68
82	359
0	367
2	402
23	214
21	16
0	18
0	88
0	115
0	32
0	36
0	67
0	40
0	0
0	2550
0	2550
0	3
0	106
0	103
0	429
0	103
0	287
0	2547
0	1074
2	2197
0	1933
0	2009
0	0
0	146
0	2008
0	59
0	147
0	152
0	0
22	1174
0	183
0	146
0	58
0	124
17	469
3	491
0	531
0	259
23	333
0	419
0	515
0	122
0	400
0	397
0	171
0	66
0	2
0	0
195	1279
333	1343
0	1282
2	1283
2	1284
285	306
0	0
0	184
0	801
14	5071
1392	5969
0	58
0	1486
1	564
0	2431
8	2374
6	988
21	275
71	899
0	0
254	2106
23	528
29	2134
15	1913
9	320
0	53
0	13
0	59
0	441
0	124
0	119
0	116
0	15
0	0
16	3986
4	5233
0	9791
0	22579
0	101
0	143
0	19937
0	20155
0	2325
0	2531
0	20074
0	894
0	22290
0	9265
61	3161
0	17666
0	3368
0	116
0	15291
0	3617
0	2121
0	2892
0	2244
0	5551
0	1578
0	6642
0	5938
0	5393
0	5427
0	5458
2	5103
0	5021
0	4035
0	2793
0	4882
47	3174
0	2620
0	2023
0	3526
0	570
0	3357
0	2821
0	1159
0	3575
33	3589
0	239
0	506
0	519
0	820
0	1712
0	630
0	468
0	1927
0	2040
0	2345
1	2235
0	1960
0	2086
0	2202
19	128
0	772
0	303
0	12
0	300
0	43
0	370
0	132
0	0
0	0
0	0
0	0
0	0
0	0
0	0
0	0
0	0
0	0
0	0
0	0
0	0
0	0
0	0
0	0
0	0
0	0
0	0
0	0
882	0
4	14
0	3
0	4
0	3
0	10
0	0
0	0
0	0
0	0
0	0
0	0
0	0
0	0
0	0
0	0
0	0
0	7
0	11
8	10
0	4
0	0
0	0
117	1939
119	2002
0	143
0	1589
11	1171
0	202
0	99
8	351
0	94
0	381
21	390
0	15
0	221
0	306
242	3757
38	3006
592	3694
17	2661
6	579
0	120
5770	6439
16	3852
84	3645
0	1622
0	1129
0	1
0	0
211	117
0	15
0	65
0	1
0	103
0	0
0	37
0	26
0	46
0	19
0	31
0	33
0	25
0	50
0	19
0	16
0	33
0	47
0	34
0	47
0	44
0	47
0	49
0	31
0	21
0	7
0	49
0	33
0	46
0	50
0	46
0	54
0	31
0	29
0	45
0	32
0	20
0	48
0	16
0	19
0	32
0	23
0	26
0	30
0	31
0	48
0	40
0	47
0	45
0	30
0	16
0	33
0	6
0	12
0	4
0	7
0	20
0	28
0	24
0	4
0	6
0	2
0	2
0	514
0	148
0	138
0	176
0	354
1	516
0	412
0	518
0	9
0	492
28	442
9	447
11	290
2	269
0	106
0	110
0	43
0	0
0	554
0	7
0	25
10	553
2	555
0	553
0	552
0	553
0	22
0	29
0	6
0	17
0	19
0	0
0	25
0	0
0	26
0	2
0	4
0	0
0	15
0	35
0	0
0	0
0	0
0	0
0	0
278	2423
0	644
0	198
0	435
0	385
0	771
63	2141
0	384
5	638
0	432
0	245
0	513
0	332
0	176
70	950
51	217
0	15
8	81
0	16
0	35
0	63
0	17
0	3
0	2
0	30
0	2
0	1
0	0
0	4
0	0
0	13
0	6
0	3
0	13
0	4
0	0
8	19
0	0
5	424
0	198
0	412
0	6
0	9
0	378
15	357
0	0
0	19
0	58
0	178
0	27
0	4
0	74
1	76
4	1226
41	1107
0	896
0	36
0	107
0	1696
0	1652
1	1521
2	551
3	444
0	119
0	113
0	1
0	0
0	0
0	0
0	0
0	0
0	0
0	0
0	0
0	0
9	0
824	954
0	48
0	141
10	93
0	58
0	162
7	45
14	273
38	169
13	109
0	216
0	0
0	0
117	1612
0	394
0	342
2	530
0	152
0	447
0	12
0	192
0	306
0	78
0	176
0	0
0	0
0	0
0	0
0	0
0	0
0	0
0	0
0	0
0	0
0	0
0	0
0	0
0	0
0	0
0	0
0	0
0	0
0	0
0	0
0	0
0	0
0	0
0	0
0	0
0	0
0	0
0	0
0	0
0	0
0	0
0	0
0	0
0	0
0	0
0	0
0	0
0	0
0	168
0	167
2	183
0	134
0	172
0	89
0	27
0	21
0	9
35	1801
5	2607
0	2592
0	1712
0	1183
0	47
0	1849
76	2337
1	800
0	1431
0	41
0	6
0	6
0	50
9	426
10	305
0	4
0	1
32	228
0	271
125	1645
0	297
0	117
0	162
0	101
0	76
30	1660
10	154
0	108
0	136
0	301
0	303
5	25
14	40
0	274
0	134
0	97
32	221
0	10
40	305
0	76
0	300
0	151
0	51
1	310
0	0
8	25
21	26
0	0
0	0
0	0
0	0
0	0
0	0
0	0
0	0
0	0
0	0
0	0
0	0
0	0
0	0
0	0
0	0
0	0
0	0
0	0
0	0
0	0
0	0
0	0
0	0
0	0
17	6908
0	6909
0	6922
0	6922
0	0
6	6913
1	6646
1643	6893
0	6579
0	6633
0	9
90	2113
0	0
0	0
0	0
0	0
0	0
0	0
0	0
0	0
0	0
0	0
0	0
0	0
0	0
0	0
0	0
0	0
0	0
0	0
0	0
0	0
0	3
0	548
0	2
0	547
0	477
42	326
0	162
165	503
0	72
0	6
7	193
0	69
0	77
0	2
0	0
0	2
0	39
0	42
0	40
0	8
0	5
0	31
0	9
0	25
0	23
7	34
1	42
0	14
0	21
0	7
0	0
0	0
0	0
0	0
0	0
0	0
0	0
0	0
0	0
0	201
0	193
0	202
0	202
0	123
0	28
0	28
0	12
0	9
0	0
0	77
706	103
0	73
0	79
14	30
0	11
69	805
0	805
0	834
0	836
0	805
12	839
0	723
2	27
0	22
0	16
2	4
0	0
0	0
0	0
0	0
0	0
0	0
0	0
0	0
0	0
0	0
3	194
6	165
7	220
2	136
1	191
0	118
3	113
0	171
0	21
0	203
0	167
0	134
0	119
0	26
3	149
0	43
0	42
0	237
0	246
29	252
0	246
2	13
0	10
6	3
182	3
0	0
0	0
0	0
0	0
0	0
0	0
0	0
0	0
0	0
0	0
0	0
0	0
0	0
0	0
0	0
0	39
1	39
1	39
0	16
0	12
0	5
0	8
0	3
0	3
0	1
0	1
32	265
0	266
1	205
2	188
0	65
0	13
22	159
0	0
0	0
0	0
0	0
0	0
2	510
0	0
0	194
0	510
0	510
0	31
0	129
0	0
0	0
0	0
11	0
0	0
0	0
0	0
0	0
707	2071
8	1414
16	1998
66	924
1842	534
0	1435
0	1378
119	726
0	0
0	0
0	444
504	453
0	364
0	6
0	336
0	0
0	113
8	363
7	447
0	744
0	750
0	768
0	195
0	210
1	717
0	743
0	740
0	230
0	375
0	371
0	0
0	531
0	0
0	0
0	0
0	0
0	0
0	0
0	0
0	0
0	0
0	0
0	0
0	0
0	0
0	0
0	0
0	0
0	0
0	0
0	0
0	0
0	0
0	0
0	0
0	0
0	0
0	0
0	0
0	0
0	0
0	0
0	0
0	0
1022	0
22	447
0	445
6	435
0	387
3	114
0	101
0	214
0	74
0	17
0	0
0	0
0	208
0	157
0	208
4	154
0	184
1	218
0	157
0	118
0	184
1	165
0	42
0	44
0	29
0	34
0	23
0	12
0	3
0	12
0	57
2	1746
1	1580
0	1576
51	1744
0	1728
42	694
0	688
0	60
0	238
84	174
0	268
15	367
0	125
0	110
0	277
0	312
0	632
0	196
0	561
0	2
0	580
0	436
0	510
0	370
0	220
0	320
0	319
0	421
0	361
0	311
0	213
0	280
0	292
0	0
0	336
0	449
0	650
0	317
0	283
0	350
0	157
0	63
0	175
4	554
0	14
0	117
0	436
0	422
0	389
0	404
0	323
2	273
0	517
0	92
0	159
0	397
0	347
0	190
11	236
0	281
0	60
0	22
0	308
0	125
0	0
0	181
0	155
0	10
0	81
0	38
0	56
0	61
6423	24369
9	24106
9	18178
0	23879
20	23926
29	18849
2	17154
80	9
0	0
487	73
0	73
0	0
32	1609
10	1304
5	1427
1	0
6	1916
127	2102
51	2055
16	2078
0	485
0	71
0	0
23	243
11	528
0	10
269	989
0	846
0	310
7	33
0	33
0	549
0	111
0	418
25	485
3	455
11	473
0	5
0	333
0	29
551	2339
0	2256
0	152
0	99
0	0
0	93
0	55
0	31
0	124
16	112
0	128
0	23
0	55
12	92
0	0
0	0
0	10
0	0
0	0
0	232
0	228
0	34
0	0
0	138
1	117
0	16
0	3
1	37
96	2103
0	889
46	2077
0	220
0	505
13	284
0	253
1	140
0	156
0	90
0	215
7	65
12	24
5	28
0	41
0	37
0	0
0	27
0	28
0	11
0	7
0	2
0	0
0	0
0	0
0	0
0	0
0	0
2	1046
0	1046
33	496
0	502
7	820
0	10
0	71
0	108
0	67
0	51
0	11
8	16
0	46
0	52
0	0
0	0
0	0
0	0
0	0
0	0
0	0
0	0
0	0
0	182
1	88
0	895
11	933
0	251
0	692
0	643
2	49
9	177
0	102
0	217
0	109
0	126
0	104
28	14
0	0
0	0
15	0
96	24
39	25
454	1339
0	1205
6	1296
0	1254
0	1228
0	1335
0	1255
0	1208
0	1202
0	1125
24	229
0	713
0	132
3	167
0	85
0	64
0	25
0	0
0	0
0	0
0	0
0	0
0	716
238	4851
7	937
16	4553
0	0
5	597
19	1072
109	4215
17	361
0	437
0	878
16	289
0	0
0	0
0	0
0	0
0	0
0	965
4	965
2	918
24	916
7	467
24	607
0	370
12	104
0	213
7	263
0	82
17	43
12	92
0	7
0	19
0	6865
2	10465
0	10263
0	10261
0	2242
13	5153
45	791
0	533
13	504
0	519
0	10
0	32
0	21
0	0
0	0
0	0
0	0
0	0
0	0
0	0
0	0
0	0
0	0
0	0
0	0
0	0
0	0
0	0
0	0
0	0
0	0
0	0
0	0
0	0
0	0
0	0
0	0
0	0
0	0
0	69
0	70
0	69
0	1
0	34
0	76
0	7
0	1
0	49
0	0
0	0
0	3
0	0
0	0
0	0
72	97
0	0
0	0
0	2
0	18
15	463
0	16
0	85
0	1
19	555
0	29
1	30
0	3
0	3
0	0
312	38
0	13
0	25
0	20
0	11
0	8
0	0
0	2
0	0
0	23
0	0
10	0
0	0
0	0
107	297
30	251
0	45
23	101
0	57
62	2712
11	2756
0	0
0	296
0	544
0	0
4	6988
18	6572
11	3151
0	4227
118	6203
378	6738
10	5943
175	4886
0	401
4	1584
2	113
0	363
14	848
25	285
0	0
3386	1779
0	289
0	1438
0	472
0	233
0	213
0	0
0	0
0	50
0	44
0	51
0	54
0	80
0	0
0	43
0	50
0	54
3	57
0	4
0	0
0	46
0	0
0	0
0	2
0	6
0	6
0	5
0	8
0	3
0	19
0	0
0	6
0	6
0	0
0	0
0	25
0	0
0	0
0	0
0	0
0	0
0	0
0	0
0	0
0	0
171	26
0	0
0	0
15	219
52	201
0	82
478	0
193	527
13	122
17	524
7	274
6	87
0	71
0	0
207	560
124	487
130	309
0	3
0	0
0	0
0	0
0	0
0	0
0	0
0	0
0	0
0	0
0	0
0	0
0	0
0	0
0	0
0	1
142	0
0	0
0	0
0	0
0	0
0	0
0	0
0	0
0	0
0	0
0	0
0	0
0	0
0	0
0	0
0	0
0	0
0	0
0	0
0	0
0	0
0	0
0	0
0	0
0	0
0	0
0	0
0	0
0	0
0	0
0	0
0	0
0	0
0	0
0	0
0	0
0	48
0	7
0	13
0	106
0	104
0	9
0	13
0	37
1	98
0	9
0	100
2	41
0	7
0	14
0	1
0	7
0	6
0	3
0	2
0	4
3	52
46	42
45	1240
2	1643
56	1770
5	1599
0	1198
1	283
1	170
0	12
0	28
0	0
0	231
0	221
0	221
2	161
3	120
0	116
0	89
0	18
0	16
0	12
0	11
0	5
0	0
0	0
0	0
0	0
0	0
0	0
0	0
0	0
0	0
0	0
0	0
0	0
0	0
0	0
0	0
0	0
0	0
0	0
0	0
1610	962
19	962
0	53
0	79
0	94
0	267
0	162
0	10
1	18
0	18
0	5
0	0
0	0
0	0
0	0
0	0
0	0
0	0
0	0
0	0
0	0
0	0
0	0
0	0
0	0
0	0
0	0
62	515
200	515
55	2684
0	1961
0	1740
15	2235
0	57
0	535
0	510
0	244
0	3
0	2
0	3
5	5
0	0
0	1
0	0
5	0
0	0
0	0
0	0
0	0
0	0
0	0
0	0
57	1194
0	297
0	1165
16	243
7	1061
6	1051
0	14
0	0
0	440
0	104
0	48
0	848
0	211
0	410
0	315
0	80
0	38
0	131
0	131
0	33
0	0
0	0
14	1403
0	1565
0	1549
0	1537
7	1299
14	701
0	36
0	16
0	12
0	0
0	42
0	46
0	99
0	204
0	0
0	0
0	0
0	0
0	0
20	198
69	320
0	45
50	302
0	146
24	122
3	23
4	203
3	203
0	4
0	55
0	43
0	0
0	0
0	25
298	648
5	665
0	134
0	53
0	98
0	84
0	101
0	309
5	339
0	3
5	366
0	127
0	0
0	703
0	679
0	500
15	1024
0	940
0	522
5	582
27	880
0	491
0	27
0	649
0	182
0	3
0	145
0	0
1	636
1	636
0	777
0	439
3211	1380
0	755
0	628
0	162
0	124
0	286
0	186
0	0
3	128
5	134
0	7
0	6
0	128
0	0
0	0
0	0
0	0
0	0
0	0
0	0
0	0
0	0
0	0
0	0
0	0
0	0
0	0
0	0
0	0
0	0
0	0
0	0
0	0
0	0
0	0
0	0
0	0
0	0
0	0
0	0
0	0
0	0
0	0
0	0
0	3
0	0
0	14
0	22
0	15
0	0
0	8
0	1
0	0
0	0
0	0
0	0
0	0
0	0
0	0
0	0
0	0
0	0
27	193
28	199
9	10
0	187
0	0
0	43
0	4
0	0
0	0
0	0
0	0
0	0
0	0
0	0
0	0
0	0
0	0
0	0
0	0
0	0
0	0
0	0
13	47
0	0
0	0
0	0
0	0
0	0
0	0
0	0
0	0
0	0
0	0
0	0
0	0
0	0
0	0
0	0
0	0
0	0
0	0
0	0
0	0
0	0
0	0
0	0
0	0
0	0
0	0
0	0
0	0
0	0
0	0
0	0
0	0
0	0
0	0
1	0
0	0
0	0
0	0
0	0
0	0
0	0
0	0
0	0
0	0
0	0
0	0
0	0
0	0
0	0
0	0
0	0
0	0
0	0
0	0
0	0
0	0
0	0
0	0
0	0
0	0
0	0
0	0
0	0
0	0
0	0
0	0
0	0
0	0
0	0
0	0
0	0
0	0
0	0
0	0
0	0
0	0
0	0
0	0
0	0
0	0
0	0
0	0
253	1406
44	1149
0	754
6	463
12	569
0	266
0	125
0	0
41	0
39	1
0	0
0	0
0	6
0	343
0	736
6	718
0	405
0	329
0	312
0	9
0	52
0	56
0	21
0	33
0	38
14	263
0	0
20	3
0	0
298	1564
0	1534
50	446
0	408
59	123
12	1552
26	1591
0	1499
0	373
0	720
0	518
0	76
0	4
0	0
0	16
0	0
0	0
2	58
0	58
0	58
0	26
0	21
0	9
0	0
0	0
0	0
0	0
0	0
0	0
0	0
0	0
0	0
0	0
0	0
0	0
0	0
0	0
0	0
0	0
0	0
0	0
0	0
0	0
0	0
0	0
0	0
0	0
0	0
0	0
0	0
0	0
0	0
0	0
0	0
0	0
0	0
0	0
0	0
0	0
0	0
0	0
0	0
0	0
0	0
0	0
0	0
0	0
0	0
0	0
0	0
0	0
0	0
0	0
0	0
0	0
0	0
0	0
0	0
0	0
0	0
0	0
0	0
0	0
0	0
0	0
0	0
0	0
0	0
0	0
0	0
0	0
0	0
0	0
0	0
0	0
0	0
86	353
14	269
0	235
0	179
5	304
0	5
0	0
0	0
9	372
0	346
0	284
0	172
0	1
0	34
0	32
0	19
0	0
0	0
0	0
0	47
0	28
0	103
450	214
0	59
0	0
0	0
0	4891
0	4796
406	8992
0	4276
0	0
0	0
0	0
0	0
0	0
0	0
0	0
0	0
0	0
0	0
0	0
0	0
0	0
25	3324
0	0
0	0
0	0
0	0
5	178
0	155
0	71
1	125
0	78
0	65
0	43
0	0
0	12
0	10
0	683
0	684
0	684
0	683
0	684
0	0
0	0
0	0
0	0
41	1
0	240
0	684
0	5
12	17171
0	15196
159	13662
187	11239
0	266
0	664
0	35
0	0
132	1315
1	1334
2	1336
0	795
0	805
0	227
0	12
0	14
0	3
0	5
0	0
0	1
0	0
1676	2732
0	266
0	2024
0	692
0	21
1	1
0	1
0	1
0	0
0	0
0	0
0	0
0	0
0	0
0	0
0	0
0	0
0	0
0	0
0	0
0	0
0	0
0	0
0	0
0	0
0	0
0	0
0	0
0	0
0	0
0	0
0	0
0	0
0	0
0	0
0	0
0	0
0	0
0	0
0	0
0	0
0	0
0	0
0	0
0	0
0	0
0	0
0	0
0	0
0	0
0	0
0	0
0	0
0	0
0	0
0	0
0	0
0	0
0	0
0	0
0	0
0	0
0	0
0	0
0	0
0	0
0	0
0	0
0	0
0	0
0	0
0	0
0	0
0	0
0	0
0	0
0	0
0	0
0	0
0	0
0	0
0	0
0	0
0	0
0	0
0	10
0	10
0	9
0	6
0	6
0	0
0	5
0	5
0	5
0	5
0	5
0	4
0	3
0	1
0	3
0	2
0	0
0	0
0	0
0	0
0	0
0	0
0	0
0	0
0	0
0	0
0	0
0	0
0	0
0	0
0	0
0	50
0	52
0	52
0	48
0	2
0	6
0	9
0	7
0	6
0	5
0	0
0	0
0	0
0	0
0	0
218	65
0	42
0	44
0	27
0	19
0	14
0	8
0	0
0	1
103	8
0	0
0	0
0	0
0	0
0	0
0	0
0	0
0	0
0	0
0	0
0	0
0	0
2083	0
12	0
0	0
0	0
0	0
0	0
16	387
0	664
43	672
0	473
0	42
0	0
0	76
0	35
0	0
0	0
0	0
0	0
0	0
0	0
0	16
806	392
0	43
0	112
0	179
0	2
0	22
124	263
0	0
23	0
0	0
0	0
0	0
0	0
0	0
0	0
0	0
0	0
0	0
0	0
0	0
0	0
0	0
0	0
0	0
0	0
0	0
0	0
0	0
0	0
0	0
0	0
0	0
0	0
0	0
0	0
0	0
0	0
0	0
0	0
0	0
0	0
0	0
0	0
17	3128
0	0
0	0
0	7
0	0
0	0
0	0
0	0
0	0
0	0
0	0
0	0
0	0
0	60
0	31
0	36
2	22
0	9
0	5
52	30
0	0
0	0
0	0
0	0
0	0
0	0
0	0
0	0
0	0
0	0
0	0
0	1
0	0
0	0
0	0
0	0
0	0
0	0
0	0
0	0
0	0
0	0
42	3
0	3
0	15
151	25
83	9
5	19
0	9
0	0
0	0
0	0
0	0
0	0
0	0
0	0
0	0
0	0
0	0
0	0
0	0
0	0
0	0
0	0
0	0
0	0
0	0
0	0
0	0
0	0
0	0
0	0
0	0
0	0
0	0
0	0
1	0
0	0
0	0
0	0
0	0
0	0
0	0
0	0
0	0
0	0
0	0
0	0
0	0
0	0
0	0
0	0
0	0
0	0
0	0
0	0
0	0
0	0
0	0
0	0
0	0
0	0
0	0
0	0
0	0
0	0
0	0
965	4787
40	4787
45	363
16	357
0	1
4	0
0	0
0	0
0	0
0	0
0	0
0	0
0	0
0	0
0	88
0	0
0	0
0	0
0	0
0	0
0	0
0	0
0	0
0	0
0	0
0	0
0	0
0	0
0	0
0	0
0	0
0	0
0	1
0	0
0	0
0	0
0	0
0	0
0	0
0	0
0	0
0	0
0	0
0	6
0	5
84	7
0	5
0	3
0	0
6	1076
4	1284
0	485
12	197
0	91
0	0
0	0
0	0
0	0
0	0
0	0
0	0
0	0
0	0
0	0
0	0
20	2775
25	2489
25	522
0	474
0	138
23	117
2	195
93	1138
0	65
0	943
0	0
407	888
122	888
0	0
0	0
0	0
0	0
0	0
0	0
0	0
0	0
0	0
0	0
0	0
0	0
0	0
0	0
0	0
0	0
0	0
0	0
0	0
0	0
0	0
0	0
0	0
0	0
0	0
0	0
0	0
0	0
0	0
0	0
0	109
0	4
0	97
0	110
0	85
3	97
0	118
0	10
0	15
0	5
0	0
0	0
0	9
9	159
0	151
0	62
0	62
0	13
172	44
10	8
0	13
0	35
0	4
0	3
0	7
0	0
0	1
0	0
0	186
0	0
0	0
0	0
0	0
0	0
0	0
0	0
0	0
0	0
0	0
0	0
0	0
0	0
0	3
0	0
0	0
0	0
3	7
0	0
0	0
0	0
0	0
0	0
0	0
0	0
0	0
0	0
0	0
0	0
0	0
0	0
0	0
0	0
0	65
0	75
0	59
65	73
0	42
0	21
0	10
0	11
0	3
0	0
71	133
0	2
0	11
0	0
18	840
23	805
0	407
2	690
0	159
19	0
19	313
0	49
0	73
0	0
0	0
0	0
0	0
0	0
0	0
0	0
0	0
0	0
0	0
1	0
0	0
0	0
0	0
0	0
0	0
0	0
0	0
0	0
0	0
0	0
0	0
0	0
0	0
0	0
0	0
0	0
0	0
0	0
0	0
0	7
29	86
772	766
5	836
2	880
7	344
31	892
0	975
0	873
0	17
0	824
0	191
9	715
56	91
0	573
0	687
0	677
0	141
4	681
0	104
0	503
0	700
15	623
0	605
0	642
0	565
0	405
0	300
0	499
45	418
30	228
0	239
2	212
1814	640
8	181
0	63
2	446
8	0
107	0
2078	0
0	0
0	0
0	0
0	0
0	0
0	0
0	4
0	26
0	29
0	6
0	27
0	0
0	8
0	24
0	5
0	8
0	32
0	31
0	0
0	27
0	0
0	0
0	4
0	3
0	4
0	0
0	8
0	5
0	3
0	0
0	4
0	4
0	0
0	0
0	0
50	116
0	116
0	0
0	15
0	15
0	14
0	10
0	2
0	6
0	6
0	0
0	0
0	0
0	0
0	0
0	0
0	0
0	0
0	0
0	0
0	0
0	0
0	0
0	0
0	0
0	0
0	0
0	0
0	0
24	0
277	508
10	0
0	263
0	0
38	509
0	306
0	80
0	13
0	118
0	0
1	0
0	1
0	1
0	1
0	1
0	1
0	1
0	0
0	0
0	0
0	0
0	0
0	0
0	0
0	0
0	0
0	20
0	324
0	331
0	316
0	31
0	128
0	24
0	11
6	188
234	553
354	578
0	176
11	217
6	128
38	281
0	208
2625	172
0	28
16	131
13	44
0	28
0	30
18	190
7	196
11	93
0	44
0	4
186	76
0	1
0	0
0	0
0	0
0	0
0	0
0	0
0	0
0	1608
2	2763
0	3033
1	3322
0	475
0	2952
0	637
0	756
0	1786
50	1539
0	0
0	0
0	0
0	0
0	0
0	0
0	0
0	0
0	0
0	0
0	0
0	0
0	0
0	0
0	0
0	0
0	0
0	0
0	0
0	0
0	0
0	0
0	0
0	0
0	0
0	0
0	0
0	0
0	0
0	0
0	0
0	0
0	0
0	0
4	419
0	358
3	393
12	391
8	120
0	290
0	5
0	0
0	0
0	0
0	0
0	0
0	0
14	0
326	331
1	331
101	970
63	268
8	921
10	773
0	0
0	213
22	274
0	59
17	10163
0	0
0	0
0	0
0	0
1656	356
0	36
7	180
0	0
52	204
48	10189
2575	11482
438	5937
59	556
1	7389
0	1
10	16
200	141
0	72
0	122
0	19
2	57
0	0
0	43
1	391
0	45
208	418
0	7
4	326
0	196
0	9
0	2
0	296
0	578
0	250
0	601
0	16
0	45
0	13
0	34
7	63
0	36
0	0
0	0
0	0
0	0
0	0
0	0
0	0
0	0
0	0
0	0
0	0
0	0
0	0
0	0
0	0
0	0
0	0
0	0
46	4803
9	692
52	4194
0	946
0	2035
0	299
0	2311
0	2201
0	12
1	1665
16	1481
0	1679
77	565
1	1577
0	1573
0	726
56	618
0	1655
0	1521
0	889
0	932
0	229
0	59
0	122
0	100
0	100
0	119
0	0
0	0
0	0
0	0
0	0
0	0
0	0
0	0
0	0
0	0
0	0
0	0
0	0
0	0
0	0
0	0
0	0
0	0
0	0
0	0
0	0
0	0
0	0
6	2
0	2
0	2
0	2
0	0
0	0
0	0
0	0
0	0
0	0
0	0
0	0
0	0
0	0
0	0
0	0
0	0
0	0
0	0
0	0
1209	1002
0	888
0	836
0	3
0	44
0	141
2	423
0	2
0	31
0	97
0	46
0	37
0	168
0	334
0	813
0	67
0	46
0	0
0	77
0	26
0	91
0	48
0	67
0	11
0	0
0	34
0	0
0	0
0	0
0	0
0	0
0	0
0	0
0	0
0	0
0	0
0	0
0	0
0	0
0	0
0	0
0	0
0	0
0	0
0	0
0	0
0	0
0	0
0	0
0	0
0	0
0	0
0	0
29	1599
138	664
13	130
19	192
127	1101
0	475
899	0
566	412
0	4
43	245
2	194
0	24
0	39
0	6
0	1
0	1
0	2
0	4
0	1
0	1
0	6
0	6
0	6
0	4
0	0
0	0
3	5
0	5
0	0
1	0
1	689
0	643
20	617
2	580
37	445
0	64
0	31
0	0
0	0
0	0
3	517
147	492
0	48
0	209
0	8
17	418
0	0
0	0
0	0
0	0
0	0
0	0
0	0
0	0
0	0
0	0
0	0
0	0
0	0
0	0
0	0
0	0
0	0
0	0
0	0
0	0
0	0
0	0
0	0
0	0
0	0
0	0
0	0
0	0
0	0
0	0
0	0
0	0
0	0
0	0
0	0
0	0
0	0
0	0
0	0
0	0
0	0
0	0
0	0
0	0
0	0
0	0
0	0
0	0
0	0
0	0
0	0
0	0
0	0
0	0
0	0
0	0
0	0
0	0
0	0
0	0
0	0
0	0
0	0
0	0
0	0
0	0
0	0
0	0
0	0
0	0
0	0
7	63
0	62
0	21
0	10
0	29
0	0
0	0
0	0
0	0
35	0
0	0
106	36
0	36
0	29
0	2
0	0
0	0
0	0
0	0
0	0
0	0
0	0
0	0
0	0
0	0
0	0
0	0
0	0
0	0
0	0
0	0
0	0
0	0
0	0
0	0
5	164
0	33
143	243
0	100
14	100
0	0
0	0
0	0
0	0
0	0
0	0
0	0
0	0
0	0
0	0
0	0
0	0
0	0
0	26
0	15
4	38
0	9
0	5
0	1
96	24
0	0
3163	2461
225	2351
77	1917
3	1067
0	789
10	858
77	715
0	0
0	0
0	0
0	0
0	0
0	0
0	0
0	0
0	0
0	0
0	1
0	142
0	0
0	269
0	467
0	778
0	791
0	875
0	0
1052	515
10	270
98	402
0	0
0	0
20	0
155	1137
5	1070
0	105
0	942
0	13
0	431
0	284
0	364
0	100
0	78
15	784
0	28
47	622
39	395
0	86
0	71
19	7
0	7
0	0
0	1
0	0
0	0
0	0
0	0
0	0
0	0
0	0
0	0
0	0
0	0
0	0
0	0
0	0
15	91
3	99
0	55
0	22
0	14
0	7
23	254
32	223
0	77
20	170
0	205
2	85
0	93
0	94
2	1101
0	1004
0	764
18	747
3	468
7	463
0	390
1	600
1	638
0	509
3	379
12	184
0	78
0	195
0	37
0	119
0	190
0	69
0	51
0	58
0	30
0	5
0	67
0	30
0	0
0	0
0	0
0	0
0	0
0	0
0	0
0	0
0	0
0	0
0	0
0	0
0	1
0	0
0	0
0	0
0	1
0	1
0	0
0	0
0	0
0	0
0	0
0	1
0	0
0	0
0	0
0	0
24	189
145	658
2	205
0	5
0	36
0	21
0	184
0	336
0	22
0	0
0	0
0	0
0	10
0	0
0	0
0	0
327	321
0	31
7	246
0	63
8	55
0	11
0	0
880	1032
0	287
0	860
0	64
0	40
0	96
0	0
15	367
0	7
0	0
0	0
6	86
0	0
0	0
0	0
9	143
202	592
0	449
0	455
127	3024
182	2730
1	1552
0	1102
0	300
0	579
7	509
48	504
0	0
0	119
0	119
0	0
0	0
842	774
0	0
0	745
0	167
0	183
0	90
0	0
0	0
0	0
0	0
0	0
0	0
0	0
0	0
0	0
0	0
0	0
0	0
0	0
0	0
0	0
0	1
0	0
0	0
0	0
1	59
0	23
1	55
0	0
2	79
0	65
0	0
37	63
5	60
0	8
0	48
0	49
0	4
0	1
0	1
0	0
0	64
1	685
5	684
0	36
0	0
0	159
3	154
0	32
0	22
0	36
0	15
22	53
0	13
0	60
0	104
0	119
0	0
0	0
0	0
0	0
0	0
0	0
0	0
0	0
0	0
0	0
0	0
0	16
0	38
1	99
0	99
0	10
0	16
82	1
0	236
10	243
0	7
0	7
0	5
0	5
0	5
0	5
0	0
0	0
0	0
0	0
0	0
0	0
0	0
0	0
0	0
0	0
0	0
0	0
0	0
0	0
0	0
0	0
0	0
0	0
0	0
0	0
0	0
0	0
0	0
0	0
0	0
0	0
0	0
0	0
0	0
0	0
0	0
0	0
0	59
0	59
0	26
0	0
0	10
10	22
0	1
0	0
0	0
0	0
0	0
0	1985
0	0
0	0
0	0
0	0
0	0
0	0
0	0
0	0
0	0
0	0
0	0
0	0
0	0
0	0
0	0
0	0
0	0
0	0
0	0
29	0
0	0
0	0
0	0
0	0
0	0
0	0
0	0
0	0
0	0
0	0
0	0
0	0
0	0
0	0
0	0
0	0
0	0
0	0
0	0
0	0
0	0
0	0
0	516
55	474
0	70
0	535
0	522
5	459
0	106
0	44
0	170
0	91
0	93
2	102
0	59
0	49
0	21
0	38
0	56
0	43
0	30
0	12
0	0
0	65
12	65
0	0
0	0
0	0
0	606
11	1043
13	1126
23	60
1	155
5	186
9	147
35	247
12	196
0	134
0	100
0	142
320	442
0	82
7	121
4	258
0	51
0	36
0	2
53	228
0	0
130	1156
1	246
74	717
0	148
18	221
0	159
0	147
28	308
6	3
355	1538
183	1172
4	601
20	426
0	1
3	1351
23	239
0	407
0	26
5	557
31	1338
0	574
21	893
9	676
0	751
0	10
2	829
3	286
3	0
0	0
0	31
0	27
2	27
1	21
0	20
0	7
0	3
0	4
0	0
88	323
808	464
0	64
8	101
0	53
21	204
0	0
0	0
0	0
0	0
0	0
0	0
0	0
0	0
0	0
0	0
0	0
0	0
0	0
0	0
0	0
0	0
0	0
0	15
0	12
0	1
0	15
0	3
0	6
0	14
0	0
1311	833
100	818
0	56
0	19
0	0
0	0
1	0
16	0
0	0
0	0
0	0
0	0
0	0
0	0
0	0
0	0
0	0
0	0
1695	0
0	0
0	0
0	0
0	0
0	0
0	0
0	0
0	0
0	0
0	0
0	0
0	0
0	0
0	0
0	0
0	0
0	0
0	0
0	0
543	693
17	507
22	39
0	105
4	288
3	179
0	0
0	0
0	0
0	0
0	0
0	0
0	0
0	0
0	0
0	0
288	505
0	408
0	319
0	118
7	221
5	255
56	236
0	128
0	0
0	0
0	0
0	49
429	104
0	40
0	55
0	0
0	0
0	0
0	0
0	0
0	0
0	0
0	0
0	0
0	0
0	0
0	0
0	0
0	0
0	1084
11	1106
0	14
0	42
1	362
0	0
0	0
0	0
133	8197
84	6027
8	5457
89	3965
0	747
6	1385
13	1386
13	610
0	288
0	108
9	289
0	13
0	0
0	0
0	5237
22	5256
2	5247
0	5215
18	205
0	2385
0	1379
0	51
0	0
122	977
23	812
8	943
0	255
0	80
0	58
18	6
19	280
0	1
22	461
0	370
0	107
116	133
1	118
0	18
0	13
0	3
0	20
0	15
0	0
0	252
0	288
0	288
0	119
0	124
0	152
0	0
18	1412
0	1135
76	2130
0	1
10	11
0	1819
9	413
0	1339
0	648
21	44
0	26
0	25
0	0
0	18
0	0
0	0
0	0
0	0
0	0
0	0
12	441
6	156
0	4
14	113
0	261
12	218
0	120
1034	1283
205	1372
372	709
42	0
9	314
0	0
0	0
17	0
3	87
0	0
301	1193
33	1032
0	920
0	753
0	783
0	413
0	103
0	235
0	169
18	202
0	0
1	965
26	622
12	934
14	505
0	1013
213	688
0	38
1651	103
0	103
11	381
548	365
16	294
0	291
0	283
0	29
0	1
259	2683
0	61
0	0
3	2677
26	1233
17	235
4	54
15	93
3	36
0	26
0	17
0	0
0	0
0	0
0	0
13	0
0	0
0	0
0	0
0	0
0	0
0	0
0	0
0	0
0	0
0	0
0	0
0	0
5	439
107	459
0	96
0	108
0	11
9	146
0	39
0	484
21	621
0	238
0	1258
3	1127
104	384
0	253
0	364
0	212
0	748
774	1401
0	0
0	0
0	0
0	0
0	0
0	0
0	0
0	0
0	0
0	0
0	0
0	0
0	0
653	43
0	2
0	34
0	23
0	0
0	0
0	0
2	4
0	4
0	4
0	4
0	9
0	1
0	2
0	3
0	0
0	3
3	8
0	0
0	1
0	0
0	0
0	0
0	0
0	0
0	0
0	1
0	1
0	0
0	0
0	0
0	0
0	0
0	130
12	837
135	860
15	847
2	639
13	874
0	748
0	751
0	712
0	134
0	178
0	16
0	31
0	13
13	92
0	160
0	92
0	65
0	69
0	11
0	14
0	0
0	0
0	0
0	0
0	0
0	0
0	0
0	0
0	0
0	0
0	0
0	0
0	0
0	0
0	0
0	0
0	0
0	54
0	0
0	54
0	0
0	0
0	0
0	0
0	0
0	0
0	0
12	76
0	4
0	56
0	32
0	46
0	0
0	0
0	0
0	0
0	0
0	0
0	0
222	1550
2	1314
0	13
51	1465
4	1120
0	960
0	1323
165	1579
0	470
0	143
9	268
0	0
0	0
8	13
0	5
0	0
0	2
0	3
0	1
0	2
0	1
0	5
0	3
0	1
0	1
0	0
0	0
0	0
0	0
0	0
0	0
0	0
0	0
0	0
739	826
0	740
0	40
0	12
0	3
41	83
0	0
2	257
0	269
1	246
9	211
2	262
5	206
0	74
0	12
0	55
0	36
0	50
0	33
0	0
0	12
0	2
0	0
0	0
0	0
1295	1038
0	170
0	906
9	939
10	883
0	683
0	2
0	114
9	102
0	46
0	0
0	0
0	0
0	0
423	910
19	738
0	150
7	303
4	196
0	0
0	0
600	0
0	0
0	0
0	0
0	0
0	0
0	0
0	1
0	0
0	0
0	0
51	1
0	0
0	0
0	0
0	0
0	0
0	0
0	0
0	0
0	0
0	0
0	0
0	0
0	0
1	0
0	0
0	0
0	0
0	0
0	0
0	0
0	0
0	0
0	0
0	0
0	0
0	0
0	0
0	0
0	0
0	0
0	0
0	0
0	21
0	2
0	18
0	19
0	1
0	1
0	0
0	0
0	0
0	0
0	0
0	0
0	0
0	0
0	0
0	0
0	0
0	454
1	265
0	20
0	397
0	333
8	200
0	318
0	301
0	49
0	105
0	70
0	28
0	77
0	84
0	40
0	22
0	53
0	53
0	53
0	48
0	17
0	11
0	0
0	0
0	0
0	0
0	0
0	0
0	0
0	0
0	0
0	0
0	0
0	0
0	0
0	0
0	0
0	0
0	0
0	0
0	0
0	0
0	0
0	0
0	0
0	0
0	0
0	0
0	0
0	0
0	0
0	0
0	0
0	0
0	0
0	0
0	0
0	0
0	0
0	0
0	0
0	0
0	0
0	0
0	0
0	0
55	117
37	434
0	361
18	316
0	0
0	0
0	0
0	0
0	0
0	0
0	0
0	0
0	0
0	0
0	0
0	0
0	0
0	0
0	0
0	0
0	0
0	0
0	0
0	0
19	115
0	62
0	65
0	66
0	51
0	0
0	20
0	24
0	0
0	0
333	150
0	150
0	2
0	18
0	0
0	0
0	0
0	0
0	0
0	0
0	0
0	0
0	0
0	0
0	0
0	0
0	0
0	0
6	474
0	396
0	489
48	451
0	379
0	456
0	5
0	210
0	210
13	171
0	0
1179	6516
0	5738
0	346
0	256
2	4702
0	390
1	5495
0	200
1	1522
46	0
0	0
0	31
0	128
0	31
0	16
0	118
0	119
0	0
0	31
0	39
6	118
31	68
0	20
0	8
0	14
0	8
0	4294
0	3995
5	4222
3	4291
0	457
50	448
0	204
168	743
0	409
0	256
4	450
0	184
0	0
0	61
0	0
0	0
0	0
0	0
0	0
0	0
0	0
0	0
0	4377
451	9561
0	576
0	66
0	8539
22	7222
16	517
25	262
0	317
9	863
246	1423
11	292
3	515
0	2
0	0
0	0
0	0
0	0
255	322
1	320
0	97
0	121
0	0
0	0
0	0
0	0
0	0
0	0
0	0
0	0
0	0
0	0
0	0
0	0
0	0
0	0
0	0
0	0
861	5585
0	5359
0	1
0	684
0	303
0	220
0	205
0	216
0	0
0	0
1685	3853
0	3284
0	35
0	776
0	292
0	17
0	515
0	366
0	0
1	1
0	0
0	0
0	0
0	0
0	0
0	0
0	0
0	0
0	0
0	33
0	361
45	1692
0	287
0	741
10	1532
0	43
0	93
0	1517
0	1022
10	844
28	774
0	2
0	2
0	2
0	0
0	0
0	0
0	0
0	0
0	0
0	0
0	0
0	0
0	0
0	0
0	0
0	0
0	1132
0	1122
0	1122
0	1122
0	1122
0	231
0	86
0	4
45	1792
0	0
205	1119
7	522
79	1000
0	201
0	323
117	718
0	298
0	0
172	7165
171	7450
294	6845
2	6613
0	6394
98	6498
6	3671
9	2675
0	275
0	279
0	0
121	5420
0	253
0	5173
0	326
0	1
2	552
29	450
6	778
0	606
0	13
7	414
116	1147
66	975
0	209
0	1142
4	1076
0	344
0	80
197	1
0	1
0	0
0	0
0	0
0	0
0	0
0	0
0	0
0	119
27	173
53	59
0	4
0	57
0	31
0	5
0	1
0	0
0	0
0	0
0	0
0	0
0	0
14	959
0	1072
0	336
44	1021
0	33
110	1010
0	12
0	77
0	156
0	115
0	377
0	399
0	404
0	374
0	401
0	369
0	395
14	409
0	369
2	361
0	0
0	2
0	0
0	1
0	0
0	0
0	3
0	8
0	26
0	80
0	29
0	0
0	24
0	114
0	28
0	50
0	28
0	161
0	20
0	36
0	70
0	1
0	0
0	0
0	0
0	0
0	0
0	0
0	0
0	0
0	0
0	0
0	0
0	0
0	0
0	0
0	0
0	0
0	0
0	0
0	0
0	0
0	0
0	0
0	440
54	468
0	466
0	0
0	8
0	10
0	0
0	3
0	2
12	2
3	10
0	9
0	2
0	3
0	0
0	0
87	0
11	1
197	3
27	3
0	2
0	0
0	0
0	0
0	0
0	0
0	0
0	0
0	0
0	0
0	0
0	0
0	0
0	0
0	0
0	0
0	0
0	0
0	0
0	0
0	0
0	0
0	0
0	0
0	0
0	0
0	0
0	0
0	0
0	0
0	0
0	0
0	0
0	0
0	0
0	0
0	0
0	0
0	0
0	0
0	0
0	0
0	0
1037	593
0	152
0	144
0	122
0	178
0	100
0	97
0	60
0	0
0	0
0	3046
4	2637
0	2745
8	0
0	3020
0	2992
0	2624
0	2970
0	2673
0	146
0	150
0	2619
0	3027
0	2825
0	2724
0	66
0	2661
0	128
0	208
28	2184
0	441
46	619
0	227
18	369
0	32
0	20
0	0
0	0
0	0
0	0
9	177
2	206
0	181
0	10
0	25
0	7
0	0
0	0
0	0
0	0
0	0
0	0
0	0
0	0
0	0
0	0
0	0
0	0
0	0
0	0
0	0
0	0
0	0
0	0
0	0
0	0
0	0
0	0
0	0
0	0
0	0
0	0
0	0
0	0
0	0
25	177
11	177
0	32
0	1092
43	1124
12	37
72	0
1938	19923
294	17075
6	4738
44	16022
0	8321
0	0
87	4262
0	949
0	5963
0	2009
0	0
0	0
0	0
0	0
0	0
0	0
0	0
0	0
0	0
0	0
0	0
0	0
0	0
0	0
0	0
0	0
0	0
0	0
0	0
0	0
0	0
0	0
0	0
0	0
0	0
0	0
0	0
0	0
0	0
0	0
0	0
0	0
1	10
0	0
0	0
0	0
0	0
0	0
77	10
0	0
1	758
0	898
0	599
0	580
0	99
0	37
0	108
0	154
0	326
0	40
0	804
0	22
0	0
0	0
0	0
87	1020
0	1260
0	30
0	744
0	49
23	99
72	669
0	1043
0	60
0	87
0	95
106	782
0	68
40	51
29	96
0	26
0	119
8	122
0	7
3	124
0	4
0	26
0	5
0	2
0	0
0	0
0	0
0	0
0	0
0	0
0	0
0	0
0	0
0	0
0	0
0	0
0	0
0	0
0	0
0	0
0	0
0	163
0	0
0	0
68	95
13	107
0	68
0	0
0	0
0	0
0	0
0	0
0	0
6	4033
133	978
0	745
0	757
1333	4072
0	132
525	462
0	157
17	1674
0	0
0	0
24	661
19	660
8	18
9	139
0	9
0	84
0	36
0	7
0	0
0	0
0	0
0	0
0	0
0	0
36	24
0	0
0	2
0	0
0	1
0	1
0	1
0	1
0	0
0	0
0	0
0	1
0	0
0	0
0	0
654	329
0	67
8	155
0	178
12	158
0	16
0	16
0	1
0	0
0	0
0	0
0	0
0	0
0	0
0	0
0	0
0	0
0	0
0	0
0	0
0	0
0	0
0	48
0	394
10	381
0	220
0	396
0	44
0	2
0	30
0	1
0	0
0	0
0	0
0	0
0	0
0	0
0	0
0	0
0	0
0	0
0	0
0	0
0	0
0	0
0	0
0	0
0	0
0	0
0	0
0	0
0	0
0	0
48	768
61	672
0	693
0	432
0	143
0	67
0	590
0	510
0	5
0	137
0	493
0	80
0	535
0	15
0	534
0	540
69	533
0	36
0	0
0	144
0	118
16	76
0	0
0	0
0	0
0	0
0	13
0	55
72	179
0	23
0	0
0	12
0	22
0	126
0	7
0	0
0	0
0	0
0	0
0	0
0	0
0	0
0	0
0	0
0	0
0	0
0	0
0	0
0	0
11	5
0	5
0	5
0	0
0	0
0	0
0	0
1168	1246
11	1245
0	228
0	217
0	107
0	0
0	0
11	1300
0	994
0	1099
0	1170
0	1096
3	1165
0	1046
0	952
27	1517
0	1164
0	89
0	925
0	385
0	192
0	91
0	219
0	692
0	94
0	848
0	1188
0	1134
0	931
6	837
0	763
0	35
0	420
0	46
0	110
2	166
0	0
0	0
0	0
0	0
0	0
0	1
0	0
0	0
0	6
2	85
7	85
43	0
80	78
9	82
8	36
14	519
1	505
0	73
0	61
0	18
0	24
0	38
0	84
0	54
33	422
0	47
0	130
0	0
0	0
0	0
0	0
0	0
0	0
0	0
0	0
0	0
0	0
0	0
0	0
0	0
0	0
0	0
0	0
2	0
0	0
0	0
0	0
0	0
0	0
0	0
0	0
0	0
0	0
0	0
0	0
0	0
0	0
0	0
0	0
981	282
0	16
0	225
0	151
0	741
0	781
0	872
2	728
0	195
0	172
19	712
0	498
2	570
0	472
0	668
0	519
0	121
0	253
0	2
8	112
0	61
0	83
12	443
0	274
0	368
0	13
0	0
0	0
0	0
0	0
0	0
0	0
0	0
0	0
0	0
0	0
0	0
0	0
0	0
0	0
0	0
0	0
0	0
0	0
0	0
0	0
0	0
0	0
0	0
0	0
0	0
0	0
0	0
0	0
0	0
15	0
3	98
0	65
1	92
0	89
0	0
5	88
0	38
0	32
0	34
0	30
0	11
0	0
0	0
0	70
0	177
11	173
6	173
0	47
0	176
0	127
0	66
0	22
0	0
16	765
0	775
0	477
0	477
0	745
0	332
0	370
0	1
0	68
0	18
0	30
0	56
13	40
0	2
0	0
0	0
0	0
0	0
0	0
0	0
0	0
0	0
0	0
0	0
0	0
0	0
7	927
0	0
0	0
0	927
18	663
0	789
28	763
0	257
0	386
0	222
6	720
0	260
0	11
0	191
0	0
0	0
0	0
0	0
0	0
0	0
4	162
105	6011
72	5950
0	43
0	557
4	1209
5	425
8	534
0	376
0	352
0	51
6	307
0	27
0	0
11	21
0	18
0	0
0	0
0	0
0	16
0	0
0	0
0	0
0	0
0	0
0	0
0	0
0	0
0	0
0	0
0	0
0	0
0	0
0	0
0	22
0	39
0	15
0	11
0	28
0	28
0	37
0	25
0	11
0	9
0	1
0	10
262	211
0	191
0	11
0	0
0	0
0	2
0	0
0	6
0	5
0	1
0	0
0	0
0	0
0	0
0	0
0	0
0	0
0	0
0	0
0	0
0	0
0	0
0	0
0	0
0	0
0	0
0	0
23	0
0	0
3280	1189
0	175
0	423
0	180
110	427
0	1244
0	799
0	647
3	345
0	3
29	492
1	337
5	229
88	590
2	235
0	0
0	0
0	0
0	0
0	0
0	0
0	0
0	0
0	0
0	0
0	0
0	0
0	0
0	0
0	0
0	0
0	0
0	0
0	0
0	0
0	0
0	0
0	0
0	0
0	0
0	0
30	400
5	22
0	23
0	45
1	48
6	274
12	2212
0	1
0	0
0	19
0	272
0	38
0	2381
768	5861
62	5826
4	373
9	163
0	99
0	3743
0	512
0	169
0	3717
0	6
0	0
0	26
573	583
0	526
0	0
0	196
0	82
2	72
0	0
0	0
0	0
0	0
0	0
0	0
368	598
4	51
189	553
32	553
0	531
0	306
0	22
0	0
0	0
0	0
0	407
318	2089
7	1811
0	2029
35	857
0	156
0	364
0	151
8	630
0	17
0	0
0	0
0	0
1	1528
0	1464
1	758
0	524
0	518
6	586
0	568
5	565
0	49
0	305
0	235
0	290
0	148
0	29
0	3
0	92
0	0
0	22
0	17
0	13
0	10
0	21
0	30
0	21
0	0
0	0
1038	679
0	448
0	787
0	449
0	46
0	49
0	14
2	182
0	77
0	71
0	76
0	77
618	1489
3	1109
0	1129
0	2
0	18
0	77
0	46
3	534
0	18
2	272
0	151
0	98
0	58
0	0
0	0
0	0
0	0
0	28
0	20
971	415
18	236
0	11
0	45
0	18
0	37
0	93
0	52
0	21
0	0
0	0
0	0
1	9
0	0
0	1
0	0
0	0
0	0
0	1
0	9
0	0
0	6
0	1
0	3
0	0
0	0
0	0
0	0
0	0
0	0
0	0
0	0
0	0
0	0
0	0
0	0
0	0
0	0
0	0
0	0
0	0
0	0
0	0
0	0
0	0
0	0
0	0
0	0
0	0
0	0
0	0
0	0
0	0
0	0
0	0
0	0
0	0
0	0
0	0
0	0
0	0
0	0
0	8
0	0
0	184
5	2896
0	361
419	3866
19	1030
153	3286
98	3740
0	669
0	284
0	63
0	286
0	485
36	1474
0	402
0	4
89	1169
0	75
0	4
0	0
923	8
0	8
0	0
0	0
0	322
80	14
0	7
0	3
0	7
6	3
0	0
0	0
0	0
0	0
0	14
0	0
0	0
30	348
0	2
0	1
0	36
0	158
0	53
1	332
0	0
0	0
0	0
0	0
5	10805
0	0
0	0
0	0
0	0
0	0
0	0
0	0
0	0
0	0
0	0
0	0
0	0
0	0
0	0
0	0
0	0
0	0
0	0
0	0
0	0
0	0
0	0
0	0
0	0
0	0
0	0
0	0
0	0
0	0
0	0
0	0
0	0
0	0
0	0
0	0
0	0
0	0
0	0
0	0
0	0
0	0
0	246
0	130
4	139
6	204
0	154
0	180
0	48
0	75
0	32
0	0
0	107
0	2
4	79
0	59
0	84
0	70
0	0
8	49
0	0
0	0
0	0
0	0
0	0
0	0
0	0
0	0
0	0
0	0
0	0
0	0
0	0
0	0
0	0
0	0
0	0
0	0
0	0
0	0
0	0
0	0
0	0
0	0
0	0
0	0
0	0
0	0
0	0
0	0
0	0
0	0
0	0
0	0
0	0
0	0
0	0
0	0
0	0
0	0
0	0
0	0
0	0
0	0
0	0
0	0
0	0
0	0
0	0
0	0
0	0
0	0
0	0
0	0
0	0
0	0
0	0
0	0
0	0
0	0
0	0
0	0
0	0
0	0
0	0
0	0
0	0
0	0
0	0
0	0
0	0
0	0
0	0
0	280
0	547
1	485
1	601
0	149
0	68
0	443
0	99
0	177
0	44
0	4
0	0
0	0
1	161
0	42
38	2413
0	2502
15	1929
2	1781
5	507
0	135
0	7
0	22
0	106
0	1
0	0
0	0
1	1173
0	354
9	722
0	5
0	395
46	327
0	0
0	823
0	78
0	269
0	1123
0	736
0	9
0	0
0	84
22	938
0	91
0	74
0	362
0	97
0	102
0	18
0	0
0	0
0	0
0	0
0	0
0	0
0	0
0	0
0	0
0	0
0	0
0	0
0	0
0	0
0	0
0	0
0	0
0	0
0	0
0	0
0	0
0	0
0	0
0	0
0	0
0	0
62	60
1	61
0	49
0	10
0	10
0	25
0	9
0	11
0	7
0	8
0	1
0	1
0	0
0	0
0	7
0	2
0	0
450	178
0	116
39	154
0	54
0	67
0	0
0	1
0	0
0	0
0	0
0	0
0	0
0	0
0	0
0	0
0	0
0	0
4	467
0	454
0	8
0	7
0	227
0	156
0	207
0	144
0	14
0	38
0	36
0	26
0	443
0	185
0	110
0	120
0	0
0	0
0	620
5	658
0	185
0	532
0	217
0	203
0	143
0	13
0	101
0	75
0	59
0	62
0	58
0	57
0	53
0	5
0	82
0	0
0	0
0	0
0	584
0	0
0	0
0	0
0	0
0	0
0	0
0	0
0	0
0	0
0	0
0	0
0	0
2051	464
0	156
2	453
0	66
0	0
0	219
11	11499
53	11537
882	548
325	690
0	132
247	340
5	231
31	93
0	38
33	1058
3	1633
0	1
0	174
26	865
34	998
497	927
0	309
7	1076
0	546
0	841
5	1346
12	80
22	407
22	52
92	1059
0	2648
164	2675
24	696
0	796
116	1188
56	600
0	0
0	0
0	0
0	0
0	0
0	0
0	2
29	2
0	0
0	0
1810	220
0	220
0	1
0	0
0	0
0	0
0	0
0	0
0	0
0	0
0	0
0	0
0	0
0	0
0	0
0	0
0	0
0	0
0	0
0	0
0	0
0	0
0	0
0	0
0	0
0	0
0	0
0	0
0	0
0	0
0	0
1	5
0	5
0	0
0	0
0	0
0	0
0	0
0	0
0	0
0	0
0	0
0	0
0	0
0	0
0	0
0	0
0	0
0	0
0	0
0	0
0	0
0	0
0	0
0	0
0	0
0	0
0	0
0	0
0	0
0	0
0	0
0	0
0	0
0	0
0	0
0	0
0	0
0	0
0	0
0	0
35	1290
0	10686
0	11031
0	10919
42	2254
32	523
13	7163
0	11353
29	7
0	1072
8	1595
0	10051
0	9918
3	10400
1	9907
0	7707
0	9725
0	1415
0	2216
0	1730
0	2115
0	933
2	2416
58	6197
33	8
0	8
0	0
0	0
0	0
0	9
0	0
0	0
304	0
0	0
0	0
0	0
1070	0
0	0
0	0
0	0
0	0
0	0
0	0
0	0
0	0
0	0
0	0
0	0
0	0
0	0
0	0
0	0
0	0
0	0
0	0
0	0
0	0
0	0
0	0
0	0
0	0
0	0
0	0
0	0
0	0
0	0
1123	2071
31	1932
1	284
24	1690
0	60
0	87
0	1403
33	18
0	127
0	139
0	71
0	0
12	181
0	0
0	0
0	0
0	1
0	0
0	0
0	0
0	0
0	0
0	0
0	0
0	0
0	0
0	0
0	0
0	0
0	0
0	0
0	0
0	0
0	0
0	0
0	0
0	0
0	0
0	0
0	0
0	0
0	0
0	0
0	0
0	0
0	0
0	0
0	0
0	0
0	0
0	0
0	0
0	0
0	0
0	0
0	0
0	0
0	0
0	0
0	0
0	0
0	0
0	1
0	1
0	1
0	0
0	0
0	661
2	1015
0	1023
18	755
0	909
7	702
9	738
33	715
13	632
0	254
0	74
0	1
1421	2856
223	2777
62	343
0	693
0	0
0	0
0	1
0	1
0	10
0	3
0	10
0	1
0	15
0	15
0	4
0	1
0	1
0	1
0	3
0	0
0	7
0	0
1	0
0	0
0	0
3	0
2483	2739
223	2130
181	1338
288	1708
1	1318
0	680
0	1080
48	890
20	1219
0	0
0	0
0	0
0	1076
39	1796
0	1792
0	797
0	1073
0	1808
2	1262
0	74
930	101
0	101
0	0
0	11
0	0
0	2
0	2
0	2
0	2
0	3
0	0
0	0
5	3
0	2
0	1
0	0
0	0
0	0
0	0
6	4
0	4
0	42
0	42
126	42
1	541
38	1105
30	1033
24	1000
0	1284
19	1055
21	1071
19	408
0	774
0	242
4	49
0	525
0	525
0	194
0	65
8	50
0	33
0	55
0	41
0	204
0	185
0	54
0	12
0	168
9	161
0	87
0	0
2	0
0	0
0	0
0	0
0	0
0	0
0	0
0	0
0	0
0	0
0	0
0	0
0	0
0	0
0	0
0	0
0	0
0	0
0	0
0	0
0	0
0	0
0	0
0	0
0	0
0	0
0	0
0	0
0	0
0	0
0	0
0	0
0	0
0	0
0	0
0	0
0	0
0	0
0	0
0	0
0	0
0	0
0	0
0	0
0	0
0	0
0	450
0	125
5	551
5	579
0	190
173	546
0	429
0	265
0	412
0	75
0	123
2	146
0	60
0	174
0	0
0	0
0	0
0	0
0	43
0	0
0	6
0	23
0	22
0	25
0	10
0	27
0	5
0	5
0	4
0	9
0	25
0	5
0	7
0	9
0	0
0	3
0	22
0	0
0	0
117	2023
0	1092
4	1783
61	1912
0	93
0	0
0	63
0	22
0	204
0	3
0	267
0	35
144	35
18	0
0	0
0	0
0	0
0	0
0	0
0	0
0	69
0	0
0	2
1	2584
0	2584
0	2122
0	2112
0	1872
0	1887
0	213
37	2339
0	318
0	101
0	277
0	102
0	307
0	983
20	981
0	54
0	0
0	0
0	0
0	0
0	0
0	0
0	0
0	0
0	0
0	0
0	0
0	0
0	0
0	0
0	0
0	0
0	0
0	0
0	0
0	0
0	0
0	0
0	0
0	0
0	0
0	0
0	0
0	0
0	0
0	0
0	0
0	0
0	0
0	0
0	0
0	0
0	0
0	0
0	0
0	0
0	0
0	0
0	0
0	0
0	0
0	0
0	0
0	0
1	64
0	10
0	51
9	45
0	34
2	58
0	0
0	339
0	0
0	0
0	442
13	535
0	534
1	411
7	360
6	43
0	42
0	35
0	35
0	20
0	22
0	3
0	95
0	48
0	33
0	56
0	12
0	8
0	24
0	49
0	13
0	7
0	28
0	24
0	1
0	6
0	6
0	21
0	0
0	245
14	4435
0	254
0	238
0	250
0	210
0	285
28	738
51	3542
2	1413
0	809
60	3340
0	264
0	292
0	4457
0	205
0	260
0	213
0	236
0	22
0	25
77	3581
0	44
0	171
18	155
29	126
56	453
0	0
0	0
285	977
82	174
0	80
0	59
0	64
0	31
0	33
0	3
0	0
0	0
2560	42
19	40
0	2
0	0
29	11
45	11
0	0
0	0
0	0
0	0
0	0
15	5
0	5
0	3
0	3
0	143
0	159
3	157
0	104
5	40
0	58
0	16
0	10
0	7
0	7
0	14
0	6
0	1
0	2
0	9
0	0
0	0
0	0
0	173
0	470
0	749
7	505
401	3240
2	2082
2	744
0	501
0	3102
0	327
0	0
0	0
0	0
0	0
0	0
0	0
0	0
0	0
0	5
0	4
4372	19262
0	0
0	0
0	0
0	0
17	0
0	0
0	0
0	0
0	0
0	0
0	0
0	0
0	0
0	0
0	0
0	0
0	0
0	0
0	0
0	0
0	0
0	0
0	0
0	0
0	0
0	0
0	0
0	0
0	0
0	0
0	0
0	0
0	0
0	0
0	0
0	0
0	0
0	0
0	0
0	0
0	0
0	0
0	0
0	0
0	0
0	0
0	0
0	0
0	0
0	0
0	0
0	0
0	0
0	0
0	0
0	0
0	0
0	0
0	0
0	0
0	0
0	0
0	0
0	0
0	0
0	0
0	0
0	0
0	0
0	0
0	0
0	0
0	0
0	0
0	0
0	0
0	0
0	0
0	0
0	0
0	0
0	0
0	0
0	0
0	0
0	0
0	0
0	0
0	0
0	0
31	1303
22	1370
0	1417
0	755
7	998
0	984
14	929
0	814
0	819
0	239
5	670
0	580
0	570
0	270
0	0
0	328
0	265
0	0
0	0
0	132
112	496
34	496
12	250
0	119
0	119
0	80
0	0
0	0
0	0
0	0
0	0
0	0
0	0
0	0
0	0
0	0
0	0
0	0
0	0
0	0
0	0
0	0
0	0
1801	2349
26	2349
0	112
0	0
0	0
0	0
0	0
0	0
0	0
0	0
0	0
0	0
0	0
0	0
0	0
0	0
0	0
0	0
0	0
0	0
0	0
0	0
0	0
0	0
0	0
0	0
0	0
0	0
0	0
0	0
0	0
0	0
0	0
0	0
0	0
0	0
0	0
0	0
0	0
0	0
0	0
0	0
0	0
0	0
0	0
0	0
437	1780
0	0
0	0
0	0
0	0
9	0
0	0
22	627
22	547
10	581
0	542
4	148
21	136
1	68
20	70
1	76
0	52
0	6
0	18
0	6
0	48
0	37
0	0
0	28
0	18
0	7
0	11
0	0
0	0
0	0
0	0
0	0
0	0
0	0
0	0
0	0
0	0
0	2
35	6
0	21
27	23
0	4
0	0
16575	6886
0	1174
429	6854
33	1254
0	2173
1	2508
67	1274
0	0
0	760
0	0
29	250
843	595
40	58
5	132
0	194
9	246
1	57
0	271
0	193
21	111
0	0
0	48
40	109
822	1277
2	958
0	459
0	47
0	65
0	49
0	126
0	69
0	149
0	54
0	48
0	67
0	66
0	19
0	66
0	0
0	311
0	0
30	132
0	0
0	0
0	0
0	132
2	70
0	8
0	0
0	0
0	92
0	165
0	106
0	1521
0	1248
0	137
0	1280
1227	1622
0	163
0	64
0	0
0	19
0	0
0	33
0	20
14	26
0	14
0	0
0	0
0	8
0	0
0	0
0	0
0	0
0	0
0	0
0	0
0	0
0	0
0	0
660	3222
0	2417
69	2397
21	2974
0	2491
206	3089
73	16
0	8
0	5
0	6
0	4
0	0
0	0
0	0
0	0
0	0
0	0
0	0
1058	5322
84	2647
0	4843
8	115
0	4309
0	3880
0	4373
0	3963
0	4116
0	4220
0	600
0	138
0	259
0	863
85	140
0	0
0	0
76	0
0	0
0	0
0	0
0	4
0	187
12	187
0	24
0	23
0	5
0	12
0	5
0	33
0	14
0	11
0	9
0	0
0	0
0	0
0	0
0	0
0	0
13	7
0	7
0	7
0	6
0	0
0	0
0	0
11	82
0	786
0	298
204	768
0	37
0	608
0	0
0	61
0	27
0	3
0	23
0	30
0	0
0	0
0	0
0	0
0	0
0	0
0	0
0	0
5	74
8	72
0	1
0	12
0	10
0	2
0	0
0	0
0	0
0	0
0	0
21	252
0	253
0	248
0	17
0	32
0	18
0	0
0	0
0	0
0	0
18	3163
0	3082
0	3015
6	2995
0	335
0	52
0	111
0	21
0	241
0	42
0	2277
0	192
7	1347
0	72
0	302
0	31
0	0
0	0
15	0
0	0
0	0
0	0
0	0
0	0
0	0
0	0
0	0
0	0
0	0
0	0
0	0
0	0
0	0
0	0
0	0
0	0
0	0
0	0
0	0
0	0
0	0
0	0
0	0
0	0
0	0
0	0
0	0
0	0
0	0
0	0
0	0
0	0
0	0
0	0
0	0
0	0
0	0
0	0
0	0
0	0
0	0
0	53
0	0
0	0
0	0
0	0
0	0
0	0
0	0
0	0
0	0
0	0
0	0
0	0
0	0
0	0
11	2539
25	3032
20	866
200	2041
7	1856
22	1843
0	95
0	0
0	0
0	0
0	0
0	106
0	103
0	135
4	135
0	79
0	116
0	63
0	106
0	96
0	113
0	75
7	86
0	51
0	24
0	32
0	19
0	1
0	0
0	0
0	0
0	0
0	0
0	0
0	0
0	0
0	0
0	0
0	0
0	0
0	0
0	0
0	0
0	0
0	0
0	0
0	0
0	0
0	0
0	0
0	0
0	0
0	0
0	0
0	0
0	0
0	0
0	0
0	0
0	0
0	0
0	0
0	11
0	24
0	0
0	24
0	51
0	6
0	2
0	51
0	44
0	0
0	27
0	0
0	0
0	0
0	0
0	0
0	0
0	0
0	0
0	0
0	0
3253	1242
14	1252
0	213
0	0
0	0
0	0
162	890
31	627
0	49
0	116
0	0
2	281
0	15
0	15
0	63
1	28
3	28
0	18
106	42
5	1097
11	570
0	235
965	1198
0	697
0	1096
0	184
0	97
0	997
0	368
24	0
251	2137
62	1961
0	218
18	1835
0	158
0	1037
13	11
11	178
84	327
191	160
0	32
0	71
0	1
0	7
0	56
0	29
0	17
0	0
0	0
0	1
12	780
18	746
0	740
0	80
0	156
0	155
0	39
0	234
0	10
0	1
0	155
0	84
0	23
0	96
0	0
0	0
214	610
0	609
51	360
0	55
0	1458
0	755
16	1232
0	1018
310	1407
3	1444
0	5
0	647
0	692
0	0
0	1126
18	115
0	706
4	1190
0	288
0	0
0	27
0	0
313	276
0	146
0	10
2	264
0	76
1	21
0	20
0	9
0	9
0	8
0	8
0	9
0	8
0	8
0	6
0	0
0	0
0	1
0	0
0	0
0	0
0	0
0	0
0	0
0	0
0	0
0	0
0	0
0	0
0	0
0	0
0	0
0	0
0	0
0	0
0	0
9	618
0	132
0	772
11	581
3	543
21	452
0	163
0	168
0	120
0	93
0	10
0	4
7	17
0	46
26	54
0	0
0	0
0	8
0	4
0	0
0	0
0	0
0	0
0	380
0	349
0	443
52	2967
2	2900
4	2564
0	0
0	106
20	2557
0	2796
0	3119
0	2965
0	397
18	2523
0	282
0	0
0	46
0	156
15	524
27	879
0	519
241	25
0	0
60	2325
86	1442
74	974
40	884
0	137
147	592
497	720
0	775
0	2
0	282
0	31
0	0
0	0
0	0
0	0
0	0
0	0
0	0
0	0
0	0
0	0
0	0
0	0
0	0
0	0
0	0
0	0
0	0
0	0
0	0
0	0
0	0
0	0
0	0
0	0
0	0
0	0
0	0
0	0
0	0
0	0
0	0
0	0
0	0
0	0
0	0
0	0
0	0
0	0
0	0
0	0
0	0
0	0
0	0
0	0
0	0
0	0
0	0
0	0
0	0
0	0
0	0
0	0
0	0
0	0
0	0
0	0
0	0
0	0
0	0
0	0
0	0
0	0
0	0
0	0
0	0
0	0
0	0
0	0
0	0
0	0
0	0
0	0
0	0
0	0
0	0
0	0
0	0
0	0
0	0
0	0
0	0
0	0
0	0
0	0
0	0
0	0
0	0
0	0
0	0
0	0
0	0
0	0
0	0
0	0
0	0
0	0
0	0
0	0
0	0
0	0
0	0
0	0
0	0
0	0
0	0
0	0
0	0
0	0
0	0
0	0
0	0
0	0
0	0
0	0
0	0
0	0
0	0
0	0
0	0
0	0
0	0
0	0
0	0
0	0
0	0
0	0
0	0
0	0
0	0
0	0
0	0
0	0
0	0
0	0
0	0
0	0
0	0
0	0
0	0
0	0
0	0
0	0
0	0
0	0
0	0
0	0
0	0
0	0
0	0
0	0
0	0
28	589
0	8
0	7
0	392
0	336
97	462
0	59
87	64
0	22
0	2
0	0
13	11
344	1030
0	1030
0	263
0	140
0	96
0	63
0	52
0	27
0	0
2	1783
0	1484
0	1338
0	1539
0	1472
0	333
15	1237
0	1003
0	1128
0	22
0	150
0	130
0	13
0	132
0	8
2	0
2493	2206
4	1967
0	716
0	471
0	0
0	0
0	0
0	0
0	0
0	0
0	0
0	0
0	0
0	0
0	0
0	0
0	0
0	0
0	0
0	0
0	0
0	0
0	0
0	0
0	0
0	0
0	0
0	0
0	0
0	0
0	0
0	0
28	50
5	50
0	0
0	11
0	0
0	0
0	0
0	0
0	0
25	673
3	604
243	340
2	0
0	0
0	0
1	280
4	58
0	13
0	53
0	3
0	25
0	39
0	45
0	62
378	288
0	2
0	27
0	57
5	206
0	46
73	280
184	208
0	3
19	69
0	0
0	14
0	0
0	2
0	0
0	5
2	11
0	770
0	0
0	0
0	0
0	0
0	859
0	1132
0	1021
2	260
0	146
0	511
23	933
3	700
23	1007
7	886
0	47
0	89
0	221
0	0
0	0
0	0
0	0
0	0
1	153
0	146
0	146
0	5
0	3
0	9
56	55
0	55
0	55
1	55
0	23
0	19
0	2
0	0
2	2
0	0
0	0
0	0
0	0
0	0
0	0
0	0
0	0
0	0
0	0
0	0
0	0
0	0
0	0
0	0
0	0
0	0
0	0
5	1219
12	1399
0	53
31	1145
0	118
0	0
0	72
0	169
0	54
0	90
0	94
0	111
0	95
1	424
0	66
0	24
3	2
4624	3613
0	70
66	3166
0	533
0	1248
52	2874
0	99
0	1
25	4879
0	64
0	337
0	1196
0	3422
0	5180
0	654
0	889
0	826
0	645
0	4435
0	1328
0	1261
0	795
1	3028
0	788
0	320
0	3459
13	338
0	310
0	185
14	185
9	949
0	97
0	63
0	29
0	76
0	853
6	738
0	40
4	200
0	16
0	95
5	233
0	19
0	51
0	332
14	268
0	323
0	43
0	0
0	0
0	0
0	0
0	0
0	0
0	0
0	475
1	583
14	512
0	60
6	485
0	307
0	136
0	49
0	102
0	294
0	37
0	127
0	57
0	166
121	57
0	35
0	22
0	0
0	0
0	0
0	0
0	0
0	0
0	0
0	0
0	0
207	4966
5	333
17	350
0	421
0	186
0	566
0	44
0	667
0	4236
72	4584
0	255
0	519
0	671
0	412
0	34
0	195
0	431
0	746
8	829
0	46
0	18067
0	17920
0	18009
5	17913
0	800
0	17151
0	7339
0	7615
0	17134
0	8268
0	8533
0	17578
0	102
0	15
0	113
0	396
4	16715
7	17963
8	17922
4	255
0	16735
1	7741
0	1019
0	15923
0	1005
0	16952
0	1221
0	2597
0	180
0	16945
7	1181
0	827
0	274
0	1609
21	2530
11	4237
0	577
0	396
0	0
0	19
0	20
1	48
0	11
0	18
0	33
0	20
0	0
0	15
0	37
0	3
0	18
0	17
0	6
0	12
0	16
0	6
0	15
0	16
0	11
0	8
0	2
0	0
0	0
0	6
0	6
0	0
0	2
0	3
0	2
0	6
0	1
0	0
9	935
0	53
0	699
0	6
38	472
0	521
0	502
26	852
109	572
16	516
0	75
0	0
0	408
0	0
0	0
0	0
0	0
0	0
0	0
0	0
0	0
0	0
0	0
0	0
0	0
0	0
0	0
0	0
0	0
0	0
0	0
0	0
0	0
0	0
0	0
0	0
0	0
0	0
0	0
0	0
0	0
0	0
0	0
0	0
0	0
0	0
468	0
0	0
0	0
0	0
0	0
0	661
0	674
7	634
0	64
0	0
0	654
0	16
0	0
0	0
0	43
0	39
0	18
0	47
0	0
0	21
0	22
0	0
0	0
0	42
0	0
0	21
0	48
0	18
9	436
0	20
0	5
0	48
0	35
0	0
0	0
0	1
29	50
0	48
0	0
0	6
0	0
0	0
0	0
0	0
432	114
0	299
0	62
0	39
0	363
0	88
0	32
0	44
0	115
3	327
804	452
0	328
0	66
0	26
0	52
16	5204
0	0
27	36
4	172
0	24
680	440
0	300
33	46
0	19
162	214
12	214
0	18
0	0
0	17
0	110
6	87
415	788
7	169
0	70
44	730
0	43
0	176
0	31
0	91
0	0
0	82
0	108
0	0
0	0
0	0
0	0
0	0
0	0
0	0
0	0
0	0
0	0
0	0
0	0
0	0
0	0
0	0
0	0
0	0
0	0
746	3546
70	3273
9	2444
73	1193
15	833
13	1363
91	3086
2	3344
11	1495
0	274
13	552
0	342
0	384
0	104
4	336
0	115
0	0
0	0
0	0
0	0
0	0
0	0
0	0
0	0
139	136
0	124
0	37
0	1
0	13
0	4
0	0
0	22
0	24
0	16
0	9
0	21
0	0
0	0
0	0
0	0
43	74
0	63
0	58
0	6
0	42
0	1
0	0
0	5
33	0
0	0
0	0
0	0
0	0
0	0
0	0
1	6
0	0
0	0
159	6
0	36
4	20
4	23
7	257
11	252
0	217
0	7
0	56
0	17
0	1842
0	1840
5	256
156	1094
0	12
0	0
0	0
0	0
0	0
0	0
0	0
0	0
0	0
0	0
0	0
0	0
0	0
0	0
0	0
0	0
0	0
0	0
0	0
0	0
0	0
0	0
0	0
0	0
0	0
0	0
0	0
0	0
0	0
0	0
0	0
0	0
0	0
0	0
0	0
0	0
0	0
0	0
0	0
0	0
0	0
0	0
0	0
0	0
0	0
0	0
0	0
0	0
0	0
0	0
0	0
0	0
0	0
0	0
0	0
8	436
0	0
0	0
0	0
0	0
0	0
0	0
0	0
0	0
0	0
0	0
0	0
0	0
0	0
0	0
0	0
0	0
0	0
0	0
0	0
0	0
0	0
0	0
0	0
0	0
0	0
0	0
0	0
0	0
120	9
0	133
0	740
2	9936
0	8284
6	156
0	101
0	268
0	1020
0	1070
11	420
18	2872
213	8921
0	9743
589	5496
0	2714
4	8130
0	905
1	222
0	875
2	2654
0	2806
1	748
0	300
2	193
65	296
0	112
0	1499
0	0
0	0
0	0
0	0
0	0
15	629
10	362
0	827
23	990
0	94
4	740
0	301
0	426
0	397
0	297
0	68
0	171
0	97
0	46
0	0
17	18
0	0
0	0
0	0
0	0
0	1
1	0
1	11546
0	7
0	6
33	9180
0	20
0	140
0	5
0	73
0	389
0	1020
0	835
34	843
8	0
7	420
342	11517
0	650
5	1114
0	792
16	1762
10	317
0	660
27	8583
0	0
6	264
260	350
0	323
0	0
0	0
0	0
0	0
0	0
0	0
0	0
0	0
0	0
0	0
0	0
0	0
0	0
0	0
0	0
0	0
0	0
0	0
529	0
0	0
0	0
0	0
0	0
0	0
0	0
0	0
0	0
0	0
0	0
0	0
0	0
0	0
0	0
0	0
0	0
0	0
0	0
0	0
0	0
0	0
0	0
0	0
0	0
0	0
0	0
0	0
18	12
0	3
0	0
0	0
0	0
0	0
0	0
0	0
0	112
2	112
0	0
0	2
0	1
0	1
0	4
0	9
0	5
0	8
0	0
0	0
0	1
0	0
0	0
0	0
0	0
0	0
0	0
15	49
0	7
0	9
0	0
0	0
0	4
0	0
0	0
0	5
102	38
0	5
0	0
6	21
0	1
0	2
0	0
0	0
0	22
2	634
0	162
0	248
0	212
0	257
0	601
0	14
0	135
0	128
0	181
0	154
0	234
0	226
0	0
0	0
103	890
0	888
2	96
0	16
0	72
0	63
6	120
0	13
0	100
0	94
0	0
0	0
17	0
0	0
0	0
0	0
0	0
0	0
0	0
0	0
0	0
0	0
0	8
0	3
0	8
0	0
28	0
0	2
0	2
0	2
0	7
0	7
0	3
0	0
0	0
0	0
0	0
0	0
0	8
0	3
0	1
0	0
0	0
0	0
0	0
0	0
0	0
0	0
0	0
0	0
0	0
0	0
0	0
232	0
22	15
0	11
0	5
0	7
0	4
0	4
0	2
0	10
0	38
1555	3579
558	3579
0	9
0	0
0	0
0	0
0	0
0	0
0	0
0	0
0	0
0	0
0	0
0	0
0	0
0	0
0	0
0	0
0	0
0	0
0	0
0	0
0	0
0	0
0	0
0	0
0	0
0	0
0	0
0	0
0	0
0	0
456	0
0	0
0	0
0	0
0	0
0	0
0	0
0	0
0	0
0	0
0	0
0	0
0	0
0	0
0	0
0	0
0	0
0	0
0	0
0	0
0	0
0	5
0	0
0	0
0	7
15	12
0	2697
2	2693
0	2757
0	2803
0	2757
26	2788
1	2384
14	2609
0	2587
0	2403
4	2386
0	1624
6	2186
0	2638
0	2602
0	2203
0	232
3	2416
0	2271
23	1918
0	1851
0	2252
0	43
0	178
0	130
0	279
0	2082
0	59
5	244
0	112
0	0
0	979
0	0
0	0
0	0
0	0
0	0
0	0
0	0
0	0
0	0
0	0
0	0
0	0
0	0
0	0
0	0
0	0
0	0
0	0
0	0
0	0
0	0
0	0
0	0
0	0
0	0
0	0
0	0
0	0
0	0
0	0
0	0
0	0
0	0
0	0
0	0
0	0
0	0
0	0
0	0
0	0
0	0
0	0
0	0
0	0
0	0
0	0
42	14
0	14
0	0
0	0
0	0
0	0
0	0
0	0
0	0
0	0
0	0
0	0
0	0
0	0
0	0
0	0
1	3174
0	1413
2	3225
19	3213
0	3172
0	3172
18	2905
23	1763
16	1313
0	0
0	87
0	181
0	1
0	131
0	4
0	0
95	2
0	0
10	3
0	0
0	0
4	12
4	12
0	4
0	79
3	51
9	67
0	72
0	81
0	28
0	33
0	19
0	2
0	18
0	0
0	13
0	8
0	3
0	0
0	0
945	556
0	96
28	145
0	205
25	33
0	51
0	154
0	57
0	0
0	0
37	0
0	0
0	0
0	0
0	0
0	0
0	0
0	0
0	0
38	127
0	113
0	25
0	23
0	38
0	21
0	5
0	1
0	0
0	0
0	0
0	5
0	0
0	0
0	0
39	16
44	16
0	0
1032	1114
0	1014
8	54
0	10
0	68
0	117
0	468
0	119
0	145
0	7
0	41
0	184
0	22
0	2
0	15
0	1
0	0
0	0
0	0
875	597
5	364
288	270
73	214
0	115
0	34
0	162
0	0
0	0
0	0
0	0
0	0
0	0
0	0
0	0
0	0
0	0
0	0
0	0
0	0
0	13
0	6
0	0
0	208
0	153
0	190
7	120
29	282
0	84
0	6
23	16
0	36
0	31
0	28
0	3
0	13
0	13
0	20
0	11
0	0
0	3
0	3
0	3
1	15
0	14
0	16
0	40
0	0
0	11
0	14
0	15
0	11
0	39
0	24
0	10
0	26
0	64
11	21
0	34
0	20
0	28
0	19
0	6
0	7
0	2
0	18
0	3
0	19
0	40
0	2
0	38
13	38
0	36
0	9
0	0
0	16
0	10
0	1
0	0
0	27
0	9
0	0
0	0
0	3
0	4
0	4
28	43
0	12
0	4
0	4
0	0
0	16
0	16
0	3
0	9
0	2
0	12
0	0
0	0
0	2
0	0
0	3
0	5
0	11
0	6
0	17
0	3
0	0
0	2
0	0
0	17
0	0
0	5
0	3
0	0
0	17
0	17
0	3
0	0
0	3
0	3
0	0
0	3
0	0
0	3
0	3
0	2
0	0
0	3
0	0
0	0
0	17
0	0
0	0
0	0
0	2
0	7
0	24
0	2
0	2
0	0
0	0
0	1
0	0
0	0
0	1
0	0
0	0
0	16
2	5
0	0
0	1
0	2
0	0
0	1
0	0
0	0
0	14
0	0
0	0
0	14
0	7
0	3
0	0
0	0
0	276
0	0
0	2
0	0
0	0
0	0
0	0
0	0
0	0
0	0
0	0
0	0
0	0
0	0
0	0
0	0
0	0
0	0
0	0
0	0
0	0
0	0
0	0
0	0
0	0
0	0
0	0
0	0
0	0
0	0
0	0
0	0
0	0
0	0
0	0
0	0
0	0
0	681
4	1403
93	1515
0	631
0	1450
0	21
0	529
0	802
8	565
0	138
0	133
0	104
0	236
0	0
0	3
0	2
0	307
0	216
0	262
0	51
3	83
0	39
23	6
0	0
0	0
0	2
9	58
242	56
0	0
0	0
0	0
0	13
22	19
35	258
12	3
1	266
0	22
0	86
1	83
0	60
0	9
6	269
34	14609
321	15646
14	14917
0	332
8	1228
22	739
0	65
0	0
0	588
0	438
0	620
0	228
0	475
0	391
0	0
0	0
0	0
0	0
0	0
0	0
0	0
0	0
0	0
0	0
0	0
0	0
0	0
0	0
0	0
0	0
0	0
0	0
0	0
0	0
0	0
0	0
0	0
0	0
0	0
0	807
0	2042
5539	2358
66	2489
0	204
7	1634
0	304
25	759
0	554
0	236
0	594
0	487
0	497
0	222
0	402
0	373
0	476
0	0
0	0
0	0
0	12
0	197
7	371
0	219
0	0
0	0
0	0
0	0
0	0
0	0
0	0
0	0
0	0
0	0
1289	564
0	526
0	172
0	20
0	6
17	34
0	0
0	0
0	0
0	0
0	0
0	0
5449	3547
70	3547
0	0
0	0
0	0
0	0
0	0
56	150
0	49
0	57
0	46
9	93
39	1097
217	1097
0	0
975	10
0	10
0	175
284	384
0	228
0	297
0	224
0	61
0	250
4	144
4	197
0	122
0	12
78	66
0	66
0	0
3435	436
0	33
29	401
0	0
0	0
6	458
603	568
8	158
0	0
0	36
0	38
0	30
0	0
0	18
8	3387
39	2954
55	3615
8	3418
20	2941
94	924
0	578
0	614
0	379
0	258
0	35
0	6
0	0
577	0
22	50
0	43
0	8
15	7
0	0
0	0
0	1
315	94
35	93
0	1
0	45
0	15
10	9
0	1
10	1
0	0
0	1
0	1
0	1528
23	1465
26	615
32	1300
0	871
0	966
0	1044
0	725
0	927
2	941
15	93
0	4
0	391
9	727
0	705
0	0
0	221
0	113
0	3
0	168
0	198
0	137
0	145
0	0
7	95
0	67
0	67
0	0
0	0
0	0
0	1
0	0
0	0
0	0
0	0
6	32
0	32
0	879
12	857
0	843
85	578
12	287
21	329
0	6
0	253
0	0
31	206
0	266
34	13
0	25
0	5
33	12
0	10
0	0
69	4
151	382
27	430
0	112
43	399
13	122
0	307
0	0
18	15
0	0
0	0
407	1515
0	1400
0	1480
448	1126
8	35
0	70
24	528
0	147
1	68
0	0
0	0
53	622
0	174
37	1017
1988	1299
3	542
12	222
0	176
64	1188
11	210
0	0
0	64
552	1123
20	891
12	741
0	614
0	815
0	1139
0	0
0	38
0	128
0	125
13	265
0	46
0	1
0	94
0	167
0	87
0	0
1	7
0	0
1	7
3	140
0	118
0	41
0	81
0	5
0	0
0	0
6	65
0	42
0	22
0	11
0	1
0	11
0	0
101	18107
0	11623
26	16033
0	18107
0	10657
0	0
0	1908
11	2813
62	3233
0	7891
15	2343
5	3073
0	10
8	44
0	2
6	43
0	16
0	9
0	0
0	2
0	0
0	0
0	0
0	0
0	0
0	0
0	0
0	0
0	0
0	0
0	0
0	0
0	0
0	0
0	0
0	0
0	3
3	329
0	6
0	29
0	0
0	0
0	0
30	116
3	109
3	116
0	8
0	8
0	0
1	104
0	0
0	45
69	280
24	19
21	304
0	0
5	0
0	9
0	0
0	0
0	0
0	0
0	0
0	1
0	2
0	0
0	21
3	98
37	39
0	53
229	86
29	0
0	0
0	0
0	0
0	0
0	0
0	0
0	0
4	78
0	34
3	48
0	46
0	54
0	68
51	39
189	315
0	349
3	125
0	0
1	146
0	358
0	389
1	373
0	17
8	208
0	59
6	202
0	300
5	263
0	8
0	71
0	37
0	16
0	36
19	17
11	4
5	5
9	43
0	26
36	72
0	71
0	2
13	52
0	18
0	17
0	0
0	0
0	0
0	983
3	1023
0	16
0	8
0	32
0	8
0	0
0	745
0	8
0	4
160	351
29	98
0	0
0	0
0	0
0	0
1	0
0	1073
3478	1107
0	96
88	129
0	2
19	52
0	45
0	30
0	0
0	46
4	53
0	29
0	19
0	0
0	7
0	8
0	8
0	9
1	10
0	5
0	3
0	0
0	0
0	14
124	682
0	11
32	97
0	31
0	38
0	335
0	336
0	70
18	495
0	83
0	0
0	166
0	0
0	0
0	0
4	69
0	1
0	1
0	0
0	0
0	0
0	0
0	0
0	0
6	221
3	220
19	299
8	503
0	687
24	1669
10	1546
2	494
0	391
16	136
0	24
17	75
0	281
0	1
0	23
0	43
0	31
0	14
0	52
0	0
0	1
0	31
0	30
0	2
0	107
0	105
0	18
0	3
0	52
0	5
0	33
0	58
0	61
0	5
0	95
0	104
0	1
3	92
0	72
0	12
0	1
0	103
0	22
0	0
0	14
15	301
4	300
0	10
15	3
0	9
0	0
0	0
0	0
0	0
0	0
0	16
0	4
0	7
0	0
0	5
0	3
0	0
0	4
0	2
0	11
0	0
0	0
0	0
1	255
0	141
0	64
0	1
0	8
0	255
0	0
0	0
0	0
0	0
0	0
0	0
0	0
0	0
0	0
0	0
0	0
0	0
0	0
0	0
0	0
0	0
0	0
0	0
0	0
0	0
0	0
0	0
0	0
0	0
0	18
0	20
0	39
0	0
0	2
0	4
0	1
0	1
0	3
0	0
0	0
0	0
0	0
0	8
0	19
0	7
0	0
0	6
118	82
3	42
0	0
0	0
0	0
15	133
39	2529
14	2142
5	966
0	345
1	599
0	136
0	300
2	175
23	432
0	279
0	500
0	0
6	869
0	230
5	783
14	693
38	257
0	150
0	0
6	8
13	108
5	22
49	131
0	68
0	35
6	555
0	229
0	27
2	85
0	96
1	459
0	24
0	57
0	360
0	20
0	57
0	156
0	0
0	338
0	35
0	300
0	359
0	303
0	363
12	311
4	220
136	478
9	204
0	0
0	117
4	117
19	176
0	5
0	159
0	0
0	0
0	0
0	0
0	0
0	0
0	7
0	6
0	7
0	5
0	0
0	4
0	0
0	1731
71	1859
0	1590
2	1079
0	790
0	312
13	0
2	339
0	411
0	287
0	140
0	88
0	3
3	1946
1	451
11	2378
0	788
0	3433
0	1927
0	702
0	656
0	356
8	504
0	113
11	4
0	58
0	0
0	0
0	0
0	0
0	0
0	0
0	0
0	0
0	0
0	0
0	0
1388	456
0	16
56	207
10	186
0	235
0	45
0	0
0	0
1	2921
31	2
21	961
0	1495
0	321
1	4264
0	4385
41	4387
0	1484
0	4263
0	4385
0	1448
0	753
0	1447
0	442
5	467
9	249
2	69
14	1883
0	320
0	59
0	337
25	1269
0	383
0	193
14	39
0	193
0	0
0	0
3	700
0	700
0	437
0	698
0	613
0	611
0	516
0	146
30	196
0	178
0	47
0	27
0	0
0	124
0	15
0	2
0	0
0	5
0	5
0	15
0	15
0	22
0	26
0	0
0	8
0	0
0	0
0	0
8	12
0	0
0	1
0	14
0	0
0	6
0	0
0	0
48	324
60	350
1	395
0	49
0	42
0	0
295	186
27	183
0	14
0	3
0	0
0	0
0	19
0	33
0	15
0	19
0	0
0	6
0	4
0	7
0	1
0	1
0	0
0	0
0	0
0	0
0	0
0	0
0	0
0	0
0	0
0	0
0	0
0	3
0	309
227	5157
0	4464
0	1020
0	405
0	645
4	639
0	364
0	258
0	482
0	419
0	175
0	186
0	1934
0	227
0	0
0	64
20	2340
22	4786
0	233
0	242
0	0
0	0
29	1053
0	1023
0	1160
0	1084
3	1124
6	962
0	963
0	1022
4	824
0	45
0	71
0	0
0	0
0	942
0	998
3	660
39	232
1	435
8	119
0	42
1	746
0	145
0	93
0	0
0	89
0	89
0	177
1	216
0	57
0	111
0	218
0	131
1	1314
0	148
0	145
0	775
0	0
0	740
0	1279
0	95
0	632
0	1280
0	8
1	92
1	118
16	352
0	510
0	46
25	205
0	1020
0	4147
0	4383
23	264
21	4172
0	323
0	0
0	3311
2	1310
0	112
0	3139
0	58
0	4020
0	0
16	1582
0	2129
0	4525
0	391
25	274
0	1141
14	144
7	369
7	2243
0	294
0	89
0	46
0	0
0	336
5	1101
1	330
1	1159
16	1156
8	864
9	919
8	730
0	846
17	31
23	181
38	351
7	124
29	125
146	128
15	154
0	4
0	1
0	6
0	223
6	2561
60	2449
133	2471
0	2333
0	1
45	1
0	1
0	1
0	1
0	0
0	0
0	0
0	0
0	0
0	0
0	0
1198	6941
0	196
31	0
32	6745
2	85
0	28
0	28
0	28
22	29
0	102
0	3
40	131
0	29
0	0
0	0
0	0
0	0
0	12
7	55
0	26
0	32
5	54
0	55
0	0
0	7
0	24
0	8
0	18
0	0
0	0
0	0
0	22
0	0
0	7
0	18
0	6
0	0
0	1
0	1
0	4
0	1
0	0
0	0
0	0
0	0
0	0
0	0
0	0
0	0
0	0
0	0
0	0
0	0
0	0
0	0
0	0
0	0
0	0
380	568
79	532
0	384
90	271
0	1
0	0
0	0
0	0
0	0
0	0
0	0
0	0
0	0
0	0
0	0
0	1
0	0
0	0
0	0
0	0
27	21
0	9
0	8
0	10
0	0
0	7
0	4
0	0
0	0
0	0
0	0
28	0
0	0
0	0
0	0
0	0
0	0
0	0
0	0
0	0
0	0
0	0
17	244
42	244
0	399
103	3300
47	3300
0	396
3	82
8	96
0	80
0	10
0	11
0	7
0	0
0	57
0	58
0	0
0	0
0	17
1	16
0	58
4	52
0	30
0	30
0	17
0	198
4	274
4	501
0	202
0	104
0	11
0	1
1	97
0	109
0	70
0	0
0	0
0	1
0	3
0	3
42	8
0	0
0	0
17	5
0	0
0	0
79	17
0	17
0	0
0	0
0	0
0	0
0	0
0	0
0	0
0	0
0	0
0	0
0	0
0	0
0	0
0	0
0	0
0	0
0	0
0	0
0	0
0	0
0	0
0	0
0	0
1	0
0	0
0	0
0	0
0	0
0	0
0	0
0	0
0	0
0	0
0	0
0	0
0	0
0	0
0	0
0	41
0	180
0	145
0	182
0	210
0	217
0	215
0	110
0	0
10	34
21	29
0	0
0	0
0	5
2	495
0	12
0	515
0	466
0	64
0	19
0	0
0	0
0	0
0	0
0	0
0	0
0	0
0	0
0	0
848	3184
0	1961
325	3016
0	131
0	0
255	3260
0	2831
0	472
0	2504
3	2074
40	0
0	0
0	0
0	0
0	66
6	72
6	68
9	72
0	0
0	0
0	0
0	0
0	0
0	0
59	832
174	832
142	0
0	0
0	0
0	1
0	1
11	0
0	24
0	986
5	979
0	1
0	916
13	907
0	907
0	43
0	27
0	0
0	0
0	0
0	0
0	617
0	0
0	16
225	384
2	190
0	384
0	20
2029	1262
0	925
47	969
7	206
0	0
0	0
0	0
0	0
0	0
0	0
0	0
0	0
0	0
0	0
0	0
0	0
0	79
0	79
0	77
0	10
0	7
0	23
0	0
0	0
0	0
0	0
0	0
0	0
0	0
0	0
0	0
0	0
0	0
0	0
0	0
0	0
0	0
0	0
0	0
0	0
0	0
0	0
0	0
0	0
0	0
0	0
0	87
0	4
0	22
2	1
0	352
0	313
0	1
0	493
0	2
0	497
0	0
0	14
0	1
0	40
0	34
0	30
0	32
0	15
0	35
0	72
0	190
0	71
0	35
0	6
6	149
0	0
0	0
0	0
0	0
0	0
0	0
58	0
73	787
9	116
15	116
8	724
14	697
0	528
0	134
0	83
0	0
0	0
4	112
1	35
23	258
0	16
0	185
0	1
0	2
15	72
0	0
0	4
21	4
0	0
0	0
0	0
0	0
0	0
0	0
0	0
0	0
0	0
0	0
0	0
0	0
0	0
0	0
0	0
0	0
0	0
0	0
0	0
0	0
0	0
0	7
0	0
0	0
0	0
0	0
0	0
0	0
0	0
0	0
0	0
0	0
0	0
0	0
0	0
0	0
0	0
0	0
0	0
0	0
0	0
0	0
0	0
0	0
0	0
0	0
0	0
0	0
0	0
0	0
0	0
0	0
0	0
0	0
0	0
0	0
0	0
0	0
0	0
0	0
0	0
0	0
0	0
0	0
0	0
0	0
0	0
0	0
0	0
0	1
0	0
0	0
0	5
0	0
0	0
0	0
0	0
0	0
0	0
0	0
0	0
0	0
0	0
0	0
0	0
0	0
0	0
0	0
0	0
0	0
0	0
0	0
0	0
0	0
0	0
0	0
0	0
0	0
0	0
0	0
0	0
0	0
0	0
12	0
0	9983
0	7748
0	9983
19	3607
0	5214
59	4373
0	1227
0	1226
0	866
0	863
0	564
0	7
23	1906
0	829
0	1292
0	383
6	171
0	138
0	0
0	0
0	0
0	0
0	0
0	0
0	0
0	0
0	0
0	0
0	0
0	0
0	0
694	35
0	33
0	7
0	6
0	7
0	0
53	330
0	248
0	135
21	57
16	0
0	0
0	0
0	814
130	0
0	0
0	0
0	0
2	0
0	0
0	0
0	0
0	0
0	0
0	0
0	0
0	0
0	0
0	0
0	0
0	0
0	0
0	0
0	0
0	0
0	0
16	29
1	29
0	22
1	174
5	221
0	200
0	195
0	154
0	1
0	0
0	0
0	0
0	0
0	0
0	0
0	0
1482	506
69	225
18	166
0	0
50	64
43	165
0	0
0	0
0	0
0	0
0	0
0	0
33	0
0	0
0	0
0	0
0	0
0	0
0	0
0	0
0	0
0	0
0	0
0	0
168	31
0	19
0	28
0	0
0	0
0	0
0	0
0	0
0	568
0	562
0	188
0	180
0	565
3	554
4	552
0	15
0	43
0	0
0	0
0	0
0	0
0	0
0	0
0	0
0	0
0	0
0	0
78	0
0	0
0	0
0	0
0	0
0	0
0	0
0	0
0	0
0	0
0	0
0	0
0	0
0	0
0	0
0	0
0	0
0	0
0	0
0	0
36	1006
15	891
5	965
31	970
4	727
0	123
0	77
0	71
0	61
0	27
0	14
7	16
7	3
0	22
0	28
0	56
0	82
0	36
0	47
0	30
0	7
0	7
0	27
0	32
0	22
0	39
0	25
0	0
0	16
0	64
0	29
0	15
0	22
0	23
0	15
0	23
0	0
0	0
0	0
0	0
0	0
0	0
0	0
27	284
253	316
0	98
209	127
0	23
0	0
0	0
0	0
0	0
0	0
0	0
0	0
0	0
0	0
0	0
0	0
0	0
0	0
0	0
0	0
0	0
0	0
0	0
0	0
0	0
0	0
0	0
0	0
0	0
0	0
91	52
2	21
0	49
7	29
0	14
0	2
0	0
0	7
0	1
0	10
0	10
0	9
0	9
0	0
0	2
0	0
0	0
0	0
0	4
0	0
17	4
0	0
0	0
0	0
0	0
0	0
0	0
0	0
0	0
0	0
0	0
0	0
0	0
0	0
0	0
0	0
0	0
0	0
0	0
0	0
0	0
0	0
0	0
0	0
0	0
0	0
0	0
0	0
0	110
5	430
3	561
9	446
0	200
0	105
0	74
0	74
0	4
0	0
0	0
0	0
0	0
0	3639
0	3639
0	215
4	409
0	3415
0	373
0	104
0	289
0	622
0	1184
27	1981
0	0
0	0
1645	1022
77	50
257	311
0	60
0	698
794	62
0	62
19	17
277	2756
134	2230
0	357
3	271
0	358
6	718
0	639
0	683
3	32
0	4
4	165
0	175
0	19
0	0
0	0
0	0
0	0
0	0
0	0
0	0
0	0
8	476
0	0
0	0
0	0
0	0
0	0
0	0
0	0
0	0
0	0
0	0
0	0
0	0
0	0
0	0
0	0
0	24
0	22
0	39
0	68
1	65
0	13
1	48
0	1
0	2
0	14
0	7
0	10
0	6
0	9
0	12
0	15
0	2
0	13
0	21
0	6
0	16
0	29
0	2
0	2
0	13
0	32
0	19
0	49
0	37
0	12
0	0
0	4
0	0
0	0
0	0
0	0
0	0
0	0
0	0
0	0
0	0
0	0
0	0
0	0
0	0
0	0
0	0
0	0
0	0
0	0
0	0
0	0
0	0
0	0
0	0
0	0
0	0
0	0
0	0
0	0
0	0
0	0
0	0
0	0
0	0
2	3
0	0
0	0
0	0
0	0
0	0
0	0
0	0
0	0
1	1094
0	0
0	0
0	0
0	0
0	0
0	0
0	0
0	0
0	0
0	0
0	0
0	0
0	0
0	0
0	0
0	0
0	0
0	0
0	0
0	0
0	0
0	0
0	0
0	0
0	0
0	0
0	0
0	0
0	0
0	0
0	117
245	1478
3105	1812
14	881
9	1224
0	210
0	496
54	237
0	26
0	71
0	0
0	0
0	0
0	0
0	0
0	0
0	0
0	0
0	0
0	0
0	0
0	0
0	0
0	0
0	0
0	0
0	0
0	0
0	0
612	1040
9	1041
17	511
0	38
0	0
0	3
0	7
13	0
15	0
21	1109
0	0
1296	1109
0	108
75	261
44	101
0	56
2	188
0	30
0	0
6	680
7	632
0	50
0	97
0	20
0	5
0	86
0	87
10	137
10	123
3	82
0	0
0	0
0	0
0	0
0	0
0	0
0	0
0	0
0	0
0	0
0	0
0	0
0	0
0	0
0	0
0	0
0	0
0	0
75	2165
0	2165
9	703
1	276
0	1709
41	79
0	81
0	6
0	0
0	51
0	181
0	166
0	119
0	0
8	128
0	342
0	342
0	224
0	71
0	0
0	0
0	0
0	257
0	388
0	263
0	316
0	1401
0	4801
1	1342
0	888
0	100
1	1403
0	126
0	4970
0	6
0	127
0	20
0	41
0	1523
0	308
0	336
0	302
0	444
0	293
0	1352
3	4953
0	5
0	435
0	301
0	227
0	95
0	79
4	438
0	0
0	0
0	56
0	31
31	145
0	139
0	38
0	115
0	24
0	11
0	0
0	0
0	45
9	87
96	0
33	481
2	450
0	487
0	342
0	359
0	9
0	137
5	86
0	0
0	0
0	0
0	0
0	0
0	0
0	0
0	0
0	0
0	0
0	0
0	0
0	0
0	0
0	0
0	0
0	0
0	0
0	0
13	0
0	0
0	0
0	0
0	0
0	0
0	0
0	0
0	0
0	0
0	0
0	0
0	0
0	0
0	0
0	0
0	0
0	0
0	0
0	0
0	0
0	0
0	0
0	0
0	0
0	0
0	0
0	0
0	0
0	0
0	0
0	0
0	0
0	0
0	0
0	0
0	0
0	0
0	0
0	0
0	0
0	0
0	0
0	0
0	0
0	0
0	0
0	0
0	0
0	0
0	0
0	0
608	1433
0	732
0	122
0	0
1	705
0	47
0	22
0	0
0	6
6	6
0	6
0	6
0	1
0	6
0	0
12	6
0	0
0	0
0	0
0	0
0	0
0	0
0	0
0	0
0	0
0	0
0	0
0	0
0	0
0	0
0	0
0	22
18	22
0	16
0	0
1	2
10	765
0	162
0	358
57	665
48	700
0	33
30	0
500	0
0	1532
0	2122
87	151
54	1163
21	792
0	43
39	1517
0	85
0	190
0	145
0	162
0	37
8	219
0	578
0	837
0	11
12	352
1	117
0	53
0	0
0	0
0	0
0	0
0	0
0	0
0	0
0	0
0	0
0	0
0	0
0	0
0	0
0	0
0	0
0	0
0	0
0	0
0	0
236	57
8	57
1	1
0	0
11	2949
10	2890
26	2797
2	2852
20	2657
0	2227
6	173
16	82
16	17
0	22
3	1265
0	1248
0	143
0	59
0	107
15	7
0	5
0	7
390	615
0	613
0	183
0	56
0	28
0	10
2	86
79	110
0	11
0	48
0	0
0	0
376	90
10	89
0	60
45	26
3	324
6	302
3	270
13	245
0	296
0	7
4	96
0	4
0	0
0	217
0	23
0	20
0	7
0	9
0	16
0	219
0	7
0	49
0	19
10	133
0	11
0	15
0	0
39	39
0	28
0	18
0	4
143	4271
42	4271
13	757
0	436
0	397
0	120
0	326
0	162
6	304
18	72
0	387
0	210
0	91
0	683
1	393
0	247
0	115
0	0
0	0
0	0
0	0
0	0
58	48459
0	48459
0	40213
45	5157
0	45144
0	39943
0	5045
14	15585
8	22860
51	31554
67	23187
0	16202
0	6992
0	6836
0	531
0	2
0	347
0	18
0	108
0	25
0	241
0	59
0	246
0	300
2	90
0	183
3	122
17	28
0	243
6	170
0	103
0	102
0	226
0	51
0	114
0	173
0	52
0	123
0	0
0	0
0	0
67	3152
0	2614
0	2855
10	1728
0	431
0	323
0	91
0	250
0	270
0	0
0	81
0	85
120	34
518	196
0	30
1	103
9	122
8	96
0	75
10	19
0	0
0	0
0	0
0	0
0	0
0	0
1672	2187
5	206
143	881
0	1912
45	850
31	1554
6	584
0	0
0	0
0	0
0	0
2327	1731
2	326
0	241
0	64
26	1164
0	108
0	185
0	66
0	1
0	23
0	0
0	0
0	3
0	0
0	0
0	1
0	1
13	648
1	648
0	23
0	379
0	0
0	0
0	0
8	0
35	1249
0	977
0	1957
0	2048
31	139
0	395
2	94
1	1973
0	879
0	1988
0	1998
0	2009
0	1988
50	1853
59	2070
4	46
0	61
0	30
0	163
0	31
18	19
0	3
38	318
0	36
0	0
0	0
0	0
0	0
0	0
0	0
36	995
31	903
4	946
0	846
0	459
0	0
0	146
0	62
0	92
0	103
0	72
11	119
0	57
0	101
0	1
0	0
0	0
0	0
0	0
0	18
0	18
0	8
0	0
0	1
0	0
0	0
0	3
0	263
2	177
0	174
0	180
0	173
0	82
0	166
0	59
0	9
0	26
0	22
0	18
0	18
0	26
0	15
0	2
0	19
0	81
0	9
0	0
0	23
0	1
0	0
0	0
0	0
0	0
0	1
0	0
0	0
0	0
0	0
0	0
0	0
0	0
0	0
0	0
0	0
0	0
0	2
0	140
7	168
0	150
4	150
0	85
0	51
0	98
0	92
0	150
0	116
0	7
0	0
0	0
0	0
0	0
0	0
0	0
0	0
0	0
0	0
0	0
0	0
0	0
0	0
0	0
0	0
0	0
0	0
0	0
0	0
0	0
0	0
0	0
0	0
0	0
0	0
0	0
0	0
0	0
0	0
0	0
0	0
0	0
0	0
0	0
0	0
0	0
0	0
0	0
124	631
11	156
8	219
5	197
0	628
0	14
0	31
0	69
0	0
0	0
536	860
90	844
0	131
36	99
1	270
0	0
0	145
0	144
0	19
0	0
0	0
0	0
0	0
0	0
30	2410
5	3061
156	3061
0	0
0	275
0	55
0	0
0	14
0	13
0	23
0	0
0	0
0	0
0	0
0	0
0	0
0	0
0	0
0	0
0	0
0	0
0	0
0	0
0	0
0	0
0	0
0	0
0	0
0	0
0	0
0	0
0	0
0	0
0	0
0	0
0	0
0	0
0	0
0	0
3	927
111	931
2	187
4	497
0	0
0	20
80	403
4	436
2	244
95	232
0	41
0	0
0	11
0	0
0	0
0	0
0	0
0	0
0	0
0	0
0	0
0	0
0	0
0	0
0	0
0	0
0	0
0	0
0	0
0	0
0	0
0	0
0	0
0	0
0	0
0	0
0	0
0	0
0	0
0	0
0	0
11	611
0	0
0	0
0	0
0	0
0	0
0	0
0	0
0	0
0	0
0	0
0	0
0	0
0	0
0	0
0	0
0	0
848	37
0	37
0	0
0	0
0	0
146	1095
0	41
12	219
19	937
0	54
0	0
0	70
0	0
0	11
0	0
0	0
0	0
0	0
0	0
0	0
0	0
0	0
0	0
0	0
0	0
0	30
0	0
0	0
0	0
72	0
0	645
3	257
0	646
0	605
0	645
0	507
0	81
0	0
0	0
0	0
0	1
9	2
0	1
0	0
0	0
0	0
0	0
0	0
0	0
0	0
0	0
0	0
0	0
0	0
8	37
1	30
0	19
0	6
0	6
0	3
0	0
0	0
2062	4483
361	4483
34	749
0	9
0	1121
0	0
632	2683
0	193
25	2568
0	124
0	171
0	0
0	0
0	2327
0	2384
0	1858
52	642
0	1404
9	377
0	1010
0	673
0	45
0	109
0	670
0	0
0	163
0	35
0	18
0	20
0	3
0	1
0	1
0	13
0	0
0	332
0	2032
4	197
0	672
0	456
27	780
0	78
0	174
0	241
0	2794
0	2007
4	824
0	175
0	1212
2	2485
0	1960
0	263
1	510
0	580
0	1127
0	94
0	177
12	565
0	1760
17	2345
0	2382
0	8
50	1001
0	1
122	502
9	403
78	273
0	509
0	337
0	116
0	299
0	1
15	122
0	0
0	0
0	0
0	0
0	0
0	0
0	0
0	0
0	0
0	0
0	0
0	0
0	0
0	0
0	0
4	0
0	0
0	0
0	0
0	0
0	0
0	0
0	0
0	0
0	0
0	0
0	0
0	0
0	0
0	0
0	0
0	0
0	0
0	0
1	230
0	73
0	799
0	747
0	27
0	90
0	34
0	36
0	282
0	754
0	67
0	74
0	766
0	4
0	9
0	24
0	56
0	134
0	107
0	70
13	172
0	6
0	0
0	0
0	0
0	0
1720	88
0	85
0	51
0	0
20	53
0	2
0	3
0	3
0	43
0	37
0	3
0	37
0	5
0	3
0	0
0	0
0	0
61	458
17	457
0	208
0	89
0	98
0	23
0	13
0	0
0	0
30	0
0	0
350	4307
0	4
89	4303
2	43
0	0
0	0
0	0
9	1
0	0
0	0
0	0
0	0
0	0
0	0
0	0
0	0
0	0
0	0
291	829
27	829
0	546
0	132
0	0
0	0
0	0
0	0
0	107
23	1263
0	1157
0	492
0	1165
17	1120
12	429
0	52
4	846
8	817
6	533
58	158
0	41
0	385
14	224
0	54
0	4
0	0
0	0
0	0
0	0
0	0
0	0
0	0
0	0
0	0
0	0
0	0
0	0
0	0
0	0
0	0
0	0
0	0
0	0
0	0
342	344
0	294
0	113
0	145
0	0
0	0
0	0
0	0
0	0
0	0
0	0
0	0
0	0
0	0
0	0
0	0
0	0
0	0
0	0
0	0
0	0
0	0
0	0
0	0
0	0
0	0
0	0
0	0
0	0
0	0
0	0
0	0
0	0
0	0
0	0
0	0
0	0
0	0
0	0
0	0
0	0
0	0
0	0
0	0
0	0
0	0
0	0
0	0
0	0
0	0
199	99
19	87
3	19
0	0
0	0
0	0
0	0
0	0
0	0
0	0
0	0
0	0
0	0
0	0
0	0
0	0
0	0
0	0
0	0
0	0
0	0
0	0
0	0
0	0
0	0
0	0
0	0
0	5
0	7
35	7
0	2
0	0
0	350
905	1909
11	1910
0	0
0	470
0	63
52	951
41	229
36	455
0	201
0	11
113	293
0	0
0	0
607	916
0	530
0	590
20	595
0	18
0	191
0	78
0	14
0	17
0	16
0	6
0	0
0	0
0	0
0	0
0	0
0	0
0	0
0	0
0	0
0	0
0	0
0	0
0	0
5	701
0	710
13	726
0	99
3	385
1	98
0	25
18	81
0	0
0	0
0	90
0	4
20	820
0	101
1	660
0	0
0	0
0	0
0	0
0	0
0	0
0	0
0	0
0	0
0	0
0	0
0	0
0	0
0	489
0	409
2	475
0	513
2	384
0	378
2	363
0	15
0	30
0	14
0	8
0	0
191	1172
10	859
0	215
0	150
0	90
0	0
0	0
0	0
0	0
3	13706
0	13710
756	6937
0	574
0	574
225	12397
134	13348
0	80
11	3836
109	2775
0	3836
4	670
28	833
0	0
0	485
0	322
8	251
0	1688
0	0
0	0
0	0
0	0
0	0
0	54
0	0
0	0
0	0
0	0
0	0
0	0
0	0
0	0
0	0
0	0
0	0
0	0
0	0
0	0
0	0
0	0
0	0
0	0
0	0
0	0
0	0
0	0
0	0
0	0
0	0
0	0
0	0
0	0
0	171
0	171
0	171
0	155
0	171
0	1228
0	101
0	56
0	1224
0	156
0	0
0	31
0	0
1605	23
0	148
19	4803
0	68
3	4344
2	4448
0	34
0	0
0	4711
0	4141
28	2831
0	480
0	196
0	128
0	0
0	0
0	69
0	69
0	0
0	0
0	0
0	0
0	0
0	0
0	0
0	0
0	0
0	0
0	0
0	0
0	0
0	0
0	0
0	0
0	0
0	0
0	0
0	0
0	0
0	0
0	0
0	0
0	0
0	0
0	0
0	0
0	0
0	0
0	0
0	0
0	0
0	0
0	0
0	0
0	0
0	0
0	0
0	0
0	0
0	0
0	0
0	0
0	0
0	0
0	0
0	0
0	0
0	0
0	0
0	0
0	0
0	0
0	0
0	0
0	0
0	0
0	0
0	0
0	0
0	0
0	0
0	0
0	0
0	0
0	0
0	0
0	0
0	0
0	0
0	0
0	0
0	238
0	0
0	0
0	0
0	0
0	0
0	0
0	0
0	0
0	0
0	0
0	0
0	0
0	0
0	0
0	0
0	0
0	0
0	0
0	0
0	0
0	0
0	0
0	0
0	0
0	0
0	0
0	0
0	0
0	0
282	6112
0	0
0	0
0	0
0	0
0	0
0	0
0	0
0	0
0	0
0	0
0	0
0	0
0	0
0	0
0	0
0	0
0	0
487	3913
0	3341
446	3752
0	469
47	3131
0	239
0	232
248	621
25	621
0	0
2416	734
2	96
58	281
8	357
11	297
0	76
0	0
4	74
20	165
137	187
0	72
0	2
0	0
0	48
0	0
0	93
0	0
16	2
0	2
0	0
0	0
0	0
0	0
0	0
0	0
0	0
0	0
0	0
0	0
0	0
0	0
0	0
0	0
0	0
0	0
0	243
0	0
0	0
0	40
0	40
0	0
0	0
0	0
0	0
0	0
0	0
0	0
0	0
0	0
0	0
0	0
0	0
0	0
0	0
0	0
13	1729
49	1631
68	1601
9	20
85	115
0	24
0	21
0	0
0	0
0	0
0	0
560	132
0	0
0	0
0	0
34	132
0	0
0	0
0	0
0	0
0	0
0	0
0	0
0	0
0	0
0	0
0	0
0	0
0	0
0	0
0	0
0	0
0	0
0	0
0	0
0	0
0	0
0	41
0	52
0	23
0	34
0	11
0	0
0	0
0	0
0	0
0	0
0	0
0	0
0	0
0	0
0	0
0	0
0	0
0	0
0	0
0	0
0	0
0	0
0	0
0	0
0	0
0	0
0	0
0	0
0	0
0	0
0	0
0	0
0	0
0	0
0	0
0	0
0	0
0	0
0	0
0	0
0	0
0	0
0	0
0	0
0	0
1	2
0	0
0	0
0	0
0	0
0	0
0	0
0	0
0	0
0	0
0	0
0	0
0	0
0	0
0	0
0	0
0	0
0	0
0	0
0	0
0	0
0	0
0	0
0	0
0	0
0	0
0	0
0	0
0	0
0	0
0	0
0	0
0	0
0	0
0	0
0	0
0	0
0	0
0	0
0	0
0	0
0	0
0	0
0	0
0	0
0	0
0	0
0	0
0	0
0	0
0	0
0	0
0	0
0	0
0	0
0	0
0	0
0	0
0	0
0	0
0	0
0	0
0	0
0	0
0	0
0	0
0	0
0	0
0	0
0	0
0	0
9	1
0	1
0	0
45	0
104	26135
0	26135
56	8475
3	4990
0	4418
0	1046
1081	0
0	0
0	0
0	0
0	0
0	51
32	167
6	346
61	218
0	68
6	296
15	30
6	26
0	21
0	15
10	40
0	7
0	0
0	20
0	0
84	2667
88	2406
29	2662
15	2459
20	1947
52	1891
0	775
0	40
0	0
0	0
0	21
461	106
22	53
0	79
0	40
0	0
0	1043
7	940
0	864
7	954
0	0
0	0
0	0
0	0
0	0
0	0
0	0
0	0
0	0
0	0
0	0
0	0
0	0
0	0
0	0
0	0
0	0
0	0
0	0
0	0
0	0
0	0
0	0
0	0
0	0
0	0
0	0
0	0
0	0
0	0
0	0
0	2
0	0
0	0
9	629
47	618
5	110
6	140
0	14
83	3557
0	3521
0	3404
40	3208
0	92
0	185
0	0
0	865
9	1113
0	1106
0	5
0	0
0	0
0	0
0	0
0	0
0	0
0	0
0	0
0	0
0	0
0	0
0	0
0	0
0	0
0	0
0	0
0	0
0	0
0	0
0	0
0	0
0	0
0	0
0	0
0	0
0	0
0	0
0	0
0	0
0	0
0	0
0	0
0	0
0	0
0	0
0	0
0	0
89	306
0	298
0	153
0	69
15	3
0	0
45	6
0	6
0	0
0	0
0	0
0	0
0	0
0	0
0	0
0	0
0	0
0	0
0	0
0	0
0	0
0	0
0	0
0	0
0	0
0	0
0	0
0	0
0	0
0	0
0	0
0	0
0	0
0	11
0	6
0	8
0	10
0	11
14	13
0	35
36	12
0	16
0	35
0	4
0	16
0	6
0	9
0	0
0	0
0	0
0	0
0	0
0	0
0	0
0	0
0	0
0	0
0	0
0	0
239	38
0	19
0	19
0	0
0	0
0	0
0	0
0	0
0	0
0	0
0	0
0	0
0	82
23	82
0	0
0	0
0	0
0	0
0	0
0	0
0	0
0	0
0	0
0	0
0	0
0	0
0	0
0	0
0	0
0	0
163	465
0	402
27	326
0	332
29	294
0	171
8	235
0	117
0	71
0	82
0	85
0	105
0	12
0	11
0	10
0	27
0	7
0	28
0	387
3	338
0	58
0	7
10	38
0	7
0	47
14	80
0	0
0	0
0	0
0	0
0	0
0	0
0	0
0	0
0	0
114	6757
0	7002
237	5116
0	93
4	774
0	231
1	1039
0	430
0	638
0	256
0	521
0	434
0	439
0	353
5	338
0	161
0	33
0	22
0	89
0	0
491	4914
13	4914
0	104
0	61
0	0
0	0
0	0
0	0
0	0
0	0
0	0
0	0
0	0
34	137
0	14
0	30
0	63
49	121
0	99
0	47
0	0
0	13
0	186
10	4427
41	4713
0	3644
0	593
0	411
0	27
0	597
0	217
0	46
0	20
0	0
0	0
0	0
0	0
0	0
0	0
0	0
0	0
0	0
0	0
0	0
0	0
0	0
0	0
0	0
0	0
0	0
0	0
0	0
0	0
0	0
0	0
15	349
3	585
26	908
0	463
0	187
5	582
0	489
0	46
0	0
0	61
3	213
0	125
0	59
0	17
0	20
0	22
0	9
0	1
0	158
3	154
0	146
0	154
0	148
0	140
0	150
0	142
0	106
0	42
0	41
0	8
0	48
0	14
0	48
0	46
0	39
0	2
0	0
0	17
0	11
0	1
0	12
0	9
0	6
0	2
11	3
0	0
0	0
0	0
0	0
0	0
0	0
0	0
0	0
0	0
0	0
0	0
0	0
0	0
0	0
0	0
0	0
0	0
0	0
0	0
0	0
0	0
0	0
0	0
29	37
0	1
0	0
0	4
0	0
0	0
0	2
0	0
0	0
0	35
0	21
0	4
0	0
0	0
0	0
0	0
0	0
0	0
0	0
0	0
0	0
0	0
0	0
0	0
10388	5718
334	4674
0	3618
35	4628
0	1161
108	5308
0	518
0	652
0	1146
0	613
0	855
0	1124
80	226
0	54
21	0
0	15
0	0
3404	3012
0	1123
0	522
0	488
0	665
0	142
0	277
0	262
0	357
0	0
0	0
0	0
691	1150
2	1149
0	825
2	958
6	283
66	728
0	0
0	0
0	0
0	0
0	0
0	0
0	0
0	0
158	463
32	438
1	245
0	227
0	68
0	26
0	70
0	51
260	497
0	37
0	130
1	282
11	173
3	193
0	0
0	0
0	0
0	0
0	0
0	0
0	0
0	0
0	0
0	0
0	0
0	0
0	0
0	1540
0	0
0	0
0	0
0	0
0	0
0	0
0	0
0	0
0	0
0	0
0	0
0	0
0	0
0	0
0	0
0	0
0	0
0	0
0	0
0	0
0	0
0	0
0	0
0	134
0	135
0	196
0	195
4	15
0	0
0	356
0	30
0	0
0	102
0	51
0	121
0	568
0	18
0	0
5	347
0	406
0	0
0	32
0	13
0	4
0	0
0	0
0	0
0	0
0	0
0	0
0	0
0	0
0	0
0	0
0	0
0	0
0	0
0	0
0	0
0	0
0	0
0	0
0	0
0	0
0	0
3	0
0	0
0	0
0	0
104	162
23	114
6	20
0	5
0	104
0	60
0	111
0	14
0	0
0	0
1	0
0	0
0	0
0	0
0	0
0	0
0	0
0	0
0	0
0	0
0	0
0	0
0	0
0	1
0	0
0	0
0	0
0	0
0	0
0	0
0	0
0	0
0	0
0	0
0	0
0	0
0	0
0	0
0	0
0	0
0	0
0	0
0	0
0	0
0	0
0	0
0	0
0	0
0	0
0	0
0	0
0	0
0	0
0	0
0	0
0	0
0	0
0	0
0	0
0	0
0	0
0	0
0	0
0	0
0	0
0	0
1	0
0	0
0	0
0	0
0	0
0	0
136	5274
292	859
215	4725
17	3227
1	4913
12	329
10	2376
41	3137
0	1891
0	914
0	604
0	339
2	2
0	2
0	0
0	0
0	4860
0	4874
6	3319
364	3806
0	4478
0	4079
1	4117
0	3929
0	4330
0	1616
104	935
16	937
15	702
0	808
0	0
0	0
0	0
0	0
0	0
0	0
0	0
0	0
0	0
0	0
0	0
15	4
0	4
0	0
0	0
0	0
266	2808
0	6202
0	5229
0	6299
8	5857
0	5275
0	5317
1	6257
0	5975
0	5160
0	5356
0	5628
11	580
3	3938
0	224
0	5215
0	582
9	59
9	570
19	0
13	3155
1	1282
0	383
50	619
0	258
0	247
0	1874
0	515
0	189
4	391
0	390
0	306
0	146
0	183
0	327
0	110
0	78
0	18
0	100
0	116
0	12
262	541
100	499
24	301
0	102
0	107
2	120
0	2
0	16
0	105
2	99
0	19
0	102
0	2
0	22
43	144
0	14
0	143
0	8
0	1
124	2254
8	1947
0	2011
33	1997
0	1203
0	1188
0	1039
4	1306
0	112
0	0
0	0
0	0
31	1207
9	1472
0	165
0	537
0	69
0	264
0	114
16	1164
26	1148
0	27
0	163
235	976
127	960
14	226
38	540
0	777
0	385
0	0
0	0
0	0
0	64
0	136
0	229
0	229
0	126
0	10
0	36
0	36
0	10
0	13
0	12
0	12
1	14
0	0
0	0
3	222
5	237
0	19
0	215
0	9
2	17
31	45
67	339
13	153
14	9
0	46
11	39
0	9
18	22
0	2
32	334
0	317
6	120
5	72
0	11
0	32
9	19
0	9
16	1
0	0
0	0
0	12
0	193
0	15
0	196
0	12
0	193
0	9
0	26
0	0
0	0
0	0
0	0
0	0
0	0
0	10
0	0
0	0
0	0
0	0
0	0
0	0
15	12
0	0
0	4
0	0
0	0
0	0
0	0
0	7
0	0
0	0
0	1
0	0
0	0
0	0
0	0
0	0
0	0
0	0
0	0
0	0
0	0
0	0
0	0
0	0
0	0
0	0
0	0
0	0
0	0
0	0
0	0
0	0
0	0
0	0
0	0
0	0
0	0
0	0
0	0
0	0
0	0
0	0
0	0
0	0
0	0
0	0
0	0
0	0
0	0
0	0
0	0
0	0
0	1
0	0
0	0
0	0
0	0
0	0
0	0
0	0
0	1
0	0
0	1
0	0
0	0
0	0
0	0
0	0
0	0
0	0
0	0
0	0
0	0
0	0
0	0
0	0
0	0
0	0
0	0
0	0
0	0
0	0
0	0
0	0
0	1
0	0
0	0
0	0
0	0
0	0
0	0
0	0
0	0
0	0
0	0
0	0
0	0
0	0
0	0
0	0
0	0
0	0
0	0
0	0
0	0
0	0
0	0
0	0
0	1
0	0
0	0
0	0
0	0
0	0
0	0
0	0
0	0
0	0
0	0
0	0
0	0
0	0
0	0
0	0
0	0
0	0
0	0
0	0
0	0
0	0
0	0
0	0
0	0
0	0
0	0
0	0
0	0
0	0
0	0
0	0
0	0
0	0
0	0
0	0
0	0
0	0
0	0
0	0
0	0
0	0
0	0
0	0
0	0
0	0
0	0
0	0
0	0
0	0
0	0
0	0
0	0
0	0
0	0
0	0
0	0
0	0
0	0
0	0
0	0
0	0
0	0
0	0
0	0
0	0
0	0
0	0
0	0
0	0
0	0
0	0
0	0
0	0
0	0
0	0
0	0
0	0
0	0
0	0
0	0
0	0
0	0
0	0
0	0
0	0
0	0
0	0
0	0
0	0
0	0
0	0
0	0
0	0
0	0
0	0
0	0
0	0
0	0
0	0
0	0
0	0
0	0
0	0
0	0
0	0
0	33
0	34
0	32
0	0
0	0
0	0
0	0
0	0
0	0
0	0
0	0
0	0
0	0
0	0
0	0
0	0
1	724
0	728
0	38
0	673
0	742
0	21
0	721
0	25
0	16
0	0
0	0
0	0
0	5
0	13
0	5
0	1
0	3
0	0
0	0
15	24
0	8
0	0
54	41
0	41
0	0
0	2
0	357
4	3455
0	452
0	467
0	8
4	79
54	3349
0	133
0	1359
0	137
0	122
0	362
8	506
0	480
10	407
0	241
0	304
0	42
0	39
0	0
0	0
3	0
0	0
0	0
0	0
0	0
0	0
119	184
7	149
0	93
0	86
0	98
0	13
0	23
0	0
0	0
0	0
10	614
0	210
0	87
4	437
0	52
0	231
0	4
0	57
0	0
0	0
0	0
0	0
0	0
0	0
0	0
0	0
0	0
0	0
0	0
0	0
0	0
0	0
0	0
0	0
0	0
0	0
0	0
0	0
0	0
0	0
0	0
0	0
0	0
0	0
0	0
0	0
0	0
0	0
0	0
0	0
0	509
0	0
0	0
0	0
0	0
0	0
0	0
0	0
0	0
0	0
0	0
0	0
0	0
147	93
0	7
0	17
0	71
0	49
0	33
0	55
0	0
0	0
0	0
0	0
0	0
0	0
0	0
0	0
0	0
5084	3318
39	2544
80	1001
0	316
0	149
18	1100
332	996
5	1677
0	549
23	1
0	0
0	0
0	0
0	136
0	173
5	180
0	9
0	29
0	16
0	23
0	4
82	265
0	8
4	249
0	193
0	166
0	0
0	0
959	26
0	26
0	7
0	0
0	0
0	0
0	0
0	374
0	22
0	13
0	80
0	25
0	42
0	371
0	5
0	1
0	37
0	0
58	0
0	19
33	19
0	25
0	23
0	20
1	27
0	22
0	22
0	21
0	9
0	0
0	0
0	7
0	2
0	0
0	1
0	2
0	0
0	0
0	0
0	0
0	0
0	0
0	0
70	161
0	161
0	0
0	0
0	0
0	0
0	0
0	0
0	0
0	0
0	0
0	0
0	0
0	0
0	0
0	0
0	0
0	0
0	0
0	0
0	0
0	0
0	0
0	0
0	0
0	0
0	0
0	0
0	0
0	0
0	0
0	0
0	0
0	0
0	0
0	0
0	0
0	0
0	0
0	0
0	0
0	0
0	0
0	0
0	0
0	0
0	0
0	0
0	0
0	0
0	0
0	1
0	0
0	0
0	0
0	0
0	0
0	0
0	0
0	0
0	0
0	0
0	0
0	0
0	0
0	0
0	0
0	0
0	0
0	0
0	0
0	0
0	0
0	0
0	0
0	0
0	0
0	0
0	0
0	0
18	1194
0	1159
0	531
0	1166
0	847
0	435
0	52
0	25
0	0
0	0
0	0
0	0
0	0
0	42
0	42
0	723
0	699
17	5
0	841
0	39
0	1
0	35
0	229
0	0
11	260
0	379
0	24
0	328
4	10
0	65
0	22
0	22
0	0
0	29
0	329
0	91
0	0
0	0
0	0
0	0
0	0
0	0
0	0
0	0
0	0
0	0
0	0
0	0
0	0
0	0
0	0
0	0
0	0
0	0
0	0
0	0
0	0
0	2
0	0
0	0
0	0
0	0
0	0
0	0
0	0
0	0
0	0
0	0
0	0
0	0
1	0
0	0
0	0
0	0
0	13
0	31
0	710
0	33
0	538
0	265
0	56
141	929
0	138
0	197
0	64
30	891
0	53
0	46
0	62
0	252
0	680
0	827
0	24
0	187
0	0
0	0
0	0
0	0
0	0
0	0
0	0
0	0
0	0
0	0
0	0
0	0
0	0
0	0
0	0
0	0
1318	1177
195	1157
3	665
0	476
2	1038
95	695
17	439
12	325
0	12
0	0
0	0
0	0
0	0
0	0
0	0
0	0
0	0
1003	1254
0	63
0	273
0	52
0	0
0	55
0	17
0	69
0	35
0	184
0	363
0	648
0	0
0	0
0	0
316	1552
44	1452
66	1302
0	955
5	856
8	660
12	496
0	690
0	1
0	128
0	133
0	48
0	99
6	0
0	0
0	0
0	0
0	0
0	0
0	0
0	0
0	0
0	0
0	0
0	0
0	0
0	0
0	0
0	0
0	0
0	0
0	0
0	0
0	0
0	0
0	0
0	0
0	0
0	0
0	0
0	0
0	0
0	0
0	0
0	0
0	0
0	0
0	0
0	0
0	0
0	0
0	0
0	0
0	0
0	0
0	0
0	0
0	0
0	0
0	0
0	0
0	0
0	0
0	0
0	0
0	0
0	0
6	212
1	212
0	143
0	60
0	57
0	0
0	19
0	20
0	2
0	31
0	22
0	0
0	0
0	6
0	333
0	409
6	410
0	30
0	0
0	0
456	1623
42	1249
7	304
39	921
0	0
211	725
86	677
49	626
634	1051
3	951
0	831
3	810
0	210
0	148
0	115
9	94
0	1
1	51
27	81
0	52
0	0
25	3852
6	3247
1710	7647
5	6150
2	5631
0	732
0	3
0	0
0	0
0	0
0	0
0	0
0	0
14	3
0	3
0	3
0	0
0	0
0	0
0	0
0	0
0	0
0	0
0	0
0	0
0	0
0	0
0	0
0	0
0	0
0	562
0	743
5	671
0	605
0	317
0	50
0	42
0	86
0	75
0	0
1	17
1	17
0	0
0	46
0	46
0	47
0	37
0	46
0	11
0	4
0	0
0	0
0	0
17	1927
120	4149
93	4149
0	7
0	586
0	4
0	391
0	29
0	0
0	0
0	0
0	0
0	0
0	0
0	0
281	6684
19	6215
0	38
0	783
0	6376
0	462
0	812
0	16
0	726
2	5354
0	813
0	445
0	0
0	660
0	713
20	632
0	670
0	711
0	660
7	668
4	536
0	665
4	546
0	575
0	495
0	57
5	126
0	1
0	9
0	41
21	35
0	0
10	56
0	0
0	0
0	0
29	7168
0	7528
0	6198
0	7018
240	6835
16	5354
222	5871
2	1961
39	2864
0	1681
16	2501
25	2462
0	1439
0	838
0	1277
0	1237
0	1162
0	1103
0	738
0	1016
10	819
0	377
0	846
0	1008
0	700
0	495
0	1034
0	24
0	866
0	660
0	792
0	736
0	433
15	0
0	0
0	0
109	314
208	556
0	79
121	547
0	265
0	0
0	0
0	0
0	0
0	0
0	0
0	0
0	0
0	0
0	0
0	0
0	0
0	0
3	477
0	235
108	592
8	497
0	465
0	16
76	158
0	92
18	111
0	21
0	0
29	139
0	174
2	168
0	147
0	23
0	31
0	48
0	43
0	33
7	1942
72	1916
0	1844
0	29
0	2
0	772
0	21
0	57
0	0
0	0
0	0
0	0
0	0
0	0
0	0
0	0
0	0
75	0
0	0
0	0
0	0
30	15
0	15
0	0
0	0
0	0
0	0
0	0
0	0
0	0
0	0
0	0
0	0
0	0
0	0
0	0
11	23
47	590
3	1413
0	1450
2	1402
0	7
0	580
0	1
0	57
0	0
0	0
4	1520
17	1094
15	1244
11	540
0	53
8	539
9	757
36	1364
0	103
0	247
0	802
9	423
0	223
6	468
0	718
4	648
0	354
22	191
0	149
24	269
0	16
4	9
0	0
129	169
0	0
0	0
0	0
0	0
0	0
0	0
0	0
0	0
0	0
0	0
0	0
0	0
0	761
43	765
26	763
4	756
0	109
0	176
0	137
0	59
0	59
0	0
0	0
0	5
0	130
0	388
0	113
0	179
0	435
0	248
0	30
0	31
2	276
0	40
0	0
0	0
0	0
0	2
9	23
0	10
0	9
0	10
0	21
0	7
0	7
0	7
0	0
0	1
0	0
0	1
0	1
0	12
0	0
0	0
0	0
0	0
27	645
0	645
4	482
6	620
0	617
0	657
0	577
1	75
0	71
21	0
0	25
0	1
0	127
0	52
0	12
0	4
0	24
0	80
0	29
0	29
36	281
0	837
38	682
25	824
0	0
0	0
0	0
0	0
0	0
0	0
0	0
0	0
0	0
0	0
0	0
0	0
0	0
0	1
516	364
0	228
2	190
0	90
0	33
0	64
0	36
0	0
0	0
0	0
0	0
0	0
0	0
0	0
0	0
0	0
0	0
0	0
0	0
38	109
0	2
12	110
0	0
0	1265
0	1584
0	1800
0	999
0	1567
0	393
2	1585
0	3
0	2
0	556
0	1504
0	1448
11	1196
0	1421
0	369
0	1243
0	1578
0	1580
0	967
0	1293
0	930
0	207
24	873
0	50
2	46
0	27
0	26
0	35
0	16
0	11
0	25
0	24
0	5
0	14
0	1
0	15
0	11
0	4
0	13
0	6
0	3
0	2
0	2
0	1
0	0
0	0
0	0
0	0
1	0
0	0
0	0
0	0
0	0
0	0
0	0
0	0
0	0
0	0
0	0
147	16764
0	16764
71	14684
14	607
0	14467
239	14684
4	305
3016	10064
28	6515
0	63
0	24
0	4367
0	0
0	0
0	0
0	0
0	0
0	0
0	0
0	0
0	0
0	0
0	0
0	0
0	0
0	0
0	0
0	0
0	0
0	0
0	0
0	0
0	0
0	0
0	0
0	0
0	0
0	1
0	1
7	1
0	0
1	0
19	811
29	837
28	869
0	0
0	0
0	0
0	0
603	300
7	219
0	74
0	65
0	81
0	0
9	225
3	273
0	172
0	131
0	114
0	52
0	30
0	18
0	0
139	192
40	158
6	71
0	32
0	147
0	0
0	0
0	0
0	0
0	0
0	0
0	0
0	0
0	0
13	493
32	544
5	280
0	158
0	0
0	0
0	0
0	0
0	0
0	0
0	0
0	0
0	0
0	0
0	0
0	0
0	0
0	0
0	0
0	0
0	0
36	47
0	48
0	1
0	0
0	3
0	1
0	3
0	0
0	0
0	0
0	0
0	0
0	0
0	0
0	0
0	0
0	0
0	0
0	0
0	0
0	0
0	0
0	0
0	0
0	0
0	0
0	0
0	0
0	0
0	0
0	0
0	0
0	0
0	0
0	0
0	0
0	0
0	0
0	0
0	0
0	0
0	0
0	0
0	0
0	0
0	0
0	0
0	0
0	0
0	0
0	0
0	0
0	0
0	0
0	0
2034	48
0	0
12	0
100	488
6	106
0	15
2	438
0	10
0	4
0	0
0	0
2295	976
125	976
0	0
0	948
5	1022
0	0
0	965
0	0
0	812
3	411
0	0
13	49
0	0
1	98
0	26
10	903
42	5
0	1
0	11
0	0
0	0
0	0
33	0
0	0
0	0
0	0
0	601
0	612
0	285
0	190
19	162
18	410
0	272
3	256
4	243
0	36
0	27
0	1
0	63
43	1422
0	49
0	1386
12	1294
0	98
0	209
0	0
0	565
0	1436
0	106
0	112
0	0
28	540
0	29
0	68
0	2
0	2
0	2
0	0
0	0
0	0
0	0
0	0
0	0
0	0
0	0
0	0
11	1782
0	0
0	63
0	82
5	171
0	88
0	0
0	131
0	173
0	117
0	2
0	0
0	0
0	5
0	64
0	69
0	4
0	3
0	93
0	4
0	2
0	7
0	36
0	2
0	0
0	78
0	75
0	8
0	0
0	0
0	0
0	0
0	0
0	0
0	12014
0	22
0	0
0	0
14	1408
3	1505
0	794
0	616
0	782
0	533
1	542
27	600
0	482
0	676
0	522
0	69
3	25
0	31
0	0
0	0
0	0
0	0
0	0
0	0
0	0
0	0
0	0
0	0
0	0
0	0
0	0
0	0
0	0
0	0
0	0
0	0
0	0
0	0
0	0
0	0
0	0
0	0
0	0
0	0
0	0
0	0
0	0
0	0
0	0
0	0
0	0
0	0
0	0
0	0
0	0
0	0
0	0
0	0
0	0
0	0
0	0
0	0
0	0
0	0
0	0
0	0
0	0
0	2
0	1
0	0
0	0
0	0
0	0
1137	26260
426	4448
0	7902
2631	26247
200	4649
0	0
0	0
0	0
0	0
0	0
0	0
0	640
308	84
0	0
0	0
0	3
0	0
0	0
0	0
0	0
19	662
2	16
0	659
0	1
1	27
41	138
1	2830
3	1563
21	1900
0	24
0	144
2	1531
0	1924
0	8
0	250
7	643
0	9
0	508
0	249
0	3
4	25
0	4
0	25
0	21
0	21
0	25
0	0
0	0
0	0
0	0
0	0
0	0
0	1
4	369
0	5
0	3
0	6
5	360
13	342
0	13
0	81
942	427
119	427
0	0
0	86
0	0
0	8
73	100
0	0
0	3
0	66
0	2
9	46
0	2
4	39
0	2
0	0
0	4
9	17
0	9
0	0
30	0
0	1
101	1
0	0
0	2
0	2
0	2
0	0
0	0
0	0
0	1
0	0
0	1
0	0
0	0
0	0
0	0
0	0
0	0
0	0
0	0
0	0
0	0
726	1383
301	1378
0	609
2	606
0	224
0	0
0	0
0	0
0	0
0	0
0	0
0	0
0	0
0	0
0	0
0	0
0	0
0	0
0	0
0	0
0	0
0	0
0	0
0	0
0	0
0	0
0	0
0	0
0	0
0	0
0	0
0	0
0	0
0	0
6	27
0	26
2	24
0	2
0	12
0	0
0	15
0	0
0	0
0	0
0	0
0	0
0	0
0	0
0	0
0	0
174	3027
0	2264
0	2581
8	1817
2	1212
0	279
0	1041
0	461
0	788
0	163
0	126
0	0
0	0
0	0
0	0
0	0
0	0
0	0
0	0
0	0
0	0
0	1155
0	977
8	1013
136	965
0	322
0	338
0	984
0	147
0	21
0	128
0	175
1	127
0	6653
0	6653
72	353
0	45
12	316
0	0
0	31
6	63
61	0
0	0
0	0
0	0
0	0
0	0
0	9
0	0
8	1424
0	1424
0	123
0	91
0	34
0	9
0	318
0	10
6	490
0	4
0	796
0	751
0	77
0	15
0	69
0	42
0	0
0	0
0	0
0	0
0	0
0	0
0	0
0	0
0	0
0	0
0	0
0	0
0	0
0	0
0	0
0	0
0	0
0	0
0	46
1	46
0	7
0	0
0	57
0	3
0	57
0	57
0	0
0	0
17	0
0	0
0	72
9	68
2	65
0	45
0	40
0	37
18	19
294	140
0	140
0	0
0	0
0	9
0	94
0	88
10	5
0	30
0	92
0	88
0	0
0	0
0	0
0	0
0	0
0	0
0	0
0	0
0	0
0	0
0	0
0	0
0	0
0	0
0	0
96	93
0	93
0	0
0	0
0	0
0	0
0	0
0	0
0	0
0	0
0	0
0	0
0	0
0	0
0	0
0	0
0	0
0	0
0	0
0	3
106	31
0	30
0	28
0	0
0	0
0	1
0	2
0	0
6	546
342	565
0	275
11	516
2	4
0	0
1	59782
0	12
14	812
0	37
0	45
0	648
1	701
6	635
0	695
7	151
0	37
0	111
5	165
0	0
0	229
0	218
0	15
0	213
0	198
0	211
0	147
0	211
0	204
0	205
0	209
0	202
0	217
0	204
0	199
0	211
0	150
0	202
0	216
0	160
0	215
0	214
5	181
0	35
0	51
0	135
0	117
0	67
2	80
0	101
0	93
0	81
0	86
0	85
0	92
0	85
0	81
3	58
0	56
0	71
0	63
0	32
0	11
0	20
0	18
0	2
0	9
0	0
0	28
0	28
0	24
0	29
0	27
0	32
0	7
0	13
0	14
0	28
0	16
0	21
0	21
0	2
0	191
5	356
13	193
1	186
2	321
0	13
0	173
143	584
62	482
22	389
27	494
19	490
4	395
3	73
0	25
0	53
0	62
0	0
0	0
0	1025
0	1020
0	1025
6	932
0	495
0	463
65	404
0	14
0	0
0	0
8	6
0	6
0	0
0	0
0	0
0	0
0	0
0	0
0	0
1	847
0	526
0	781
0	62
6	498
0	57
0	0
1	846
0	75
0	14
1	519
0	58
0	840
0	45
0	2
21	619
12	336
0	150
0	237
0	276
51	102
3	188
0	112
0	0
5	421
7	120
0	32
0	438
0	52
0	6
0	0
0	0
0	0
0	0
0	0
0	0
0	0
0	0
0	0
0	0
0	0
0	0
0	0
0	0
0	0
0	0
0	0
0	0
0	0
0	0
0	0
0	0
0	0
0	0
0	0
0	0
0	0
0	0
1	0
5	0
0	0
0	0
0	0
0	0
0	0
0	0
0	0
0	0
0	0
0	0
0	0
0	0
0	0
0	0
0	0
0	0
0	0
0	0
0	0
0	0
0	0
0	0
0	0
0	0
0	0
0	0
0	0
0	0
0	0
1	0
0	0
0	0
0	0
0	0
0	0
0	0
0	0
0	0
0	0
0	0
0	0
0	0
0	0
0	0
0	0
0	0
0	0
0	0
0	0
0	0
0	0
0	0
0	0
0	0
0	0
0	0
0	0
0	0
0	0
0	0
0	0
0	0
0	0
0	0
0	0
0	0
0	0
0	0
0	0
0	0
0	0
0	0
0	0
0	0
0	0
0	0
0	0
0	0
0	0
0	0
0	11
0	0
382	23
0	12
0	0
0	0
0	0
0	0
0	0
0	0
0	0
0	0
1	0
0	0
0	0
0	0
0	0
0	0
0	0
0	0
0	0
109	158
7	49
0	121
0	0
0	23
7	444
0	453
2	459
0	498
0	380
0	125
0	42
0	53
0	31
31	53
0	7
0	3
0	0
0	0
1	421
0	0
0	0
0	0
0	0
0	0
0	61
0	304
1	331
0	253
0	301
0	249
6	243
0	294
0	175
0	28
0	95
180	3652
8	3652
0	101
0	492
0	73
0	4
0	22
0	0
0	0
95	1
0	0
0	0
0	1
25	2
0	0
0	0
0	0
0	2
336	0
0	20
0	2
138	22
0	12
0	8
0	5
0	0
0	0
0	0
0	0
9	187
0	180
21	93
0	47
0	3
0	93
0	3
0	0
1	1927
0	0
0	0
0	0
0	0
0	0
0	983
0	983
0	983
0	189
0	373
0	1053
0	1053
12	885
0	1029
0	981
0	83
0	0
0	0
14	1
0	1
0	0
0	0
0	0
0	0
0	0
0	0
0	0
0	0
0	0
0	0
0	0
0	0
0	0
0	0
0	0
278	82
0	13
0	10
0	3
7	60
0	22
0	24
0	12
0	0
0	0
0	0
210	11
0	0
0	11
0	0
0	0
0	0
0	0
0	0
0	0
0	0
0	0
0	0
0	0
0	0
14	140
303	892
0	420
4	451
8	112
13	223
11	257
14	647
0	0
0	0
0	0
0	0
0	0
0	0
0	0
0	0
13	143
0	143
35	114
4	100
46	139
0	4
0	106
0	0
12	9
0	9
0	8
0	7
0	7
0	6
0	7
0	7
0	0
0	0
0	0
0	0
0	0
0	0
0	0
0	0
0	0
0	0
0	0
0	0
0	0
0	0
0	0
0	0
0	0
0	0
0	0
0	0
12	0
0	0
42	832
0	1351
0	1182
0	0
0	0
0	1
169	132
0	114
0	33
0	18
0	108
0	0
0	28
0	6
0	8
0	12
0	11
0	6
0	13
0	25
0	0
37	8
0	0
0	0
0	0
6800	687
0	0
9	114
0	241
0	131
0	282
0	18
0	18
6	10
0	0
0	0
0	0
0	0
0	0
0	0
0	0
0	0
0	0
0	0
0	0
0	0
56	18
0	16
0	0
0	0
0	0
0	15
0	15
0	0
58	60
0	0
0	0
0	0
0	0
0	0
0	0
0	0
0	0
0	0
0	0
0	0
0	0
0	0
0	0
0	0
0	0
0	0
0	0
0	0
0	0
0	0
0	0
0	0
0	0
0	0
0	0
0	0
0	0
0	0
0	0
0	0
0	0
0	0
0	0
0	0
0	0
0	0
0	0
0	0
0	0
0	0
0	0
0	0
0	0
0	0
0	0
0	0
0	0
0	0
0	0
0	51
0	59
2	166
0	68
0	163
0	152
0	164
6	104
2	75
0	89
0	81
8	51
0	46
0	48
0	43
0	69
0	92
0	33
0	0
0	0
0	0
0	0
2067	2611
12	754
0	529
0	2178
0	177
0	370
12	417
0	136
0	105
0	526
0	349
3	1184
4	1169
0	49
6	162
0	62
0	47
0	46
0	24
0	0
0	0
0	0
0	0
0	5
0	10
0	0
0	94
4	82
0	99
29	335
0	111
0	41
0	24
0	3
0	313
0	331
0	0
0	15
0	0
0	106
0	63
0	41
0	0
0	58
0	0
74	137
15	81
2	122
2	99
0	33
0	0
0	0
0	0
0	0
0	0
487	684
0	485
3	644
0	41
0	78
0	41
0	0
0	53
0	9
0	0
0	0
0	0
0	0
0	0
0	0
0	0
0	0
0	0
0	0
0	0
0	0
15	504
56	460
0	10
91	340
7	395
0	16
0	25
0	0
0	0
0	0
0	0
0	0
0	0
73	369
0	395
8	137
0	20
0	67
0	60
0	13
0	0
12	27
0	0
0	0
0	0
0	0
0	0
0	0
0	0
0	0
0	0
0	0
0	0
0	0
0	0
0	0
0	0
0	0
0	0
0	0
0	0
0	0
0	0
0	0
0	0
0	0
0	0
0	0
0	0
0	0
0	0
0	0
0	0
55	217
22	202
0	15
0	6
55	239
0	171
7	239
0	0
0	466
344	3759
0	3293
41	2286
0	2386
0	206
0	9
0	0
0	0
0	0
0	0
0	0
0	0
0	0
0	0
0	0
0	0
0	0
0	0
0	0
0	0
0	0
0	0
0	0
0	0
0	0
0	0
0	0
0	0
0	0
0	0
0	0
0	4
0	4
0	4
10	4
0	1
0	0
0	0
0	0
0	0
0	0
0	0
0	0
0	0
0	0
0	0
0	0
0	0
0	0
0	0
51	4261
0	1099
22	1919
5	4231
0	3521
0	933
0	161
0	3118
0	186
0	0
0	72
0	74
0	57
0	0
0	1
0	0
0	0
0	0
0	0
0	0
4554	43218
74	18743
0	10221
235	1815
15	11646
18	37730
0	3199
34	29839
0	14916
18	20653
4	28313
8	19083
8	36889
0	30813
0	0
0	1345
0	0
0	0
0	0
0	0
0	0
0	0
0	0
0	0
0	0
0	0
0	0
0	0
0	0
18	0
0	0
0	0
0	0
0	0
0	0
0	0
0	0
0	0
0	0
0	0
0	0
0	0
0	0
0	0
0	0
0	0
0	0
0	0
0	0
48	686
0	120
0	450
41	630
4	568
0	199
0	145
0	113
0	136
0	179
0	146
0	289
0	55
0	67
0	0
0	0
0	0
0	0
0	0
0	0
0	0
0	0
0	0
0	0
0	0
0	0
0	0
0	0
0	0
0	0
0	0
0	0
0	0
49	1379
2	1184
22	1432
0	1224
4	1224
124	167
0	593
0	795
0	130
0	152
0	43
0	168
7	122
0	40
0	36
0	26
28	1
0	0
0	0
72	0
9	0
0	0
269	31
0	4
2	23
0	10
0	0
0	0
7	419
0	391
0	182
0	243
0	211
0	0
0	0
0	49
0	34
0	65
0	14
0	0
0	0
0	13
0	11
0	11
0	0
0	0
0	0
0	0
0	0
0	0
0	0
0	0
0	0
0	0
0	0
0	0
0	0
0	0
0	0
0	1
0	171
26	281
0	8
0	125
0	61
0	117
0	0
0	0
52	6808
0	123
0	7041
0	210
53	5978
0	459
8	562
66	0
0	0
0	0
0	0
0	0
0	0
0	0
0	0
0	0
0	0
0	0
0	0
0	0
0	0
0	0
0	0
0	0
0	0
0	0
0	0
0	0
0	0
0	0
0	0
0	0
0	0
0	0
0	0
0	0
0	0
0	0
0	0
0	0
0	0
0	0
0	0
0	0
0	0
0	0
0	0
0	0
234	1538
23	231
9	566
0	18
132	1313
0	16
4	462
0	101
24	464
0	251
0	166
0	209
0	158
0	0
0	0
0	0
0	0
0	0
0	0
0	0
0	0
0	0
0	0
0	0
0	0
0	0
0	0
0	0
0	0
0	0
0	0
0	0
0	0
0	0
0	0
0	0
0	0
0	0
0	0
0	0
0	0
0	0
0	0
0	0
0	0
0	0
0	0
0	0
0	0
0	0
0	0
0	0
0	0
0	0
0	0
0	0
0	0
0	0
0	0
0	0
0	0
0	0
0	0
0	0
0	0
0	0
0	0
0	0
0	0
0	0
0	0
0	0
0	0
0	0
0	0
0	0
0	0
0	0
0	0
0	0
0	0
0	0
0	0
0	0
0	0
0	0
0	0
0	0
0	0
0	0
0	0
0	0
0	0
0	0
0	0
0	0
0	0
29	46
0	37
0	0
0	37
0	39
0	9
0	12
0	0
0	0
0	0
0	0
0	0
0	0
0	0
0	0
0	0
0	0
0	0
0	0
0	0
0	0
0	0
0	0
0	16
0	8
0	17
0	5
0	9
0	0
2	16
0	7
0	18
0	20
0	20
0	7
0	16
0	0
0	1987
9	1836
0	1948
0	1899
537	2180
0	1578
0	2090
0	0
0	0
0	0
0	0
0	0
0	0
0	0
0	0
0	0
195	0
0	0
0	0
0	0
0	0
0	0
0	0
0	0
0	0
0	0
0	0
0	0
0	0
0	0
0	0
0	0
0	0
0	0
0	0
0	0
0	0
0	0
0	0
0	0
0	0
0	0
0	0
0	0
0	0
0	0
0	0
0	0
0	0
0	0
0	0
0	0
0	0
0	0
0	0
0	0
0	0
0	0
0	0
0	0
0	0
0	0
0	0
0	0
0	0
0	0
0	0
0	0
0	0
0	0
0	0
0	0
0	0
0	0
0	0
0	0
0	0
0	0
0	0
0	0
0	0
0	0
0	0
0	0
0	0
0	0
0	0
0	0
0	0
0	0
0	0
0	0
0	0
0	0
0	0
0	0
0	0
0	0
0	0
0	0
0	0
0	0
0	0
0	0
0	0
0	0
0	0
0	0
0	0
0	62
0	0
0	74
0	0
0	0
0	0
0	0
0	0
0	0
0	0
0	0
0	0
0	0
0	0
0	0
0	0
0	0
103	701
0	701
27	225
0	27
282	2018
6	367
18	1
22	93
97	1490
0	545
0	124
0	0
1120	1033
18	582
9	0
755	307
0	83
0	2
0	283
0	51
0	0
0	0
0	0
0	0
0	0
0	0
0	0
0	0
0	0
41	2275
0	201
0	125
0	15
29	2152
0	123
0	93
24	2052
0	109
0	44
0	109
0	107
0	197
15	271
0	53
0	0
0	0
0	0
0	0
0	0
0	0
0	0
0	0
0	0
0	0
0	0
0	0
0	0
0	0
0	0
0	0
0	0
0	0
0	0
0	0
0	0
0	0
0	0
0	0
0	1
3	143
109	168
0	25
0	119
6	45
0	0
0	0
0	0
0	0
0	0
0	0
0	0
0	0
0	0
0	0
0	0
0	0
0	0
18	399
281	550
8	243
0	149
0	149
0	172
0	232
0	188
0	43
0	0
0	1
0	1
0	1
0	1
0	1
0	0
0	0
0	0
0	0
0	0
0	0
0	0
7	0
0	0
0	0
32	0
0	0
0	0
0	29
0	0
0	0
0	0
0	0
0	0
0	0
0	0
41	8
0	4
0	2
0	0
0	4
0	78
0	0
0	0
0	0
0	0
0	0
0	0
107	72
20	0
54	82
0	0
0	0
0	0
1	758
0	0
0	0
0	0
0	0
0	0
0	0
0	0
0	0
0	3
221	313
29	310
16	111
154	2310
0	33
0	215
0	1934
0	2088
0	2088
2	1876
0	505
1	1746
22	1095
0	0
0	11
529	5459
21	1362
31	4625
12	1575
0	234
0	0
0	0
0	0
0	0
0	0
0	0
0	0
0	0
0	0
0	0
0	0
0	0
0	0
0	0
0	0
0	0
0	0
0	0
0	0
0	0
0	0
0	0
0	0
0	0
0	0
0	0
0	0
0	0
0	0
0	0
0	0
0	0
0	0
0	0
0	0
0	0
0	0
0	0
0	0
0	0
0	0
0	0
0	0
0	0
0	0
0	0
0	0
0	0
0	0
0	0
0	0
0	0
0	0
0	0
0	0
342	115
1	48
0	5
0	29
0	10
0	23
0	0
0	0
0	1
0	1
0	0
0	0
0	0
0	0
0	0
0	0
0	0
0	0
0	0
0	0
0	0
0	0
0	0
0	0
0	3
0	2
0	0
1	2
0	0
0	1
0	1
0	1
0	0
0	0
0	1
0	0
0	0
0	0
0	1
0	0
0	0
0	0
0	0
0	0
0	0
0	0
0	0
9	55
0	1
390	122
7	125
0	56
0	42
35	41
0	0
0	0
0	0
570	525
0	326
0	477
0	49
0	31
0	0
0	0
0	256
7	495
1	467
0	477
0	472
0	353
14	110
0	17
0	73
0	78
0	1230
24	882
8	798
0	43
0	0
0	609
0	1114
22	1109
0	0
0	145
313	252
0	127
0	125
0	0
0	1
0	0
10	0
0	0
0	0
0	0
0	0
0	0
0	0
0	0
0	0
0	0
0	0
0	0
0	0
0	0
0	0
0	0
0	0
0	0
0	0
0	0
0	0
0	0
0	0
0	0
0	0
0	0
0	0
0	0
0	0
0	0
0	0
0	0
0	0
0	0
0	0
0	0
0	0
0	0
0	0
0	0
0	0
0	0
0	0
0	0
0	0
0	0
0	0
3	47
23	29
8	44
0	0
142	629
0	181
0	12
1	238
0	70
0	72
0	313
0	0
9	62
816	8121
0	7881
384	7895
208	4735
7	2318
127	375
28	647
99	303
0	31
0	4
697	4
0	0
0	0
0	1
0	0
0	0
0	0
0	0
0	0
0	0
0	0
0	0
0	0
0	0
0	0
0	0
0	0
0	0
0	0
0	0
0	0
0	0
0	0
0	0
0	0
0	0
0	0
0	0
0	0
0	0
0	0
0	0
0	0
0	0
0	0
0	0
0	0
0	0
0	0
0	0
0	0
0	0
0	0
0	0
0	0
0	0
0	0
0	0
0	0
0	0
0	0
0	0
0	0
0	0
0	0
0	0
0	0
0	0
0	1
0	0
0	0
0	0
0	0
0	0
0	0
0	0
0	0
0	0
0	0
0	0
0	326
90	507
3	404
30	319
12	154
2	827
0	71
0	278
2	565
0	69
2	139
0	82
0	812
0	270
0	57
0	0
0	0
0	0
0	0
0	0
0	0
0	0
0	0
0	0
0	0
0	0
0	0
0	0
0	0
0	0
0	0
0	0
0	0
0	0
0	0
0	0
0	0
0	0
0	0
0	0
0	0
0	0
0	0
0	0
0	0
0	0
0	0
0	0
0	0
0	0
0	0
0	0
0	0
0	0
0	0
0	0
0	0
0	0
0	0
0	0
0	0
0	0
0	18
0	11
7	18
0	17
0	11
0	4
0	6
0	5
0	3
0	3
0	3
0	3
0	1
0	3
0	3
0	2
0	1
0	1
0	1
0	0
0	0
0	0
0	0
0	0
0	0
0	8
0	0
0	8
0	9
0	0
0	0
10	9
0	1
0	0
0	0
0	0
0	0
0	0
0	0
0	0
0	0
0	0
0	0
3493	583
32	316
6	358
0	92
0	0
0	0
0	0
0	0
0	0
0	0
0	0
0	0
0	0
195	47
0	47
0	0
294	196
0	42
13	178
0	52
0	70
0	51
0	0
0	0
0	0
0	0
0	0
0	0
0	0
0	0
0	0
0	0
0	0
0	0
0	0
0	0
0	0
0	0
0	0
0	0
0	0
0	0
0	0
0	0
0	0
0	0
0	0
0	0
0	0
0	0
0	0
0	0
0	0
0	0
0	0
0	0
0	0
0	0
0	0
0	0
0	0
0	0
0	0
0	0
0	0
0	0
0	0
0	0
0	0
2	1683
92	1976
1	1815
15	1818
0	557
5	497
4	397
15	209
0	197
17	137
0	58
0	123
0	116
0	59
0	27
0	54
0	2
0	0
0	0
0	0
0	0
0	0
0	0
0	0
0	0
0	0
0	0
0	0
0	0
0	0
0	0
0	0
0	0
0	0
0	0
0	0
0	0
0	0
0	0
0	0
0	0
0	0
0	0
23	407
12	411
0	38
0	104
0	3
0	0
0	0
632	150
0	150
0	0
0	0
1	3181
0	2676
0	2010
168	2327
49	1960
209	1019
0	0
0	0
0	5902
0	5398
0	219
0	2170
0	402
0	224
0	38
27	3378
20	1658
0	43
0	0
0	0
0	0
0	0
0	0
0	0
0	0
0	0
0	0
0	0
0	0
0	0
0	0
0	0
0	0
0	0
0	0
0	0
118	0
510	111
69	111
209	2
36	3
13	1
2060	901
0	161
0	69
2	524
0	566
0	456
12	353
0	186
0	3
0	0
28	0
43	0
0	0
0	0
0	0
0	0
0	0
0	0
0	1769
5	2124
42	2140
0	362
0	328
0	133
1	256
4	225
0	257
0	228
0	143
0	13
0	55
0	37
0	30
2	28
13	62
70	580
28	501
14	127
0	40
0	17
6	185
0	2505
0	2593
6	1239
0	2735
7	1545
12	2834
0	1720
0	1613
1	1670
4	1433
0	900
0	0
0	0
0	0
0	0
0	0
0	0
0	0
0	0
0	0
0	0
0	0
0	0
0	0
0	0
0	0
0	0
0	0
0	0
0	0
0	0
0	0
0	0
0	0
231	531
348	531
1430	635
56	619
0	43
0	304
2	118
0	3848
0	4405
58	4559
0	433
0	2171
63	1714
0	221
96	82
26	78
0	46
0	13
12	0
19	188
19	105
23	1394
429	2988
25	244
59	456
8	2401
7	811
0	83
1	672
0	418
7	175
0	126
0	87
0	113
0	0
0	15
5	17
15	10
3	21
8	68
0	68
0	0
0	52
0	9
0	11
0	3
0	0
0	0
15	0
0	0
0	0
0	0
0	0
0	0
0	0
0	0
0	0
0	0
0	0
0	0
0	0
0	0
0	0
0	5
0	7
0	5
0	4
0	4
0	4
0	3
0	4
0	0
0	3
0	3
0	0
0	2
0	3
0	0
0	2
0	2
0	2
0	2
0	2
0	2
0	2
0	2
0	2
0	2
0	2
0	2
0	0
0	0
0	0
0	0
0	0
0	0
0	0
0	0
0	0
0	1
0	0
0	0
0	0
0	0
0	0
0	0
0	0
0	0
0	0
0	0
0	0
0	0
0	0
0	0
0	0
0	0
0	0
0	0
0	0
0	0
0	0
0	0
0	0
0	0
0	0
0	0
0	0
0	0
0	0
0	0
0	0
0	0
0	0
0	0
0	0
0	0
0	0
0	0
0	0
0	0
0	0
0	0
0	0
0	0
0	0
0	0
0	0
0	0
0	0
0	0
0	0
0	0
0	0
0	0
0	0
0	0
0	0
0	0
0	0
0	0
0	0
23	41
0	193
0	59
42	191
0	0
0	0
0	0
0	0
0	0
0	0
0	0
0	0
0	0
0	0
0	0
0	0
0	0
0	0
0	0
0	0
0	0
0	0
0	0
0	0
0	0
0	0
0	0
0	0
0	0
0	0
0	0
0	0
0	0
0	0
0	0
0	0
0	0
0	0
0	0
0	0
0	0
0	0
0	0
0	0
0	0
0	0
0	0
0	0
0	0
0	0
0	0
0	0
0	0
0	0
0	0
0	0
0	0
0	0
0	0
0	0
0	0
0	0
0	0
0	0
0	0
0	0
0	0
0	0
0	0
0	0
0	0
0	0
0	0
0	0
0	0
0	0
0	0
0	0
0	0
0	0
0	0
0	0
0	0
0	0
0	0
0	0
0	0
42	74
23	173
0	0
0	0
0	0
0	0
0	0
0	0
0	0
0	0
0	0
0	0
0	0
0	0
0	0
0	0
0	0
0	0
29	520
57	127
3	278
0	384
362	423
0	1
0	1
0	0
0	0
0	0
0	0
0	0
0	0
0	0
0	0
0	0
0	0
0	0
0	0
0	0
0	0
0	0
0	0
0	0
0	0
0	0
0	0
0	0
0	0
0	0
0	0
0	0
0	0
0	0
0	0
0	0
0	0
0	0
0	5
0	4153
5	6009
34	4765
0	470
0	4629
0	4888
10	577
0	3062
0	372
0	3995
0	695
0	92
0	2177
17	2204
0	799
0	436
3	1407
0	0
0	787
0	411
0	0
0	1588
0	1423
12	895
0	1202
0	27
21	1063
7	446
37	21
16	1343
16	218
0	90
2	378
1	646
15	859
0	2
0	451
1025	543
0	317
3	96
2	110
53	18
0	17
11	379
0	11
0	63
44	262
0	0
0	0
0	36
0	36
0	1449
0	20
17	1131
0	37
0	1433
0	1186
2	15
1	127
0	47
5	43
0	0
16	164
0	53
0	5
13	216
0	47
0	44
0	4
7	36
0	1
3	35
0	1
0	2
0	13
32	24
0	0
0	0
0	0
59	23
5	23
0	0
35	0
3	0
0	0
16	0
0	1
0	1
0	0
0	0
0	0
0	1
0	1
0	1
0	0
0	0
0	0
0	0
0	0
0	0
0	0
0	0
0	0
0	13
0	163
18	308
82	506
8	436
0	567
4	553
10	555
23	566
6	129
0	6
0	27
0	65
0	119
0	244
0	61
0	13
0	82
0	63
432	263
0	249
0	7
1	160
0	10
0	3
0	4
0	0
0	0
16	0
0	0
0	0
0	0
14	43
0	33
0	4
0	18
0	13
117	85
0	85
0	8
0	36
0	0
0	2
0	0
0	0
0	0
0	0
0	0
0	0
0	0
0	0
0	0
0	0
0	0
0	0
0	0
0	0
0	0
0	0
11	2764
0	1974
29	1307
0	2295
3	1061
1	361
0	723
0	224
0	1
39	528
0	4
0	61
1	482
0	235
0	186
0	33
0	0
0	0
0	0
0	0
0	0
0	0
0	0
0	0
0	4839
14	5535
29	3790
15	405
5	663
20	499
0	0
62	47
0	16
27	0
0	0
0	48
7	217
7	186
0	27
0	4
0	0
0	98
0	11
0	0
0	0
51	520
0	514
20	514
0	518
0	0
967	202
112	202
0	0
0	0
0	0
0	0
0	0
0	0
0	0
0	0
0	0
0	0
0	0
0	0
0	0
0	0
0	0
0	0
0	0
14	1
0	0
0	0
0	0
0	0
0	0
0	0
0	0
0	0
0	0
0	0
0	0
0	0
0	0
0	0
0	0
0	0
0	0
0	0
0	0
0	0
0	0
0	0
0	0
0	0
0	0
0	0
0	0
0	0
0	0
0	0
0	0
0	0
0	0
0	0
0	0
0	0
0	0
0	0
0	0
0	0
0	0
0	0
0	0
0	0
0	0
0	0
0	0
0	0
0	0
0	0
0	0
0	0
0	0
0	69
1474	81
0	12
0	0
0	0
0	0
0	0
0	0
0	0
0	0
405	403
10	312
10	91
13	0
0	0
0	0
0	0
0	0
0	0
1	1683
0	1590
0	1546
164	1192
46	1498
0	364
0	51
29	16
0	5
356	292
27	239
25	258
7	21
0	0
0	0
1446	1977
0	0
1	1595
3	333
0	1560
0	93
0	102
0	0
0	0
0	0
0	0
0	0
0	0
0	0
0	0
0	0
0	0
0	0
0	0
0	0
0	0
0	0
0	0
0	0
0	0
0	0
0	0
0	0
0	0
0	0
0	0
0	0
0	0
0	0
0	0
0	4
0	0
0	567
0	778
0	20
0	73
0	70
9	764
0	15
0	782
0	107
0	44
0	1
0	20
1	686
0	19
0	81
0	44
0	50
0	9
0	9
0	0
5	119
0	0
16	271
0	112
0	160
0	188
0	210
0	9
0	51
0	36
0	0
0	0
0	0
0	0
0	0
0	0
0	0
0	0
0	0
0	0
0	0
5	15
0	15
0	0
0	0
0	0
0	0
0	0
0	0
0	0
0	0
0	0
0	0
0	0
0	0
0	0
0	0
0	0
0	0
0	0
0	0
0	0
0	0
0	0
0	0
0	0
0	0
0	0
0	0
0	0
0	0
0	0
0	0
0	0
0	0
0	0
0	0
0	0
0	0
0	0
0	0
0	0
0	0
0	0
0	0
0	0
0	0
0	0
0	0
0	0
0	0
0	0
0	0
0	0
0	0
0	0
38	176
3	180
4	124
0	43
0	39
0	31
2	45
0	0
20	7499
388	7104
42	5677
0	923
399	481
0	14
0	1245
10	2110
0	0
95	2102
2	6554
0	5880
0	764
0	360
27	1699
0	788
0	0
0	0
390	126
0	84
0	86
0	128
0	46
0	0
0	0
0	0
0	0
36	0
29	1424
0	66
81	1599
20	1362
458	1763
0	1
4	156
0	156
0	37
0	33
0	856
0	249
0	134
0	7
15	179
0	0
0	0
0	0
0	0
0	0
0	0
0	0
0	0
0	0
0	0
0	0
0	0
0	0
0	0
0	0
0	61
2593	238
0	0
0	177
0	1
0	0
0	0
2923	1189
0	1091
0	135
0	184
0	88
0	9
0	0
0	0
0	0
0	0
0	0
0	0
0	0
0	0
0	0
0	0
0	0
0	0
0	0
0	0
0	0
0	0
0	0
0	0
0	0
0	0
0	0
0	0
0	0
0	0
0	0
0	0
0	0
0	0
0	0
0	0
0	0
0	0
0	0
0	0
0	0
0	0
0	0
0	0
0	0
0	0
0	0
0	104
0	150
0	3349
4	2861
20	1545
0	133
14	2344
2	1979
0	24
0	32
0	149
0	13
0	21
0	11
0	62
0	285
1	332
0	0
0	26
7	111
7	1014
0	64
0	7
0	90
1	155
2	0
0	0
0	0
0	0
0	0
137	24021
0	0
0	0
0	0
40	163
0	2
1130	261
0	19
6	96
0	0
686	227
52	111
15	89
0	12
0	0
2	22
0	1
0	0
0	5
0	41
0	0
0	0
0	0
0	0
0	0
0	0
0	0
0	0
0	0
0	0
0	0
0	0
0	0
0	0
0	0
0	0
0	0
0	0
0	0
0	0
0	0
0	0
0	0
0	0
0	0
0	0
2734	0
0	10
0	28
3	28
0	4
0	0
0	0
0	0
0	0
0	0
13	28
0	28
0	17
0	16
0	5
0	0
0	0
0	0
0	0
0	0
0	2
0	2
0	0
0	63
0	0
0	2
2	7977
854	7977
0	0
0	0
0	0
0	0
0	0
0	0
0	0
0	0
0	298
0	224
0	127
0	0
0	0
0	0
0	0
0	0
0	0
0	0
0	0
0	0
0	0
0	0
0	0
0	0
0	0
0	0
0	0
0	0
0	0
0	0
0	0
0	0
0	0
0	0
0	0
0	0
0	0
0	0
0	0
0	0
0	0
0	0
0	0
0	0
0	0
0	0
0	0
0	0
0	0
0	0
0	0
0	0
0	0
0	0
0	0
0	0
0	0
0	0
0	0
0	0
0	0
0	0
0	0
0	0
0	0
0	0
0	0
0	0
0	0
0	0
0	0
0	0
0	0
0	0
0	0
0	0
0	0
0	0
0	0
0	0
0	17
0	0
0	0
0	0
0	0
0	0
0	0
0	0
0	0
0	118
0	0
94	5
20	0
2	118
0	2
0	0
0	0
0	0
0	0
0	0
0	4
0	4
0	4
0	0
0	4
0	0
0	0
0	0
2	64
0	0
0	0
0	0
0	0
0	0
0	0
0	0
0	0
0	0
0	0
0	0
0	0
0	0
0	0
0	0
0	0
0	0
12	1
0	0
0	0
0	1
0	0
0	57
0	0
0	0
0	0
0	0
0	0
0	0
0	0
0	0
0	0
0	0
0	0
0	0
0	0
0	0
0	0
0	0
0	107
0	0
0	0
0	0
0	9
0	0
0	0
0	0
0	0
0	0
0	0
0	0
0	0
0	0
0	60
0	0
0	0
0	0
0	0
0	0
0	0
0	0
0	0
0	0
0	0
0	0
0	0
0	0
0	0
0	0
0	0
0	0
0	0
0	0
0	0
0	0
0	0
0	0
0	0
0	0
0	0
0	0
0	0
0	0
0	0
0	0
0	0
0	0
0	0
0	0
0	0
0	0
0	0
0	0
0	0
0	0
0	0
0	0
0	0
0	0
0	0
0	0
0	0
0	0
0	0
0	0
0	0
0	0
0	0
0	4
7	4
0	0
0	0
0	0
0	0
3	1602
0	1569
0	1540
18	1648
0	114
0	256
0	1
5	1
3	168
0	32
0	107
0	62
0	26
0	68
0	32
0	124
0	62
1	267
11	64
0	287
0	59
0	0
55	705
0	623
0	105
0	40
0	41
0	95
0	14
0	125
0	103
8	453
0	0
0	0
8	23
0	2
0	1
0	7
0	3
0	0
0	0
0	0
0	0
5	14
0	4
0	0
0	0
0	0
0	0
0	0
0	0
0	0
0	0
0	0
0	0
0	0
0	0
0	0
0	0
0	0
0	0
0	0
0	0
0	0
1427	317
0	315
0	21
0	0
13	0
0	0
1	868
72	871
0	369
0	13
0	38
3	56
0	25
0	0
0	0
941	2204
16	1121
0	866
1	924
100	873
0	622
0	140
0	0
0	0
0	2
267	5113
65	4396
16	1438
1981	6383
591	3802
4	5697
337	4723
0	225
483	3881
26	826
470	916
9	2107
203	674
0	0
0	0
0	0
0	0
0	0
0	0
0	0
0	0
0	0
0	0
0	0
0	0
0	0
0	0
0	0
0	0
0	0
0	0
1	5
0	0
6	0
137	5204
0	413
49	5470
0	93
113	4866
2	4819
123	4897
13	3901
0	420
0	165
0	0
0	1
0	133
3	813
25	914
15	901
0	0
0	0
26	21
0	17
0	15
0	1
0	1
0	1
0	0
0	0
0	0
0	0
0	0
0	0
0	0
0	0
1	133
0	125
0	88
1	88
3	62
5	80
0	25
0	25
0	16
0	116
0	0
0	0
0	0
0	0
0	0
0	0
0	0
0	0
0	0
0	0
34	39
0	16
126	44
0	40
8	4
0	0
0	0
1	75
0	7
0	5
0	2
0	6
0	47
0	73
0	6
0	15
0	53
0	0
0	5
0	5
0	5
0	49
0	0
0	7
0	0
0	3
0	7
0	0
0	47
0	0
0	2
0	5
0	4
0	3
0	0
0	0
0	0
0	0
0	0
0	0
0	0
0	0
0	0
0	0
0	0
0	0
0	0
0	0
148	593
20	379
56	292
0	293
0	81
0	0
0	319
11	72
320	1199
0	359
12	456
0	129
56	518
0	1400
140	1507
0	1266
0	1269
0	760
1	1057
0	1063
0	518
129	16
0	15
17	135
0	0
0	0
0	0
0	0
0	0
0	0
0	0
0	11
0	10
0	9
0	12
0	11
0	4
0	8
0	6
0	151
1	161
0	28
0	25
0	12
0	13
0	7
0	4
0	4
0	3
0	2
0	2
0	0
0	0
0	0
0	1
0	7
0	2
0	2
0	0
0	0
0	0
0	3
0	0
10	7
0	2
0	0
0	0
0	0
0	0
0	0
0	0
0	0
0	0
0	0
0	0
0	0
0	0
0	0
0	0
0	0
0	0
0	0
0	0
0	0
0	0
0	0
0	0
0	0
0	0
0	0
0	0
0	0
0	0
0	0
0	0
0	0
0	0
0	0
0	0
0	0
0	0
0	0
908	20
0	19
0	1
0	0
12	454
0	532
24	733
7	430
0	148
0	218
0	323
0	143
0	38
0	0
10	226
0	185
0	192
0	166
0	67
0	94
0	24
0	46
0	56
0	78
0	23
0	0
0	0
0	0
0	0
0	0
0	0
0	0
0	0
0	0
0	0
0	0
0	0
0	0
0	0
0	0
0	0
0	0
0	0
0	0
0	0
0	0
0	0
0	0
0	0
92	0
36	40
28	40
0	0
0	0
91	3043
38	2863
0	267
0	935
0	45
0	0
90	615
0	40
0	0
2	0
0	148
1	148
0	127
0	139
0	3
49	25
0	4
0	3
0	2
0	22
0	5
0	4
0	3
0	7
0	6
0	0
0	0
0	0
0	0
776	2034
0	88
24	823
2	1951
1	1807
0	117
0	49
0	84
0	0
0	0
266	548
2	307
36	484
0	9
4	149
0	120
0	103
0	0
0	0
0	0
0	0
0	0
0	0
0	0
0	0
0	0
0	0
0	0
0	0
0	0
0	0
0	0
0	0
0	0
0	0
0	0
0	0
0	0
0	0
0	0
0	0
0	0
0	0
0	0
0	0
0	0
0	0
0	0
0	0
0	0
0	0
0	0
0	0
0	0
0	0
0	0
0	0
0	0
0	0
0	0
0	0
0	0
0	0
0	0
0	0
0	0
0	0
0	0
0	0
0	0
0	0
0	0
0	0
0	0
0	0
0	0
0	0
0	0
0	0
0	0
0	0
0	0
0	0
0	0
0	0
0	0
189	845
0	787
0	816
0	15
0	45
0	43
0	19
21	83
0	77
0	56
0	0
0	0
0	0
0	0
0	0
0	0
0	0
0	0
0	0
0	0
0	0
0	0
0	0
0	0
0	0
0	0
0	0
0	0
0	0
0	0
0	0
0	0
0	0
0	0
0	0
0	0
0	0
0	0
0	0
0	0
0	0
0	0
0	0
0	0
0	0
0	0
0	0
0	0
0	0
0	0
0	0
0	0
0	4
0	0
0	0
0	0
0	0
0	0
0	0
0	0
0	0
0	0
0	31
0	44
0	49
149	306
0	248
0	165
0	110
0	0
95	63
0	51
0	7
0	0
0	5
595	386
5	337
0	0
0	208
0	240
0	79
0	102
0	10
0	13
0	0
9653	28423
125	143
120	762
0	8917
27286	24501
33329	11133
0	0
19	3
0	3
0	0
0	0
0	0
0	0
0	0
0	0
0	0
0	0
0	0
0	0
0	0
0	0
0	0
0	0
0	0
0	0
0	0
0	0
0	0
0	0
0	0
0	0
0	0
0	0
0	0
0	0
1327	2123
0	1277
0	1178
34	1536
2	512
0	0
0	71
0	0
0	0
0	5
0	0
0	31
1186	316
0	287
0	84
1	217
0	403
110	584
0	149
13	473
0	49
8	181
0	0
0	0
0	0
0	0
0	0
0	0
0	0
0	0
0	0
0	0
0	0
0	0
0	0
0	0
0	0
0	0
0	0
0	117
0	0
0	0
249	390
10	186
0	261
40	267
0	215
0	213
0	86
0	49
0	51
0	14
0	2
0	4
0	3
0	4
0	9
0	3
0	3
0	4
0	0
0	0
0	0
0	0
0	0
0	0
1	16
3	16
4	3
0	0
0	0
0	0
0	6
0	6
0	0
0	0
0	0
0	0
0	0
0	0
32	1
7	1
0	0
0	0
0	0
0	138
4	441
0	12
1	391
0	52
1	174
2	459
24	537
12	537
0	47
16	88
0	34
0	1
0	39
0	34
0	0
8	9
13	201
0	10
0	3
6	201
0	0
0	0
0	0
45	163
0	318
17	4120
28	4056
0	99
0	99
24	484
0	548
0	130
0	0
0	0
0	18
58	62
10	58
0	2
78	1142
17	1141
38	938
0	85
0	259
17	415
0	0
0	0
59	72
8	37
0	9
0	32
0	27
51	730
0	0
0	0
491	7198
2	7598
0	690
6	6958
0	5859
82	5382
0	2790
0	2250
0	287
0	735
613	57
0	29
35	90
0	13
0	51
0	28
0	0
0	0
0	256
0	298
17	2752
51	2683
42	2681
0	7
0	18
19	0
0	94
1	278
0	92
0	0
0	0
0	0
0	0
0	0
0	0
0	0
0	0
0	0
0	0
0	0
0	0
0	0
0	0
0	0
0	0
0	0
0	0
671	390
2	342
0	22
250	48
133	0
0	0
0	0
0	0
0	0
0	0
0	0
0	0
21	0
0	0
113	102
5	91
0	59
0	58
0	26
0	0
0	0
0	0
0	54
2	678
0	654
0	26
0	12
0	31
18	28
0	0
0	12
0	0
0	513
57	766
0	11
0	11
0	74
0	641
0	69
0	29
11	633
0	705
0	35
5	508
0	0
0	0
0	0
0	0
0	0
0	0
0	0
0	0
0	0
0	0
0	0
0	0
0	0
0	0
0	0
0	0
0	0
0	0
0	0
0	0
0	0
0	0
0	0
0	0
0	0
0	0
0	0
0	0
0	0
0	0
27	87
0	54
0	1
0	2
0	2
0	13
0	22
747	113
6	111
0	0
0	0
0	0
0	0
0	0
0	0
0	0
0	0
0	0
0	0
0	0
1	313
4	454
10	316
0	478
0	353
0	315
0	126
0	145
0	185
0	156
13	151
0	21
21	148
0	0
0	0
0	0
0	0
0	0
0	0
0	0
0	863
0	381
73	1580
21	1028
0	548
0	199
0	0
0	0
0	0
0	0
0	0
0	0
25	65
0	69
0	67
0	19
0	8
0	8
0	3
0	0
0	0
0	0
0	0
0	0
0	0
1	0
1	0
0	0
0	0
0	0
0	13
34	13
0	12
0	0
0	0
0	0
0	0
0	0
0	0
0	0
0	0
0	0
0	0
0	0
0	0
0	0
0	0
0	0
0	0
0	0
0	0
0	0
0	0
0	0
0	0
0	0
0	0
0	0
0	0
0	0
0	0
0	0
0	0
0	0
0	0
0	0
0	0
0	0
0	0
0	0
0	0
0	0
0	0
0	0
0	0
0	0
0	0
0	0
0	0
0	0
0	0
0	0
0	0
0	0
0	0
0	0
0	0
2	1061
0	1009
0	1015
0	78
0	30
136	2202
0	187
34	1711
56	415
0	100
0	221
0	77
2	215
0	34
0	0
0	125
7	120
0	8
0	10
0	6
0	0
0	0
0	0
0	0
0	0
20	498
0	643
0	888
0	749
0	847
0	788
0	762
0	469
0	413
0	65
0	57
0	166
0	6
0	61
0	139
0	57
0	90
0	1
0	50
0	10
14	40
0	2
0	2
0	2
0	0
0	0
0	0
0	0
0	0
0	0
0	0
0	0
0	0
0	0
0	0
0	0
0	0
0	0
0	0
0	0
0	0
0	0
0	0
0	0
0	0
0	0
0	0
0	0
0	0
0	0
0	0
0	0
11	1850
0	1842
0	1773
0	660
0	685
0	579
0	82
0	84
0	27
0	0
0	356
0	0
0	33
0	0
0	0
0	110
0	0
0	0
0	0
0	0
0	0
0	0
0	0
0	0
0	0
0	0
0	0
0	0
0	0
0	0
0	0
0	0
0	0
0	0
0	0
0	0
0	0
0	0
0	0
0	0
0	7690
0	0
0	0
0	0
0	0
324	176
3	175
0	1
0	0
0	0
0	13
0	16
0	9
0	2
2	12
0	2
3	9
0	1
0	0
0	1
0	0
0	476
5	461
0	484
0	465
0	229
0	39
0	2
0	17
0	0
0	0
0	0
10	0
0	0
0	0
0	0
0	0
0	0
187	2727
41	2667
0	2736
26	1859
0	1816
0	0
0	299
30	480
11	269
0	0
0	0
0	0
0	0
0	0
0	0
0	0
0	0
0	0
0	0
0	0
0	0
0	0
0	0
3	161
0	27
0	150
0	0
0	20
0	9
0	8
0	12
0	16
0	38
0	25
0	2
0	26
0	13
0	12
0	0
0	0
0	0
0	0
0	0
0	0
0	0
0	0
0	0
0	0
0	0
0	0
0	0
0	0
0	0
0	0
0	0
0	0
2	273
3	269
1	228
0	127
0	127
2	101
0	89
0	95
0	95
0	63
0	92
0	51
0	64
0	16
0	12
0	12
0	8
0	12
0	0
0	2
24	11
0	15
0	2
0	14
2	12
0	7
0	4
0	3
0	0
0	0
0	0
0	0
0	0
0	0
0	0
0	0
0	0
0	2
0	0
0	0
0	0
29	0
319	390
0	390
0	331
0	0
0	16
0	70
0	0
0	0
0	0
0	8
1	8
0	8
0	2
0	1
0	1
0	0
0	0
9	195
0	209
0	195
1	139
0	181
0	183
0	59
0	21
0	8
0	34
0	42
0	26
0	4
0	0
319	252
0	204
0	161
0	194
0	0
0	0
0	0
909	352
3	346
0	7
0	0
0	0
179	0
0	0
0	92
0	0
0	0
0	0
0	0
0	0
0	0
0	0
0	0
0	0
0	0
0	0
0	0
0	0
0	0
0	0
0	0
0	0
13	2208
0	58
855	2207
0	733
0	1964
0	310
0	79
4	2070
0	21
0	2
966	566
35	48
1	517
8	400
0	469
0	72
0	655
0	8
44	1094
0	81
0	853
0	40
0	2
0	0
7	389
0	5
0	2
0	387
0	87
0	0
0	73
0	0
0	0
0	2
0	3
0	1
0	93
0	0
0	0
0	0
0	0
0	0
0	0
0	0
0	0
0	0
0	0
0	0
0	0
0	0
0	0
0	0
0	0
0	0
0	0
0	0
0	0
1027	68
9	67
7	9
0	3
91	358
12	224
0	108
0	16
0	134
0	0
0	0
0	0
2	53
2	50
0	7
0	2
0	14
0	15
0	0
0	6
0	0
0	0
0	0
0	0
3	482
8	528
0	470
6	437
2	270
0	66
0	60
0	59
0	130
5	156
0	0
0	91
0	0
3	112
37	52
0	0
0	0
10	128
0	1071
0	1008
44	1142
0	106
0	132
0	984
0	959
0	81
0	351
9	322
0	129
0	189
5	140
13	180
68	74
0	70
0	69
0	1
0	4
0	16
0	3
0	0
3	231
19	166
0	133
0	194
0	27
0	135
0	39
0	33
0	31
10	58
0	40
0	31
264	39
0	0
109	49
23	49
0	926
0	876
11	19
26	263
0	363
0	40
13	243
0	120
0	29
0	45
0	0
0	0
38	3145
0	3215
0	29
0	1025
0	3021
0	2338
3	2158
0	2174
0	2212
0	0
0	7
2	92
20	203
0	14
0	5
0	182
0	16
0	0
0	141
0	123
146	1636
0	13
14	54
15	846
0	1020
39	586
0	993
33	1646
4	37
30	409
53	1174
22	87
0	186
0	97
0	3
0	0
0	0
0	0
0	0
0	0
5	10
0	0
0	0
0	0
0	0
0	0
0	0
0	0
0	0
0	1
0	0
0	10
0	0
0	8
0	0
0	0
0	9
0	1
0	1
0	0
0	7
0	0
0	0
0	0
664	4
0	4
0	0
0	0
0	0
0	0
0	0
0	0
0	0
0	0
0	0
0	0
0	0
0	21
0	0
0	0
0	0
0	0
0	0
0	0
0	0
0	0
0	0
0	0
0	0
0	0
682	944
0	940
0	8
0	116
0	32
0	78
0	67
21	601
0	69
0	602
0	3
0	160
0	603
0	81
0	597
0	161
0	0
0	0
0	0
0	0
0	0
0	0
0	0
0	0
0	0
0	0
0	0
0	0
89	1397
1	1295
31	141
0	2
0	35
23	632
0	77
0	61
18	194
0	8
0	0
0	0
275	1005
1	937
0	297
0	737
0	249
58	352
26	63
0	0
44	0
83	708
10	643
5	88
0	119
12	258
0	42
123	292
0	10
4	293
0	1
0	2
0	326
0	271
0	28
0	596
0	187
0	2
0	20
0	22
0	256
0	429
7	161
0	109
14	722
0	263
40	285
0	285
12	161
4	138
0	130
53	13
0	17
0	0
0	0
0	0
88	579
1	210
37	884
52	355
89	162
5	1182
146	1520
3	1182
0	711
0	583
1	472
0	440
4	343
0	13
0	1126
0	17
0	1109
0	1112
4	52
1	881
0	153
6	1134
0	1099
7	1153
0	212
0	226
21	1126
3	796
0	1034
0	839
0	169
0	149
0	185
0	69
0	64
0	77
0	104
0	96
0	6
0	46
0	40
0	44
0	0
0	0
0	0
0	0
0	0
3	214
5	75
1	182
0	40
0	29
0	0
0	0
0	289
0	70
0	606
0	418
4	261
41	1165
0	260
11	1017
0	7
0	905
0	141
0	266
0	0
0	186
21	36
1	9
0	6
0	0
9	187
0	137
0	1
0	179
0	1
4	35
0	88
0	150
0	1
0	108
1	110
0	7
0	217
0	83
0	2075
0	665
0	1813
0	1729
1	1467
1	1180
0	1179
0	740
0	1255
0	1056
0	37
0	448
1	26
2	730
0	31
0	100
0	0
0	0
1	239
0	34
0	184
0	1
0	186
0	832
1	262
0	877
8	667
22	101
0	9
0	0
0	28
0	2
0	1
0	115
0	1
0	163
0	1
0	88
0	1
0	150
0	110
0	223
0	18
0	115
0	853
3	2082
4	687
0	1729
0	1764
0	1258
0	83
2	110
8	235
0	265
0	269
0	265
0	245
0	214
0	7
0	0
0	0
36	1233
0	26
0	893
0	1087
0	694
0	259
73	374
3	413
9	283
0	575
6	161
0	0
0	3
0	4
0	28
1	188
0	30
10	105
0	1
0	116
0	1
0	0
0	0
0	0
0	0
0	0
0	0
0	0
0	0
0	0
16	1432
0	222
0	675
0	216
6	923
13	923
0	0
0	0
0	787
14	1695
1786	1996
0	1087
0	214
0	579
7	484
25	213
10	544
0	0
0	0
0	0
0	0
0	0
54	10
0	0
0	10
0	9
0	10
0	0
477	17042
52	17008
79	12728
0	897
12	6417
0	4974
0	0
31	1523
0	2080
0	2955
22	263
0	270
0	219
0	345
0	46
0	44
0	0
0	247
0	281
155	365
0	105
0	24
0	278
17	317
6	213
0	116
0	206
0	45
0	167
0	0
0	0
0	0
0	0
0	0
0	0
0	0
0	0
0	0
0	0
0	0
0	3
0	0
0	0
0	2
2330	1788
0	87
0	278
0	1400
0	7
62	120
15	1735
0	177
0	34
0	87
0	142
0	190
3	283
0	209
0	0
0	0
0	0
0	0
12	17
0	3
0	14
0	6
0	0
0	0
0	2
0	0
0	0
0	0
0	0
0	0
0	0
0	0
0	0
0	0
0	0
0	0
0	0
0	0
0	0
0	0
0	0
0	0
0	0
0	0
0	0
0	0
0	0
0	0
0	0
0	0
782	13207
0	92
5	8397
19	9554
124	11126
1	392
18	6813
0	1278
0	2192
0	19
78	393
0	59
7	86
0	172
0	15
0	280
14	15
4	98
0	17
10	452
42	438
0	22
0	276
0	1
3	230
0	25
0	0
0	131
0	140
0	137
0	0
0	141
0	138
0	0
2	108
0	6
0	0
0	29
0	46
0	6
0	14
0	0
0	0
0	0
0	0
0	0
0	0
0	0
0	0
0	0
0	0
0	0
0	0
8	797
0	778
0	754
0	37
0	339
0	88
0	8
0	3422
6	4063
11	1373
0	514
0	143
8	1590
0	1117
0	0
0	770
0	627
0	483
0	6
0	24
40	2722
9	2109
29	2234
1	454
0	305
0	21
0	1383
0	32
0	496
0	174
0	0
0	1740
568	2669
15	744
389	1268
0	219
0	1012
0	1017
0	1008
0	1012
0	7
0	3
0	0
0	0
0	0
0	0
0	0
0	0
0	0
0	0
0	0
0	0
0	0
0	0
0	0
0	0
0	0
0	0
0	0
0	0
0	16021
3146	19377
169	17625
0	948
0	880
0	0
127	2601
0	544
0	412
0	1513
0	931
97	1282
44	1264
0	283
2	443
0	1
0	488
36	1003
0	143
0	515
0	451
2	903
3	769
0	815
1	824
0	791
0	719
0	627
0	623
0	42
77	540
0	259
0	448
0	530
0	90
0	386
0	408
0	20
0	224
0	11
0	40
0	5
0	0
0	1
47	891
0	540
0	523
14	762
0	31
17	112
8	235
0	323
27	849
0	267
0	319
0	574
0	474
6	563
0	77
0	1
0	0
0	0
0	54
7	0
0	0
0	0
0	0
0	0
11	320
0	269
5	203
0	263
0	30
0	98
0	20
0	36
0	57
0	14
0	14
0	15
0	39
0	3
0	0
0	0
0	0
0	0
0	0
0	0
0	0
0	0
0	0
0	0
0	0
0	0
0	0
0	0
0	506
0	0
0	0
0	0
0	0
26	1621
1	658
0	1242
0	1607
0	13
0	367
0	959
0	71
0	960
0	1
0	19
0	40
0	16
0	77
0	18
19	591
0	4
0	138
0	87
0	0
0	0
0	0
0	0
0	0
226	0
0	0
0	0
0	0
0	0
0	0
0	0
0	0
0	0
0	0
0	0
0	0
0	0
0	0
0	0
0	76
1160	1096
0	272
0	249
16	961
96	5
0	0
0	0
0	4
0	0
0	0
0	3
0	0
0	0
0	0
0	0
0	0
0	0
0	0
0	0
0	0
0	0
0	0
0	0
0	0
0	0
21	5
0	3
0	4
0	3
0	3
0	0
0	5
0	0
0	0
0	2
0	0
0	0
0	0
0	0
0	0
0	2
0	0
0	0
0	0
0	0
0	0
0	0
0	0
0	2
0	0
0	0
0	0
0	0
0	0
0	11
0	0
0	0
0	2
0	13
0	13
5	14
0	8
0	5
0	1
0	0
0	8
1	7
0	0
0	134
0	1
284	1148
16	705
25	795
26	776
0	153
0	155
0	431
0	64
0	310
0	184
3	291
0	56
21	294
0	173
1	184
0	319
0	295
0	210
0	194
0	86
0	180
0	82
0	68
0	86
0	95
0	0
16	6360
0	0
0	0
599	1719
0	1256
0	1256
23	687
8	287
0	662
0	726
0	465
0	0
0	3
0	0
87	2699
131	2699
6	600
0	11
0	148
0	114
11	290
0	111
0	0
0	0
0	0
0	0
0	0
0	0
0	0
124	0
23	615
5	163
0	199
0	17
0	10
7	477
0	179
8	507
0	532
0	14
0	37
0	56
0	34
0	0
0	0
0	0
0	0
0	0
238	88
0	13
8	75
0	67
0	12
0	0
0	0
0	0
0	0
0	0
0	0
0	0
0	0
0	0
0	0
0	0
0	0
0	0
0	0
0	0
0	0
0	0
0	0
0	0
0	0
0	0
0	0
0	0
0	0
0	0
0	0
0	0
0	0
0	0
0	0
468	4
0	4
35	488
1033	244
0	94
0	127
0	106
8	159
0	0
0	0
0	0
0	269
7	1819
49	1552
0	1440
0	1032
0	145
0	164
0	1586
0	13
0	130
0	99
17	0
0	1
0	160
3	126
0	103
0	16
0	11
3	11
0	2
0	0
0	0
0	0
6	379
0	452
0	222
0	49
0	0
0	1
0	24
0	24
0	0
0	1
0	0
0	0
0	0
0	0
0	0
0	175
0	149
0	175
765	185
0	1
0	25
0	10
0	0
0	0
0	0
0	0
0	0
0	0
0	0
0	1
0	53
2	8
0	0
0	373
4	372
4	372
5	198
0	11
0	112
0	0
0	14
3	215
0	15
0	0
27	150
0	14
0	0
0	0
0	0
0	0
0	0
0	0
0	0
0	0
0	0
0	0
0	0
0	0
0	0
2120	2719
1	2233
5	1771
33	1879
0	844
1	696
0	0
0	0
0	0
3173	314
0	0
0	254
0	0
0	0
0	0
0	0
0	1
0	1
0	0
0	0
0	0
0	0
0	0
0	0
0	0
0	2
38	4
0	43
3	44
0	39
0	6
0	0
0	0
0	0
0	0
0	0
0	0
0	0
0	0
0	0
0	0
0	0
0	0
0	0
4	363
42	752
34	748
2	394
9	728
2	437
0	39
0	133
0	282
0	0
0	0
0	0
0	0
140	725
0	679
0	319
0	458
0	381
0	347
0	247
46	491
0	346
0	84
0	77
0	199
1	280
0	113
7	222
0	211
24	208
0	49
0	0
0	3
0	0
0	0
1	9
28	115
0	0
15	112
0	6
0	33
0	38
0	0
4	271
0	0
0	0
0	125
0	0
0	0
0	0
750	26727
0	24773
0	25340
20	7297
0	13291
3732	23829
41	20175
13	623
128	91
8	72
0	63
32	20
0	56
0	9
0	0
0	0
0	0
0	0
0	0
0	0
0	0
0	0
0	0
0	0
13	0
359	1060
2	1055
33	391
19	272
5	203
30	195
0	0
0	496
15	600
21	386
0	517
0	577
0	357
0	0
0	0
0	0
1	136
0	3
0	58
0	135
0	39
0	54
0	17
0	23
0	2
0	100
0	2
0	5
0	0
0	3
0	0
0	0
0	0
0	0
0	0
0	0
0	0
0	0
0	0
0	0
0	0
0	0
0	0
0	0
0	0
0	0
0	0
0	0
0	0
0	0
0	0
0	0
0	0
0	0
0	0
0	0
0	0
0	0
0	0
0	0
0	0
0	0
0	0
0	0
0	0
0	0
0	0
0	0
0	0
0	0
0	0
0	0
0	0
0	0
0	0
0	0
0	0
0	0
509	1849
474	997
0	496
0	611
90	305
0	188
0	1151
0	0
0	0
0	0
0	0
0	0
0	64
0	0
0	0
0	0
0	0
0	11
30	11
0	1882
34	2178
73	2296
0	1882
0	1903
0	437
0	0
0	0
4	583
0	0
0	8
33	224
0	115
4	439
64	720
17	623
0	171
0	473
0	118
0	112
0	86
0	0
0	0
0	0
17	375
4	555
62	499
0	685
6	492
0	258
0	432
0	28
0	205
0	200
0	48
0	96
0	57
0	3
0	0
0	0
10	0
0	5
0	7
24	3
0	14
0	0
3	9
33	0
12	43
0	4
83	41
0	0
0	0
0	0
0	0
0	0
0	0
0	0
0	0
0	0
0	0
0	0
0	0
0	0
0	0
0	0
0	0
0	0
0	0
0	0
0	0
0	0
0	0
0	0
0	0
0	0
0	0
0	58
0	0
0	0
2	6346
16	6151
11	6098
122	6583
7	6232
0	4907
0	5223
0	4087
0	4550
0	5223
2	4406
1	4507
0	3616
0	3884
0	2581
0	3475
0	2968
0	2825
0	571
0	984
5	1085
0	1506
0	1116
0	247
0	65
0	937
1	778
0	0
19	669
2	1122
5	549
0	761
0	738
3	726
0	0
0	0
13	572
0	0
0	0
0	0
7	826
0	0
17	74
0	0
0	54
0	0
0	0
0	0
0	0
0	0
0	0
0	0
0	8
0	0
0	0
0	0
0	0
38	10
0	0
0	5
0	0
0	0
0	0
0	8
0	4
22	0
0	6
0	0
0	0
0	0
0	0
0	0
0	0
0	0
0	0
0	0
0	0
0	0
0	0
0	0
0	0
0	0
13	386
74	284
12	174
161	212
26	213
5	103
0	0
0	0
301	25
9	25
0	0
0	36
0	124
0	82
0	575
17	548
10	55
4	554
73	675
0	240
0	60
0	0
0	0
0	0
0	10
0	10
0	0
0	0
0	0
0	0
0	8
0	0
5	10
0	1
0	1
0	9
0	7
0	5
0	5
0	0
0	0
0	0
0	0
0	0
0	0
0	0
0	0
0	0
0	0
0	0
0	0
0	0
0	0
0	0
0	0
0	0
0	0
0	0
0	0
0	0
0	0
0	0
0	0
0	0
0	0
0	0
0	0
0	0
0	0
0	0
431	175
0	110
0	25
0	13
0	24
0	21
0	9
12	121
33	121
0	42
0	0
0	0
0	0
0	0
0	0
0	0
0	0
0	0
0	0
0	0
0	0
0	0
0	0
0	0
0	0
0	0
0	0
0	0
0	0
0	0
0	0
0	0
0	0
0	0
0	0
0	0
0	0
0	0
0	0
0	0
0	0
0	0
0	0
0	0
0	0
0	0
0	0
0	0
0	0
0	0
0	0
300	276
0	178
0	111
1	200
12	128
0	19
0	24
0	116
0	79
0	0
1	9165
22	0
0	0
20	0
0	11
20	5
10	6
0	0
0	0
0	0
0	0
0	0
0	0
1685	1634
20	407
0	47
0	136
0	123
41	1219
0	14
0	0
34	94
61	903
25	910
1	754
0	737
10	0
12	749
0	493
2	605
19	405
0	191
0	123
0	106
0	6
0	47
0	35
0	67
0	2
0	0
0	0
0	0
0	0
0	0
0	0
0	0
0	0
0	0
0	0
0	0
0	0
0	0
1366	1844
0	178
0	238
11	131
0	166
0	368
1	36
0	202
0	178
0	1051
0	28
0	152
0	203
0	151
0	46
0	0
43	99
0	86
52	2
3	88
0	12
1	0
2	34
9	30
0	2
0	39
0	27
0	1
0	1
0	0
0	0
0	0
0	0
0	0
0	0
0	0
0	0
0	0
0	0
0	4
0	68
0	18
0	10
252	176
0	6
0	0
0	26
0	77
0	40
0	8
0	9
0	28
0	0
0	15
0	623
0	0
546	1027
52	898
28	393
0	628
188	612
0	0
0	0
0	0
0	0
0	0
0	0
0	0
0	0
0	0
4079	400
8	115
0	105
0	19
0	88
0	87
16	37
0	37
0	0
0	0
0	0
0	0
0	0
0	0
0	0
0	0
0	0
0	0
0	0
0	0
0	0
0	0
0	0
0	322
0	2196
0	2080
0	667
0	2814
0	2
0	33
0	340
0	2185
0	0
0	368
1	76
0	3
0	42
0	37
0	2249
0	2203
0	0
0	2828
0	2415
3	2917
0	1799
0	20
0	0
0	1945
0	2181
0	2051
0	957
0	134
0	1977
0	0
0	47
0	1681
0	1985
4	1481
0	5
0	39
1	1271
0	1323
0	1883
0	52
4	697
24	110
0	0
0	0
0	0
36	2728
1641	2822
0	236
0	553
0	420
0	102
0	266
0	332
0	221
11	16
0	16
0	0
0	0
31	99
0	3
0	5
0	0
781	1443
0	929
7	1288
7	1282
0	436
0	0
0	68
0	229
45	362
0	9
0	7
33	19
3632	2354
3	1838
0	2
0	164
0	0
0	0
0	427
0	0
0	0
0	0
0	0
284	427
39	59
10	57
66	343
3	97
0	3
0	0
0	0
0	0
0	0
0	0
0	0
0	0
0	0
0	0
0	0
0	0
0	0
0	0
0	0
0	0
0	0
0	0
0	0
0	0
0	0
0	0
21	0
0	0
0	0
0	12
0	1
0	18
18	82
0	1
0	45
0	1
0	0
0	0
0	0
0	0
0	0
0	58
0	58
0	0
115	4457
47	2061
0	4457
18	1114
10	741
8	428
0	432
17	190
0	171
0	1
0	235
0	1
0	0
0	0
0	0
0	0
0	0
0	0
0	0
0	0
0	0
0	0
0	0
0	0
0	0
0	0
0	0
0	0
0	0
0	0
0	0
0	0
0	0
0	0
0	0
259	0
0	0
0	0
0	0
0	2
0	0
0	0
0	0
0	0
65	60
0	18
0	42
0	0
0	0
1429	250
37	250
0	24
0	84
0	0
0	0
0	0
0	0
0	0
0	0
82	36
0	36
0	0
0	0
0	0
0	0
0	0
0	0
0	0
0	0
0	0
0	0
0	0
0	0
0	0
0	0
0	0
0	0
0	0
0	0
0	12
0	0
15	6
0	0
0	11
0	88
0	9
0	82
0	27
0	12
0	52
0	2103
5	1607
0	88
0	1819
67	1886
0	1667
6	1568
1	138
0	135
61	1500
1	95
0	116
5	313
0	288
13	693
0	383
0	0
0	82
0	94
0	20
0	6
0	2
0	0
0	3
0	34
132	1540
7	334
0	8
0	1553
0	1194
0	11
0	1505
0	1429
0	99
19	828
0	0
0	145
0	225
0	107
0	2
0	39
0	0
30	542
1	337
30	542
0	0
0	0
0	0
0	0
0	0
0	0
38	86
3	86
0	5
0	0
0	0
0	0
0	0
0	0
0	0
0	0
0	0
0	0
0	0
0	0
0	0
0	0
0	0
0	0
0	0
0	0
0	0
0	0
0	0
0	0
0	0
0	0
0	0
0	0
0	0
0	0
0	0
0	0
0	0
0	0
0	5
0	6
0	7
0	0
0	0
0	1
0	0
0	0
0	0
0	0
0	0
0	0
3	1034
3	1034
0	1022
0	281
0	101
0	97
0	0
6	0
350	156
0	11
0	10
0	140
15	25
0	22
1	77
0	58
0	25
0	15
0	0
0	0
0	0
0	0
0	0
0	0
6	0
88	4639
0	4584
0	195
0	0
0	0
0	0
0	0
0	0
0	0
0	0
0	0
95	111
0	40
18	48
7	66
0	5
937	59
0	0
0	0
0	0
0	0
0	0
0	0
0	0
0	0
0	0
0	0
0	0
0	0
0	0
0	0
0	0
0	0
0	0
0	0
0	0
0	124
0	785
2	1176
0	634
4	1045
0	358
389	885
0	558
0	0
0	4
0	0
0	0
0	0
0	0
0	0
0	0
0	2101
0	2101
0	1561
0	922
0	64
0	163
0	0
15	364
0	89
0	506
639	621
0	32
0	415
0	103
0	149
0	15
0	66
0	61
44	325
0	213
0	195
0	0
0	0
505	2219
3	1782
1	638
0	372
2	384
5	382
0	191
0	144
0	39
0	71
0	143
0	101
41	9
0	4
0	0
0	0
0	0
37	11
0	11
8	729
25	738
0	702
0	722
0	402
0	143
0	113
0	80
0	118
0	134
0	128
0	115
0	101
0	52
0	25
0	17
0	6
0	6
2	8
0	0
0	0
0	0
0	0
0	0
0	0
0	0
0	2
0	120
0	119
0	0
0	2
0	1
0	0
0	0
0	0
0	0
0	0
59	263
26	133
48	93
23	19
0	0
0	0
0	0
0	0
0	0
0	0
0	0
0	0
0	0
0	0
0	0
0	0
0	0
0	0
0	11
0	1
0	239
0	569
5	838
3	838
0	320
0	201
0	45
0	3
0	0
0	0
0	156
0	52
44	536
83	125
156	439
3	279
11	283
3	357
0	36
0	129
3	323
0	91
2	243
828	936
0	692
0	520
0	580
69	296
0	318
39	115
0	0
0	121
0	0
0	2931
0	486
300	3053
0	59
202	4
0	116
0	139
0	172
9	16
0	14
0	9
0	2
0	11
0	0
0	0
0	4
0	4
0	0
0	0
0	0
0	0
0	0
243	789
0	285
0	370
0	38
0	82
0	310
0	14
0	0
0	0
0	0
0	0
0	0
0	0
0	0
0	0
0	0
0	0
0	0
0	0
0	0
0	0
0	0
0	0
0	0
0	0
0	0
0	0
0	0
0	0
0	0
0	0
0	0
0	0
0	0
0	0
571	145
17	101
37	38
0	42
0	12
0	0
0	0
3	86
0	72
1	74
3	73
0	14
0	12
0	19
0	0
0	0
0	0
0	0
0	0
0	0
978	0
4	593
3	552
7	50
12	229
0	0
0	3
0	0
15	15
1311	555
0	309
0	54
0	0
0	0
0	0
0	0
0	0
0	0
0	0
0	0
458	951
44	523
17	447
0	245
9	174
0	177
5	530
5	258
1	540
0	205
0	210
0	109
9	4
180	3515
0	88
20	69
7	1269
269	2860
0	1178
0	82
0	387
74	1184
0	0
0	0
0	0
0	0
0	0
0	0
0	0
0	0
0	0
0	0
0	0
0	0
0	0
0	0
0	0
6	3079
0	0
0	0
9	659
0	284
0	658
0	323
0	214
0	0
0	0
0	0
0	0
0	0
305	643
3	599
0	262
0	274
0	170
0	458
0	69
0	19
0	22
0	29
0	41
0	49
0	54
0	39
0	0
0	17
0	14
0	5
0	0
0	0
0	0
0	0
0	0
0	0
0	0
0	0
0	0
0	0
0	0
0	0
0	0
0	0
0	0
0	0
0	0
0	0
0	0
0	0
0	0
0	0
0	0
0	0
0	0
47	67
0	68
0	23
0	25
1	77
0	0
0	0
0	0
0	0
0	0
0	0
0	7
4	387
5	2752
0	2775
0	24
0	0
0	71
0	53
0	95
0	87
0	139
0	52
0	170
114	930
3	752
0	0
0	0
0	0
0	0
0	0
0	0
55	920
0	184
153	1475
671	2713
58	2713
0	1002
260	2508
0	0
0	0
1	3959
0	309
0	491
0	3578
0	3258
0	3957
0	3651
0	3599
0	3364
0	3048
9	3623
0	3282
0	13
0	3630
0	419
0	3628
0	3450
0	3464
4	3445
0	0
0	532
0	47
0	3200
0	264
0	2728
0	3160
0	1
0	2998
0	2918
0	2722
0	170
0	522
0	1045
0	218
0	452
0	1286
0	494
0	168
0	980
9	403
0	0
0	0
0	0
0	0
0	0
0	0
0	0
0	0
0	0
0	0
0	0
0	0
0	0
0	0
0	0
0	0
0	0
0	0
0	0
0	0
0	0
0	0
0	0
0	0
0	0
0	0
0	0
0	0
0	0
0	0
0	0
0	0
0	0
0	0
0	0
0	0
0	0
0	0
0	0
0	0
390	13
0	13
0	0
0	0
0	0
0	0
0	0
0	0
0	0
0	0
0	0
0	0
0	0
0	0
0	0
0	0
0	0
0	0
0	0
0	0
0	0
0	0
0	0
0	0
0	0
0	0
0	0
0	0
0	0
0	0
0	0
0	0
0	0
0	0
0	0
0	0
0	0
0	0
0	0
0	0
0	0
0	0
0	0
0	0
0	0
0	0
0	0
0	0
0	0
0	0
0	0
5	1037
0	450
0	1
259	682
0	436
7	952
18	923
0	23
0	27
18	157
0	125
0	3
0	0
0	0
0	0
18	0
0	0
0	1
1	3
0	3
0	2
0	5
0	2
0	2
0	1
0	0
0	2
0	2
0	0
0	0
10	1
0	1
0	0
0	0
0	0
0	0
0	0
0	0
0	0
0	0
0	0
0	661
0	658
0	667
0	618
5	390
0	418
0	32
0	52
0	1
0	0
0	0
0	0
0	0
5	719
0	73
0	228
0	309
0	583
0	458
2	449
0	594
0	0
4	199
0	0
0	0
0	0
0	0
0	0
0	0
0	0
0	0
0	0
5	166
8	571
0	300
1	624
0	176
0	38
8	203
0	201
0	9
0	20
0	0
0	0
1	0
0	0
0	0
0	0
0	0
0	0
0	0
0	0
0	0
0	0
0	0
0	0
0	0
0	0
0	0
0	0
0	0
0	0
0	0
0	0
0	0
0	0
0	0
0	0
6	545
0	163
7	815
0	731
0	793
0	812
0	31
0	15
0	8
0	477
0	513
4	353
0	67
0	16
0	425
0	138
0	21
0	89
0	0
0	0
0	0
0	0
15	0
59	654
0	638
0	706
0	596
0	555
0	628
0	508
0	621
0	614
0	549
29	559
0	27
33	280
0	180
0	187
0	591
0	196
0	419
0	406
0	470
0	536
0	1
0	267
0	300
0	96
0	327
0	71
0	0
0	216
0	142
0	103
0	109
0	96
0	0
0	10
0	73
0	0
0	0
683	1084
10	229
6	472
0	578
0	515
0	0
0	0
0	0
0	0
0	0
0	0
0	0
14	5066
7	5545
30	3890
0	344
0	1181
3	2373
0	814
0	830
11	87
0	81
0	0
1	6
5	6
15	102
9	88
0	22
0	17
25	24
0	3
12	21
0	5
0	0
0	0
0	0
0	0
0	0
0	0
0	0
0	0
0	0
0	0
0	0
0	0
0	0
0	0
0	0
0	0
0	0
0	0
0	0
0	0
0	0
0	0
0	0
670	1757
0	42
15	896
14	1441
0	0
0	345
0	0
0	0
0	0
0	0
0	0
0	0
0	0
0	0
0	0
0	0
0	0
78	71
0	23
271	119
9	115
0	49
0	1
0	0
0	0
247	24
10	53
4	48
5	557
0	375
6	422
23	548
0	24
0	43
0	40
0	12
0	0
0	0
0	0
0	0
0	0
0	0
0	0
0	0
0	0
0	0
0	0
0	0
0	0
0	0
0	0
0	403
3835	403
0	0
0	0
0	0
0	0
0	0
0	0
0	0
0	0
0	0
0	0
0	0
0	0
0	0
0	0
0	0
0	0
0	0
0	0
0	0
0	0
0	0
0	0
0	0
1993	2730
4	1528
9	1837
81	1659
11	369
0	139
40	990
5	992
0	122
0	0
1269	59
27	56
0	2
0	1
0	230
0	15
0	0
0	78
1	5890
0	172
2	3168
2	6428
390	6010
0	0
0	0
0	0
0	0
349	1349
0	629
0	1078
0	1156
0	945
0	549
0	777
0	772
0	540
0	4
0	202
0	68
0	50
0	45
0	0
0	1307
20	772
2	739
7	770
0	469
0	172
28	0
0	0
0	0
0	0
0	0
0	0
0	0
0	0
0	0
0	0
0	0
0	0
0	0
0	0
0	0
0	0
0	0
0	0
0	0
0	0
0	0
0	0
0	121
0	0
0	0
0	0
0	0
0	0
0	0
0	0
0	0
0	0
0	0
0	0
0	0
0	0
0	0
0	0
0	5
8	441
4	450
5	444
4	417
0	438
0	436
0	62
0	0
0	3
0	144
0	114
0	97
0	83
0	83
0	102
0	55
0	38
0	33
0	23
0	0
0	0
0	0
0	0
0	0
0	0
0	0
0	0
0	0
0	0
0	0
0	0
0	0
0	0
0	0
0	0
16	0
0	0
5	57
0	5
0	21
0	7
14	51
0	9
0	7
0	21
0	43
39	43
19	68
0	1
95	7
22	1
4	65
0	6
0	3750
3	3747
1	3615
11	3061
0	3754
0	0
0	0
0	0
62	27
218	1764
27	915
105	1702
0	528
19	545
0	401
0	508
0	155
0	102
0	221
0	22
0	0
0	0
0	0
0	89
126	3232
53	4091
0	1311
0	1987
0	345
25	88
0	46
0	176
0	0
0	1
0	1
0	1
0	0
0	0
0	0
0	0
0	0
0	0
0	0
0	0
0	0
0	0
0	0
0	0
0	0
0	0
433	1034
22	1035
0	1007
0	113
0	23
2	699
16	212
0	122
51	448
19	460
8	79
0	18
97	721
0	92
0	493
1	1164
0	1068
0	1145
6	1060
0	697
0	558
0	607
0	183
0	92
0	106
0	90
0	84
0	0
23	0
0	0
1	225
7	225
1	204
16	126
0	15
0	0
0	0
2	35
0	0
0	0
0	0
0	0
0	1
0	1
0	0
0	1
669	815
155	811
82	220
0	52
10	752
0	99
23	4
0	4
0	1
1130	554
0	554
0	98
0	53
0	36
0	32
0	232
0	220
0	55
0	0
0	0
0	0
0	0
0	0
0	0
19	423
0	356
1	236
17	149
0	121
0	119
0	80
0	69
0	13
21	0
0	0
1449	4820
58	3760
266	3865
0	453
170	657
0	0
0	0
0	0
0	0
0	0
0	0
0	0
0	0
0	0
0	0
0	0
0	0
0	0
0	0
0	0
0	0
0	0
0	0
0	0
0	0
0	0
0	0
0	0
0	0
1379	327
14	308
0	68
297	15266
20	15275
533	15516
14	1572
0	4060
0	3865
16	1713
0	0
0	0
0	1070
1	1075
0	105
3	871
0	97
0	126
0	94
6	1066
0	391
0	274
0	1125
0	63
0	31
0	63
14	26
0	94
0	6
0	4
0	112
13	838
8	456
0	180
0	109
0	26
252	4313
0	3499
363	2516
0	1200
295	3715
2	2770
1	3432
115	2920
0	1262
5	2090
0	1207
0	31
0	0
0	52
2399	930
49	137
0	96
82	418
0	293
37	420
0	62
0	15
0	0
0	0
0	0
9	13
0	10
0	12
0	0
0	12
0	12
0	5
0	4
0	2
0	0
439	678
13	19
0	64
62	140
195	498
0	0
16	510
8	443
0	0
0	0
505	11
23	11
0	0
0	0
0	0
0	0
0	0
0	0
0	0
6	125
42	820
0	1
16	924
10	764
701	923
0	273
5	112
0	210
0	203
0	203
617	532
54	466
31	355
0	318
39	562
0	184
8	157
0	176
0	292
0	200
0	1
0	0
2326	1426
26	1414
0	172
0	0
0	0
3181	1055
76	1055
0	906
34	1967
44	2304
68	2238
0	26
0	1
0	92
0	234
0	273
0	1021
0	53
0	135
0	0
0	835
3	1109
78	941
0	122
0	0
0	10
0	0
105	894
24	331
3	94
1	887
18	142
4	544
0	2
18	286
1	171
0	75
79	30
110	30
0	20
0	0
0	0
0	0
1	0
2	0
1228	9
0	0
0	0
0	0
0	0
0	0
0	0
0	0
0	0
0	0
0	0
0	0
0	46
0	0
0	0
0	0
1	101
0	12
0	0
0	0
0	0
0	0
0	0
0	0
0	0
5	2751
46	1525
196	1770
283	2758
106	2432
11	2429
16	1464
0	2254
18	814
0	1784
37	84
0	4
12	1002
0	995
0	711
0	441
0	390
0	760
0	584
0	36
0	1
0	0
0	0
0	0
0	0
0	0
0	0
0	0
0	0
0	0
0	0
0	0
0	0
0	0
0	0
0	0
0	0
0	0
0	0
0	0
0	0
0	0
0	0
0	0
0	0
0	0
0	0
0	0
0	0
0	0
0	0
0	0
0	0
0	0
0	0
0	0
0	0
0	0
0	0
0	0
0	0
0	0
0	0
0	0
0	0
0	0
0	0
0	0
0	0
0	0
0	0
0	0
0	0
0	0
0	0
0	0
0	0
0	0
0	0
0	0
0	0
0	29
2	279
0	39
0	40
0	272
0	27
23	203
0	1
0	6
0	23
0	0
0	24
0	0
0	0
0	0
0	0
0	0
0	0
0	0
0	0
0	0
0	0
0	0
0	0
0	0
0	0
0	0
0	0
0	0
0	0
0	0
0	0
0	0
0	0
0	0
0	0
0	0
0	0
0	0
0	0
0	0
0	0
0	0
1	242
3	234
0	237
0	1
0	37
0	61
0	36
0	21
0	43
0	7
0	0
0	12
0	9
0	3
0	0
16858	0
0	0
0	0
0	0
23	9
54	13
0	11
0	11
0	0
0	0
0	11
0	5
4	11
0	0
0	0
0	15
0	0
0	3
0	0
0	3
0	0
81	766
130	774
0	809
0	0
0	36
0	61
0	22
0	20
0	3
0	2
0	50
0	0
0	0
0	0
0	0
0	0
0	0
0	0
0	0
0	0
0	0
0	0
0	0
0	0
0	0
0	0
0	0
0	0
2	925
0	2
0	64
0	1015
0	1084
0	1102
9	1183
0	1021
0	1127
0	919
0	60
0	77
0	122
0	413
0	99
9	105
0	100
0	64
0	34
0	150
0	116
0	145
0	72
0	122
0	6
0	0
0	108
72	1224
22	1150
0	62
0	85
0	207
0	83
872	467
0	83
0	0
0	160
0	156
0	25
0	90
27	109
0	37
0	0
0	0
0	0
0	0
0	401
0	349
0	288
0	330
0	224
0	89
0	152
0	77
0	0
0	8
0	0
0	0
2	319
0	109
0	78
910	449
24	41
0	207
0	52
0	62
0	52
110	2293
0	2293
0	64
27	1620
2	1334
0	16
0	91
0	83
0	57
0	42
0	44
0	14
0	1
0	7
0	1
0	10
0	6
0	34
0	6
0	4
0	0
967	0
0	6
6	3622
56	3764
74	1823
0	500
0	449
0	299
0	623
0	239
0	161
0	0
0	0
5411	8855
0	23
17	1559
0	453
14	6087
0	1231
14	1214
0	2416
0	1367
0	792
0	1078
0	1541
0	569
0	0
0	0
0	179
0	191
0	92
0	323
0	110
0	4268
12	3213
0	4542
0	382
0	0
0	509
0	248
0	553
0	3971
0	324
0	86
0	187
0	64
0	154
0	244
0	100
0	202
0	0
0	0
0	217
0	0
0	12
0	244
0	281
0	0
0	0
0	2
0	88
0	3
0	160
0	74
0	3058
0	12
0	147
0	443
10	747
0	97
0	223
4	1404
0	0
0	0
0	0
0	0
0	0
0	0
0	0
0	0
72	909
4	911
0	218
9	690
7	326
0	5
6	201
0	128
0	108
0	107
0	65
0	43
39	41
0	0
0	3
0	0
0	0
0	0
0	0
0	0
0	0
0	0
0	8809
0	15
0	24
60	11516
0	732
0	7071
126	11038
6	11149
0	644
0	370
5	665
16	109
0	117
0	34
10	41
0	237
0	1
61	161
115	199
0	0
0	0
9	11552
0	1253
0	321
0	11
7	3560
0	839
205	8490
151	8770
0	803
2	14
0	101
0	543
3	7583
27	11401
0	524
0	882
8	4100
0	673
0	610
0	521
0	3768
0	2567
0	11
43	8689
0	92
0	5750
0	323
0	696
0	0
0	0
0	341
51	2969
63	737
0	135
0	229
0	5
0	2613
0	1287
3	943
0	10
1	10
0	0
0	0
0	1
0	1
0	0
2122	4135
142	4206
20	2246
15	3382
366	4152
55	1809
48	1509
13	841
421	0
133	97
1	99
0	8
0	56
0	7
0	60
0	29
0	0
199	139
5	39
14	32
0	22
2	62
0	38
0	16
0	51
2	47
0	0
0	0
0	0
0	0
0	0
0	0
0	0
81	215
1	235
4	111
0	71
0	106
0	71
0	28
2	82
0	108
0	29
0	47
0	30
0	26
0	17
0	11
0	0
0	0
13	1214
1665	1872
13	872
0	6
43	1737
4	1658
50	1126
0	732
0	0
0	0
0	0
0	64
0	162
234	1456
0	8
0	321
0	88
0	247
15	1436
0	75
0	145
0	336
0	92
0	372
0	4
0	317
0	11
0	0
0	0
0	0
0	0
0	0
0	0
0	0
13	31
0	34
0	35
1	22
0	27
0	27
0	20
0	0
0	5
0	0
0	0
0	0
50	25
0	24
0	17
0	5
0	0
0	5
1	0
0	0
731	0
146	0
0	0
0	0
474	465
12	465
34	426
0	1
3	128
0	0
0	0
800	4609
0	3760
6	3993
0	2987
0	440
0	1996
0	454
0	0
0	0
0	0
0	0
0	0
0	0
0	0
0	0
0	0
0	0
42	0
0	0
3	981
0	3917
0	4274
0	2174
0	1129
5	439
1	951
0	163
15	672
8	623
0	45
11	0
0	149
0	146
0	2402
0	2174
0	2051
0	1810
3	144
22	202
0	260
6	4366
27	1507
6	1350
0	0
0	41
0	574
80	566
19	298
1	172
66	478
15	147
8	156
0	172
0	200
0	137
1	165
0	162
0	163
0	195
0	141
0	128
0	69
0	27
0	66
0	14
0	21
0	52
0	36
0	42
4	31
0	9
0	9
0	22
0	0
184	22059
0	4948
0	22031
20	21823
0	0
0	0
0	0
0	0
0	0
0	0
0	0
0	0
0	0
0	0
0	0
0	0
0	0
8	539
103	113
355	464
0	326
0	31
0	0
0	18
0	5
0	6
0	2
0	59
0	32
0	357
27	303
0	165
0	134
0	12
0	1198
5527	12092
0	923
0	920
0	6526
0	1087
0	4186
0	0
0	5374
0	2342
155	601
0	0
64	467
92	508
2	506
57	256
0	388
0	102
0	1743
0	1423
0	2032
0	2049
29	1768
0	1431
0	1648
5	1784
0	1811
0	1742
0	1798
0	232
0	1203
56	532
0	661
0	261
0	123
0	752
0	358
10	152
0	659
0	285
1	679
1	656
0	525
0	675
0	700
0	613
0	752
0	64
0	713
0	0
0	6
0	5
0	420
0	334
0	623
0	139
15	343
1542	764
57	617
0	0
0	0
0	0
0	0
0	0
0	0
0	0
0	0
0	0
0	0
0	0
0	0
0	0
0	0
0	0
0	1
0	1
0	1
0	0
0	0
0	0
0	0
0	0
0	0
0	0
0	0
0	0
0	0
0	0
0	0
0	0
0	0
0	0
0	0
0	0
0	0
0	0
0	0
0	0
0	0
0	0
0	0
0	0
0	0
0	0
0	0
0	0
0	0
0	0
0	0
0	0
0	0
0	0
0	0
0	0
0	0
0	0
0	0
24	0
0	0
0	0
0	0
0	0
0	0
0	0
0	0
0	0
0	0
0	0
0	0
0	0
0	0
0	0
0	0
0	0
0	0
0	0
0	0
0	0
0	0
0	0
0	0
0	0
0	0
0	0
0	0
0	0
0	0
0	0
0	0
0	0
0	0
0	0
0	0
0	0
0	0
0	0
0	0
0	0
0	0
0	0
0	0
0	0
0	0
0	0
0	0
0	0
0	0
0	0
0	0
0	0
0	0
0	0
0	0
0	0
0	0
0	0
2715	495
0	293
0	0
0	294
0	0
0	0
0	0
0	221
0	0
0	221
0	1
0	222
0	18
0	0
0	221
0	0
0	221
0	0
0	0
0	221
0	0
0	221
0	221
0	0
0	244
1	25
0	0
0	221
0	3
0	224
0	0
0	221
0	9
0	230
0	0
0	221
0	1
0	222
0	0
0	221
3	34
1	255
8	42
0	263
0	54
0	0
0	0
0	0
0	51
5	272
0	0
0	0
2	105
7	222
0	24
0	28
0	28
1	330
0	4
0	43
0	0
0	0
0	0
0	56
0	221
0	221
0	0
0	3684
0	8973
0	8629
0	8738
11	8726
0	8800
31	3649
0	3430
0	7278
0	716
0	609
0	286
0	590
0	368
0	1880
0	993
0	95
0	231
0	0
0	0
0	0
10	469
0	474
0	44
0	79
457	362
0	148
0	11
0	5
0	1
0	28
0	24
0	3
0	13
0	1
0	0
0	0
0	59
0	86
2	73
0	52
0	89
0	27
0	62
3	356
17	176
4	293
2	220
10	237
0	31
0	71
0	14
0	4
5	70
0	0
0	0
0	0
0	0
0	0
0	0
0	0
0	0
0	0
0	0
0	0
0	0
0	0
0	0
0	0
0	0
0	0
787	3746
245	3650
38	1523
409	613
187	1
48	1566
26	427
21	4
0	4
0	0
0	0
0	187
0	105
0	78
0	798
1	743
0	746
0	816
0	73
0	152
0	81
7	791
0	96
0	113
8	159
0	15
0	56
0	0
0	75
2	271
3	270
0	268
0	270
0	47
0	61
0	4
0	20
0	38
0	31
0	29
0	0
0	0
99	205
0	2
0	2
0	201
0	0
0	27
0	27
0	11
0	0
0	0
0	0
0	0
0	0
0	0
0	0
0	0
0	0
0	0
0	0
0	0
0	0
0	0
0	0
0	0
0	0
0	0
0	0
0	0
0	0
0	0
0	0
0	0
0	0
0	0
0	0
0	0
0	0
0	0
0	487
2	217
0	487
0	272
0	11
0	27
0	1
0	5
0	0
0	23
0	9
0	4
0	0
0	0
10	239
0	129
0	0
0	18
0	15
0	9
0	253
45	0
0	14
9	8
0	0
0	0
0	0
0	0
0	0
1	3395
0	3213
0	1940
0	2283
0	1597
2	1596
0	1770
5	1380
0	196
0	154
0	154
0	153
0	154
0	151
7	3
0	3
0	14
0	0
0	0
0	0
0	0
0	0
0	0
0	0
0	0
0	0
0	0
0	0
233	973
27	937
12	870
0	236
20	132
11	202
0	0
0	0
0	0
0	0
0	0
0	0
0	0
0	0
0	0
0	0
0	0
0	0
0	0
0	0
0	0
0	0
18	38
27	47
3	26
0	18
6	2
0	0
0	0
0	0
0	0
0	0
0	0
0	0
0	0
0	0
0	0
0	0
0	0
0	0
0	0
0	0
246	2993
36	1537
9	898
52	2859
0	202
0	5
0	223
30	294
92	301
17	304
0	25
4	446
0	284
2	85
0	75
0	5
0	0
0	0
47	1088
1031	1088
0	52
0	0
0	0
0	0
0	0
0	0
0	0
0	0
0	986
87	2485
0	2255
0	2037
0	141
0	137
20	71
17	98
50	1314
5	213
0	0
23	135
15	96
0	159
0	114
91	579
0	0
0	0
0	0
0	0
0	0
0	0
0	0
0	0
0	0
0	0
0	0
0	0
0	0
0	0
0	0
0	0
0	0
0	0
0	0
0	0
0	0
0	0
0	0
0	0
0	0
0	0
0	0
0	0
0	0
0	0
0	0
0	0
0	0
0	0
0	0
0	0
0	0
0	0
0	0
0	0
0	0
0	0
0	0
0	0
0	0
0	0
0	0
0	0
0	0
0	0
0	0
0	0
0	0
0	0
0	0
0	0
0	0
0	0
0	0
0	0
0	0
0	0
0	0
0	0
0	0
0	0
0	0
0	0
0	0
0	0
0	0
0	0
0	0
0	0
0	0
0	0
0	0
0	0
0	0
0	0
0	0
0	0
0	0
0	0
0	0
0	0
0	0
0	0
0	0
0	0
0	0
0	0
0	0
0	0
0	0
0	0
0	0
0	0
0	0
0	0
0	0
0	0
0	0
0	0
0	0
0	0
0	768
100	889
0	45
0	115
3	887
0	35
0	24
0	0
0	61
0	213
0	743
0	52
29	130
0	31
0	29
0	33
0	25
0	173
12	7
0	10
0	0
0	0
0	0
0	0
0	0
0	0
0	0
0	0
0	0
0	0
0	0
0	0
0	0
0	0
0	0
14	0
0	0
0	0
0	0
0	0
0	0
0	0
0	0
0	0
0	0
0	0
0	0
0	0
0	0
0	0
0	0
0	0
0	0
0	0
0	0
0	0
0	0
0	0
0	0
0	0
0	0
0	0
0	0
0	0
0	0
0	0
0	0
0	0
0	0
0	0
0	0
0	0
0	0
0	0
0	0
0	0
0	0
0	0
0	0
0	0
0	0
0	0
0	0
0	18
0	293
0	53
4	280
0	0
2	356
0	12
0	354
0	290
5	345
0	360
11	311
0	0
0	0
0	0
0	0
0	0
0	0
0	0
0	0
0	0
0	0
0	0
0	0
0	0
0	0
0	0
0	0
0	0
0	0
466	3508
96	3370
0	2207
0	1928
0	1045
0	1139
0	484
0	545
2	281
0	573
11	408
618	1585
0	0
0	1
15	2
0	1
0	0
0	0
0	0
0	0
0	94
15	103
0	0
233	110
0	89
0	69
0	9
0	0
1	14
0	14
0	10
0	14
0	3
0	0
0	0
1	0
29	0
0	2
24	133
26	114
1	12
139	2067
0	1946
0	2051
0	256
0	28
0	116
0	0
0	0
0	0
0	14
2	14
0	1
0	1
0	2
0	0
0	3
0	5
0	1
4	29014
0	0
43	67
0	0
0	67
0	6
0	0
0	0
0	0
0	8
0	5
0	9
0	9
0	0
0	0
0	0
0	0
0	0
0	0
0	0
0	0
0	0
0	0
0	0
0	0
0	0
0	0
0	0
0	2182
0	2103
0	2111
0	2173
0	236
6	1444
0	2171
0	2058
3	1441
0	2108
0	2028
10	1918
0	151
0	117
31	961
1013	1355
0	173
0	228
0	65
2078	52076
13264	74428
252	56890
2	14314
51	29517
0	14267
14	26706
38	9555
24	1
3	14245
11	16327
1	10377
175	20581
3269	20640
0	20349
0	13933
137	19981
122	10859
0	16644
19	1292
0	0
1	60
0	45
0	22
0	552
0	43
0	3
976	552
0	0
4	62
0	0
305	1807
0	1806
0	198
1208	1386
0	1844
0	0
0	0
0	0
0	0
0	0
0	0
0	0
0	0
0	0
0	0
0	0
11	518
17	829
0	407
12	228
0	102
0	115
0	50
0	50
84	1101
4	1033
0	412
0	360
0	86
0	36
0	42
0	12
0	87
0	70
0	43
0	53
0	2
0	0
0	54
225	910
0	910
0	0
0	0
0	0
1	69
0	71
0	69
10	64
0	68
0	0
0	0
0	0
0	0
0	0
0	0
0	0
0	0
0	0
0	0
0	0
0	0
0	0
0	0
0	0
55	14711
6	13987
177	15177
0	13360
0	1352
0	15979
67	14621
0	3796
0	12655
2	9172
0	12286
0	11431
0	9553
0	9579
11	0
0	1
0	3
71	4075
0	1847
0	1596
0	0
94	128
152	26605
73	25326
0	12182
446	14694
0	2283
0	3857
0	2121
0	3016
0	4292
14	3621
3	2906
0	1563
0	1794
66	0
17	0
12	0
0	2897
135	2964
0	2263
10	2466
0	103
0	68
0	0
9	0
338	178
370	185
0	123
0	0
0	0
0	0
0	0
0	0
0	0
0	0
0	0
0	0
0	0
0	0
0	0
0	0
0	0
0	3
0	40
0	14
97	46
0	27
0	0
0	32
0	3
0	1
0	2
0	7
0	0
0	2
11	2
0	0
0	0
36	725
19	538
6	161
0	0
27	147
0	91
22	36
17	10
0	4
0	1
0	0
0	0
13	0
187	186
0	351
8	596
7	596
0	897
0	897
0	489
0	0
0	0
0	0
36	0
0	534
0	570
3070	6783
0	3838
0	7121
0	6
0	892
0	538
0	518
0	884
0	6262
17	530
0	924
0	0
0	0
0	0
0	0
0	0
0	0
0	0
0	0
0	0
0	0
0	0
0	0
0	0
0	0
0	0
0	0
0	0
0	0
0	0
0	0
0	0
0	0
0	0
0	0
0	0
0	0
0	0
0	0
0	0
0	0
0	0
0	0
0	0
0	0
0	0
62	1110
11	1144
55	1013
0	127
0	135
0	517
0	45
0	0
0	324
7	265
0	259
0	178
0	118
0	42
0	9
0	24
0	29
14	40
2	58
0	0
0	2
40	102
0	33
0	7
0	25
0	0
0	0
0	0
2	2
0	0
137	876
1961	3887
0	3527
0	0
0	3465
0	389
0	328
0	407
0	12
7	2704
0	0
23	0
0	0
0	0
0	0
0	0
0	0
0	0
433	71
0	15
0	63
0	59
0	8
0	7
9	52
3	57
0	60
0	0
0	0
0	0
0	0
0	0
0	0
0	0
0	0
5284	3271
44	2887
0	58
0	1
0	582
0	439
0	2877
0	726
0	158
0	822
0	286
0	499
0	0
0	253
0	0
0	0
0	0
0	0
0	0
0	0
0	0
0	0
0	0
0	0
0	0
0	0
0	0
0	0
0	0
0	0
0	0
0	0
0	0
0	0
0	0
0	3
0	3
0	115
1	427
0	77
0	50
0	42
0	49
12	228
1	439
0	43
0	108
0	424
0	10
0	155
0	166
0	8
0	135
0	34
0	176
0	101
0	121
0	38
0	45
1716	173
0	88
0	85
5	473
0	385
97	372
0	447
10	228
0	193
0	139
0	0
0	6
0	0
0	0
0	0
0	0
0	0
0	0
0	0
0	0
0	0
0	0
0	0
0	0
0	78
6	53
50	39
0	49
0	0
0	0
0	0
0	0
0	0
0	0
0	0
575	221
0	163
0	103
0	92
0	94
0	34
0	0
47	462
9	303
97	435
0	0
0	0
0	0
0	0
0	0
0	0
0	0
0	0
0	0
0	0
0	0
0	0
0	0
0	0
0	4465
0	4674
0	3699
0	3914
0	232
765	4366
13	865
0	748
5	520
0	631
10	4615
0	3
0	485
0	5
0	0
0	114
0	5
3	408
0	136
0	857
0	127
0	857
0	45
0	194
0	0
0	0
0	0
0	0
0	0
0	0
0	7505
0	4496
11799	9097
0	8321
0	46
0	0
0	28
32	33
0	3
0	11
0	1
0	0
0	0
0	0
0	0
0	0
0	0
0	0
0	0
0	0
434	333
60	293
11	73
0	0
506	0
0	0
0	2005
30	1089
18	2001
3	2071
5	1283
0	1496
0	304
34	361
3	309
0	36
0	0
0	0
0	0
0	0
0	0
0	0
0	0
0	0
0	0
113	0
0	0
0	0
35	0
0	0
0	0
0	0
0	0
0	0
0	1068
0	1078
0	1107
0	1185
0	1261
0	64
12	561
0	474
0	497
0	106
0	42
0	0
0	0
0	0
3	13
0	0
39	13
0	1010
0	1010
0	1046
0	590
0	1046
0	162
0	773
21	773
0	686
0	99
0	50
0	73
0	0
0	0
0	0
464	673
0	0
7	673
0	0
0	0
0	0
0	0
0	0
0	0
0	0
0	0
0	0
0	0
172	0
0	0
0	0
0	0
0	0
0	0
0	0
0	0
0	0
0	0
0	0
0	0
0	0
24	793
42	793
0	492
0	165
0	118
0	0
0	0
152	122
0	14
4	110
68	108
0	14
0	0
0	0
0	0
0	0
0	0
0	0
0	0
0	0
0	0
0	0
0	0
0	0
0	0
0	0
0	0
0	0
0	0
0	0
0	0
0	0
0	0
0	0
0	0
0	0
21	83
4	83
878	369
0	79
0	140
0	51
0	130
20	150
0	92
0	66
0	61
188	2193
0	553
0	240
0	882
6	1895
5	2042
0	1868
13	1148
86	1148
0	0
0	0
0	0
0	0
0	0
0	0
0	0
0	0
0	0
0	0
0	0
0	0
0	0
0	0
0	0
0	0
0	0
0	0
0	0
0	0
0	0
0	0
0	0
0	0
0	0
0	0
0	0
0	0
0	0
0	0
0	0
0	0
0	0
0	0
0	0
0	0
0	0
0	0
0	0
0	0
0	0
0	0
0	0
0	0
0	0
0	0
0	0
0	0
0	0
0	0
0	0
0	0
0	0
0	0
0	0
0	0
0	0
0	0
0	0
0	0
0	15
0	3
0	60
0	60
0	136
0	46
0	46
0	46
0	46
0	46
0	46
0	122
0	8
0	37
0	0
0	33
0	37
0	36
0	46
0	15
0	46
0	35
0	15
0	112
0	33
0	47
0	28
0	8
0	8
0	0
0	0
0	0
0	0
0	0
0	0
0	0
0	0
0	0
0	0
0	0
0	0
5	1398
0	791
2	5064
0	5527
0	621
0	467
0	1663
0	2233
0	822
7	849
0	416
0	10
8	1088
0	0
726	34
74	34
4	2
29	2
0	228
1	201
20	2138
77	2412
21	1768
0	49
45	2348
5	92
0	0
0	0
37	2849
0	59
45	3078
0	652
7	2495
20	2467
0	325
0	1549
0	0
0	0
0	0
0	0
0	0
0	0
0	5
2	5
0	5
25	9
0	4
1	4
0	4
0	4
0	0
0	0
0	0
0	0
0	0
0	0
0	0
0	0
0	0
0	0
0	0
0	0
0	0
0	0
0	0
0	0
0	0
0	0
0	0
0	0
2	4486
0	0
0	0
0	0
0	0
0	0
0	0
0	0
0	0
0	0
0	0
0	0
0	0
0	0
0	0
0	0
0	0
0	0
0	0
0	0
0	0
0	0
0	0
0	0
0	0
16	49
0	46
0	5
0	3
0	50
0	2
0	4
0	43
0	0
0	1
0	3
0	1
0	21
0	5
0	0
0	2
129	2995
0	322
0	279
0	235
0	620
0	2561
0	0
10	413
0	121
0	23
0	0
3388	668
0	23
0	85
0	560
0	0
32	59411
0	0
0	0
0	0
0	0
0	0
0	0
0	0
0	0
0	0
0	0
0	0
0	0
0	0
0	0
0	0
0	0
0	0
0	0
0	0
0	0
0	0
0	0
0	0
0	0
0	0
0	0
0	0
143	671
0	36
0	26
67	593
0	43
0	357
0	87
0	0
0	197
0	4
0	91
0	100
0	4
0	31
22	282
0	0
24	9418
0	429
0	8344
0	463
0	151
0	415
0	824
7	7171
4	644
0	534
10	398
65	6081
0	60
0	247
0	0
36	2642
27	1381
0	0
0	0
0	0
0	0
0	0
0	0
21	0
0	0
0	0
0	0
0	0
0	0
0	0
0	0
0	0
19	215
0	65
17	208
0	113
0	1
0	4
0	53
0	37
0	36
0	19
0	0
0	0
0	0
0	0
0	0
0	0
0	0
0	0
0	0
0	0
0	0
0	0
0	0
0	0
126	17
0	17
0	0
0	0
0	0
0	0
0	0
0	0
0	0
0	0
0	0
0	0
0	0
0	0
0	0
0	0
0	0
0	0
0	0
0	0
0	0
0	0
0	0
0	0
0	0
0	0
0	0
0	0
0	0
0	0
0	0
0	0
0	0
0	0
0	0
0	0
0	0
0	0
0	0
0	0
0	0
0	0
0	0
0	0
0	0
0	0
0	0
0	0
0	0
0	0
0	1
0	0
3885	38710
107	40494
141	8617
602	30689
3146	26159
800	1242
66	70
2	12701
0	52
0	62
10	273
27	7849
0	0
0	0
0	0
0	0
0	0
0	0
0	0
46	2005
57	1997
9	1074
5	930
0	0
0	188
0	264
3	124
0	115
0	24
0	1
0	0
2530	2526
0	1652
27	603
13	114
0	3
0	14
8	6
0	1
0	243
0	61
0	140
0	107
0	0
0	0
0	0
0	0
0	0
0	0
817	0
0	0
0	0
0	0
0	2
0	3
0	0
0	0
6	3
0	0
0	0
0	0
0	0
0	0
0	0
0	0
0	3
0	0
0	0
0	0
0	0
0	0
1	0
0	0
0	0
0	0
439	4686
0	66
0	482
0	11
0	356
0	222
27	58
0	412
0	291
0	171
0	112
0	0
32	10
0	3626
0	0
0	0
0	0
0	0
0	1593
23	1605
208	1631
24	1587
0	0
0	811
0	0
888	2075
621	1579
28	1580
111	294
0	0
0	0
0	0
0	136
471	190
0	148
0	177
0	0
0	11
0	0
0	0
9	309
49	332
0	225
0	136
0	0
0	0
0	0
0	0
0	0
0	0
0	0
0	0
345	84
0	5
0	10
0	6
2	71
0	0
0	0
0	0
0	0
0	0
0	0
0	0
0	0
59	375
0	270
6	230
0	89
20	111
0	4
0	47
0	0
0	0
0	0
0	0
0	0
0	0
0	0
0	0
0	0
0	0
0	0
100	1230
0	578
24	1229
2	468
0	1
0	21
0	24
0	256
0	247
0	259
0	0
0	0
0	0
0	0
0	0
0	0
0	0
0	0
0	0
0	0
0	0
0	0
0	0
0	0
0	0
0	0
0	0
0	0
0	0
0	0
0	0
0	0
0	0
0	0
0	0
0	0
0	0
0	0
0	0
0	0
0	0
0	0
0	0
0	0
0	0
0	0
0	0
0	0
0	0
0	0
0	353
2554	1091
0	86
0	73
0	0
22	578
7	704
0	418
0	569
0	613
4	146
0	54
0	0
0	0
0	0
0	0
0	0
0	0
0	0
0	0
0	0
0	0
0	0
0	0
0	0
0	0
0	0
0	0
0	0
0	0
0	0
19	2
0	0
0	2170
0	1561
0	517
2	627
14	1223
0	866
11	814
0	389
0	179
0	328
0	0
0	0
0	0
0	0
0	0
0	0
0	0
0	0
0	0
0	0
0	0
0	0
0	0
0	0
0	0
0	0
0	0
0	0
0	0
0	0
0	0
0	0
0	0
0	0
0	0
0	0
0	0
0	0
0	0
0	0
0	0
0	0
8	6
0	0
0	3
0	2
0	1
0	0
0	0
0	0
0	0
0	141
0	119
10	190
0	20
0	0
0	148
0	1
0	3
0	12
0	15
0	107
0	1
2	909
21	655
17	864
1	844
0	765
43	456
0	31
0	55
0	48
0	17
0	58
0	21
0	1
0	0
0	0
0	1
9	1
0	0
0	20
0	0
0	652
51	686
201	961
0	142
0	787
0	122
0	161
0	26
47	291
0	23
16	176
1345	130
0	9
0	10
21	9
0	8
0	0
0	0
0	0
0	0
0	1
1812	124
0	0
0	29
0	72
0	59
0	0
54	34
0	15
0	45
0	2
0	2
1	11
38	14
0	0
0	0
0	0
0	0
0	0
0	0
0	0
0	0
0	0
0	0
125	0
0	0
0	0
0	0
0	0
0	0
0	0
0	0
0	0
0	0
0	0
0	0
0	0
0	0
0	0
0	0
0	513
50	359
15	513
0	83
0	576
0	131
0	97
7	520
4	119
0	0
0	0
0	0
0	0
0	0
0	0
0	0
0	0
0	0
0	0
0	0
0	0
1	837
3	588
12	849
17	793
6	372
0	64
0	0
0	178
0	147
0	92
0	93
0	42
0	0
0	0
0	187
2	410
0	27
0	185
0	259
9	380
4	140
17	132
0	2
0	11
0	0
0	8
0	1
0	6
0	1
0	7
0	1
0	0
0	1
0	6
0	0
0	0
0	1
0	1
0	1
0	0
0	1
0	12
0	96
0	3084
0	95
10	80
4	3124
15	5
0	2095
0	138
0	257
0	0
0	33
0	75
0	9
0	6
0	49
0	18
1	0
0	0
18	673
5	739
0	516
0	790
0	614
5	278
0	97
0	44
0	9
0	725
0	95
0	1253
0	50
5	63
0	38
3	51
0	23
0	3
167	3169
4	1198
37	794
5	1486
5	2534
0	184
0	634
0	15
700	2111
0	179
130	1903
0	1120
0	1282
0	406
0	976
48	1163
0	0
0	0
161	881
0	99
0	207
0	722
0	123
0	16
0	66
10	752
2	193
2	403
0	8
0	54
0	243
0	0
0	0
0	0
0	0
0	0
0	0
17	34
0	35
2	32
0	31
0	0
0	4
0	39
0	759
0	226
0	2359
10	1446
9	2001
12	1764
150	2318
0	0
22	1773
0	598
0	0
0	0
0	0
0	0
0	10
1	36
1	36
0	36
29	272
0	250
0	241
4	259
0	61
0	34
0	99
0	27
0	31
0	32
0	1
0	0
1	200
4	191
0	208
9	202
0	24
0	16
0	80
2	57
23	56
0	40
0	38
0	0
0	10
0	1
0	38
0	23
455	0
153	1788
49	1686
43	1533
25	774
3	750
14	732
0	351
0	194
0	163
0	61
26	54
0	51
0	1
0	517
4	3024
6	3011
22	2088
10	2813
0	1946
9	491
0	45
0	481
0	396
0	235
0	679
0	276
0	784
46	475
0	756
0	362
0	358
0	0
41	499
0	99
3	340
2	473
20	572
4	100
4	395
0	366
0	67
0	37
0	12
0	20
0	0
0	1
4	39
13	53
0	39
0	18
8	18
0	0
3364	3778
0	403
3	1666
2	3130
0	0
0	1169
16	366
0	66
0	148
5	31
0	22
0	4
19	282
1	205
37	3
0	8
0	12
0	5
0	0
0	0
0	0
0	0
0	0
0	0
0	0
0	0
0	0
0	0
0	0
0	0
0	0
0	0
0	0
0	0
0	0
0	0
0	0
0	0
0	0
0	0
0	0
0	0
0	0
0	0
0	627
0	328
0	622
150	2038
0	1528
0	589
0	866
0	389
0	284
0	83
0	15
0	0
0	0
0	0
0	0
0	0
0	0
0	0
0	0
0	0
0	0
0	0
0	17
0	0
0	0
0	0
0	0
0	0
0	0
0	0
0	0
0	0
0	0
0	0
0	0
0	0
0	0
1	84
395	0
0	663
30	1315
2	513
0	48
0	60
0	109
0	1
3	601
0	58
0	606
0	1173
10	293
873	1366
58	718
0	19
7	721
10	762
0	321
0	0
0	0
73	22467
0	19369
0	18512
21	17049
0	17152
0	18481
0	22182
0	2020
2	589
32	347
51	225
0	561
0	294
0	193
1	338
3	292
0	65
78	365
0	164
0	44
0	0
10	51
0	94
1	79
41	52
48	64
0	0
0	0
0	0
0	0
0	0
0	0
0	0
0	0
0	284
1	332
0	234
32	273
0	120
1	240
3	238
0	136
0	22
0	74
0	46
0	71
0	23
0	0
0	10
0	0
0	28
415	90
0	61
0	23
0	0
0	0
0	0
0	0
0	0
59	46
0	6
2	36
1	19
0	0
0	0
0	0
0	0
0	0
0	0
0	0
0	0
0	0
0	0
0	0
0	0
0	0
0	0
0	0
0	0
0	0
0	0
0	0
0	0
0	0
0	0
0	0
10	1
0	1
0	0
0	0
0	0
0	0
0	0
0	0
0	0
0	0
0	0
0	0
0	0
0	0
49	0
12	1016
5	571
0	132
0	55
0	1002
0	1005
0	7
4	196
0	133
2	311
0	71
0	99
0	2
0	178
0	0
0	0
0	7975
21	4621
0	8022
1	7834
101	3785
70	7281
16	6748
35	5734
0	6789
81	2152
0	1017
0	2136
2	216
0	2050
0	882
0	0
24	1579
0	3065
0	2421
1	1573
6	1184
8	782
17	543
0	598
0	1293
0	1149
0	806
0	1969
0	1287
0	656
12	892
0	1032
0	1489
0	1439
29	1134
27	1379
74	672
0	1273
0	89
0	1070
0	840
0	723
0	415
32	147
0	24
0	0
8	21
14	8
0	0
0	0
0	0
0	0
0	0
0	0
0	0
0	0
0	0
0	0
0	0
0	0
0	0
0	0
0	0
0	0
0	2179
0	1899
1	16698
102	32796
34	31594
4	2868
17	557
0	1280
12	1403
0	5409
0	2439
13	13428
0	2191
0	0
0	1805
0	1448
0	1517
0	1013
0	853
0	0
0	0
370	142
0	103
0	39
0	0
0	0
0	0
0	0
0	0
0	0
0	0
0	0
18	638
9	908
0	956
0	578
0	314
0	259
13	386
0	30
0	334
0	187
0	305
0	219
8	102
0	369
0	17
0	151
0	141
0	46
0	100
0	18
0	2
0	9
11	0
0	0
12	103
18	643
14	136
26	125
0	483
0	41
0	451
109	3609
0	231
0	5
0	20
0	292
122	2466
326	3076
0	267
14	927
94	1333
0	901
0	476
0	103
0	306
0	279
88	511
0	309
0	337
0	291
0	144
0	5
0	44
0	29
0	18
0	19
0	13
0	3
5	24
0	11
0	4
0	7
0	3
0	2
0	0
0	0
0	0
13	0
0	889
0	1122
0	2162
3	2090
0	107
7	840
4	628
0	200
0	115
0	134
1	84
4	18
17	0
4	223
0	37
0	142
81	17
0	16
0	43
0	1
0	29
0	35
1	29
0	0
0	2
6	32
0	2
0	0
0	0
0	0
0	0
0	0
0	0
0	0
0	0
0	0
0	0
0	0
0	0
0	0
0	0
0	0
0	1027
0	1021
0	969
0	963
34	403
3	95
0	357
0	295
0	99
13	318
0	223
0	5
6	79
0	0
0	0
0	0
0	0
0	0
0	0
0	0
0	0
0	0
0	0
0	0
0	0
0	3
17	1018
0	1005
0	3
0	1007
0	33
14	82
0	0
0	0
0	0
0	0
0	0
0	0
0	0
0	0
0	0
0	0
0	0
0	0
0	0
0	0
0	0
0	0
0	0
0	0
0	0
0	0
0	0
106	2559
29	2369
2	2585
1	2573
60	1262
0	223
0	358
2	128
0	125
0	126
0	123
0	124
0	119
0	42
0	37
18	27
0	34
0	6
0	26
0	25
0	25
0	24
0	24
86	34
0	0
0	0
655	55
4	553
16	532
15	161
5	241
54	599
27	63
14	459
0	19
2	387
5	63
0	46
0	39
0	0
0	0
0	0
0	0
0	0
0	0
0	0
0	0
0	0
0	0
0	0
0	0
0	0
0	0
0	0
0	0
0	0
0	0
3	2
1	2
0	2
0	1
0	1
0	0
0	0
0	0
0	0
0	0
0	0
0	0
0	0
0	0
0	0
0	0
0	0
0	0
0	0
0	0
0	0
0	0
9	0
1	0
6	106
0	101
11	79
0	49
0	49
0	14
5	19
0	0
0	0
0	0
0	0
0	0
0	0
0	0
0	43
22	466
0	322
0	450
5	269
37	349
11	32
0	10
0	26
0	0
0	1
60	34483
998	38107
14	6528
39	945
60	10141
59	21311
165	28569
6	890
35	6747
11	18431
0	36540
1585	25182
44	44082
0	1100
103	25515
128	34497
7	23299
7	21995
10	21764
757	20019
43	19519
24	14878
0	1738
2	22215
41	9089
14	12435
0	13
0	19091
7	11119
0	21749
11	20841
0	16141
7	20517
0	1121
0	1131
0	0
0	0
1	22
0	24
1	27
0	20
0	212
0	0
68	331
59	258
0	23
0	19
0	129
258	101
0	0
55	102
0	4
0	0
0	0
0	0
10	57
21	43
0	127
0	29
0	3
0	0
0	18
0	0
0	0
0	2
0	13
0	0
0	0
0	0
15	185
75	1121
0	371
0	419
0	68
0	746
0	2564
9	279
0	101
0	80
0	435
6	19
6	20
24	2229
0	278
0	337
99393	28891
42	2546
16	6744
16	28891
0	4500
374	21
0	21
0	0
0	0
0	0
0	0
11	0
0	0
0	0
0	0
0	0
0	0
0	0
0	0
0	0
0	0
0	0
0	0
0	0
0	0
0	0
0	0
0	0
0	0
0	4
0	4
0	173
0	173
0	173
0	1016
129	1016
0	320
0	0
0	262
0	216
0	49
20	5
2	7
0	11
0	1
2	7
0	5
0	1
0	1
0	7
0	5
0	5
0	0
0	7
2	7
0	0
0	0
0	0
0	0
0	0
0	0
0	0
0	0
0	0
0	0
0	659
6	564
0	659
0	653
0	587
2201	814
0	107
33	653
9	554
0	169
0	0
29	32
0	32
7912	46
0	0
0	0
0	35
0	35
0	35
0	36
0	35
0	35
0	36
0	31
1	35
0	31
0	35
0	24
0	34
0	29
0	31
0	31
0	31
0	27
0	13
0	0
0	1
0	1
0	0
0	0
0	0
0	0
0	0
0	0
0	0
0	4
0	20
0	20
17	61
0	38
140	138
0	33
6	55
0	0
0	0
0	0
0	82
0	0
0	0
0	0
0	0
0	149
17	444
0	444
0	0
0	0
0	141
0	167
0	207
0	103
60	288
17	217
0	2
0	68
0	164
0	35
2	68
0	87
0	84
282	602
0	205
0	120
0	0
0	0
70	804
0	804
0	0
0	5
0	0
39	91
0	11
53	80
69	89
0	108
0	4
0	0
0	0
0	0
0	0
0	0
0	0
0	0
0	0
0	0
0	0
0	0
0	0
0	0
0	0
0	0
0	0
0	21
0	21
3	23
0	1
0	2
0	0
0	0
0	0
2	199
10	199
0	0
0	0
0	0
0	0
0	0
0	0
0	1
0	0
0	0
0	0
0	0
114	1463
0	1370
27	633
0	72
5	646
28	90
15	214
0	62
46	22
0	0
0	0
0	0
0	0
0	0
0	0
0	0
0	0
0	0
0	0
0	0
0	481
0	0
0	13
0	0
0	481
0	0
0	0
2	857
0	826
0	662
0	670
0	642
0	1417
0	824
0	834
1390	1365
0	272
0	245
0	0
0	0
0	0
0	0
83	0
0	0
0	0
0	0
0	0
0	0
0	0
0	0
0	0
0	1270
0	105
0	141
0	224
25	912
0	613
3	950
43	1270
0	219
0	0
0	0
0	0
0	89
0	67
2	70
4	72
2	34
0	9
0	11
0	10
26	10
0	0
0	0
0	0
0	0
67	0
284	376
0	221
24	360
31	368
0	345
0	239
0	10
87	10
0	0
0	0
2	300
0	3
73	303
0	21
0	0
0	0
0	0
0	0
0	0
0	0
0	0
0	0
0	0
0	0
3	49
0	47
0	49
0	21
0	0
94	24
0	3
0	11
0	14
0	13
0	9
0	0
159	236
354	221
41	186
16	0
0	0
0	0
0	15
0	0
555	640
68	640
12	0
0	0
0	0
0	0
0	0
0	0
0	0
0	0
0	0
0	824
0	134
174	1287
0	134
0	0
0	912
0	1205
154	153
0	427
1	497
0	0
0	0
7	1967
0	1
1211	5474
177	5427
96	2939
163	2044
0	363
6	1542
1	624
16	443
0	0
0	0
0	0
0	24
0	12
0	0
0	0
0	0
0	0
0	0
0	0
1	2
0	0
186	749
7	215
4	542
0	45
0	3
0	6
0	0
0	0
0	0
0	0
0	0
0	0
351	128
1	49
12	94
0	0
24	0
13	11153
872	14843
0	5503
0	1734
0	2
0	14855
0	0
0	0
76	437
6	397
0	174
0	117
0	38
0	6
0	264
20	259
0	165
455	278
14	287
0	9
0	1
0	0
0	0
0	0
0	0
0	0
0	0
0	0
0	0
0	0
0	0
14	434
56	434
0	0
0	0
0	0
0	0
0	0
0	0
0	0
0	0
0	0
0	0
0	0
0	0
0	0
0	0
0	0
0	0
0	0
0	0
0	0
0	0
0	0
0	0
0	0
0	0
0	0
0	0
0	0
0	0
0	0
0	0
0	0
0	0
0	0
0	0
0	0
0	0
0	0
0	0
0	0
0	0
0	0
0	0
0	0
0	0
0	0
0	0
0	0
0	0
0	0
0	0
0	0
0	0
0	0
0	0
0	0
0	0
0	0
0	0
0	0
0	0
0	0
0	0
0	0
0	0
0	0
0	0
0	0
0	0
0	0
0	0
0	0
0	0
0	0
0	0
0	0
0	0
0	0
0	0
0	0
0	0
0	0
0	0
0	0
0	0
0	0
0	0
0	0
0	0
0	0
0	0
0	0
0	0
0	0
0	0
0	0
0	0
0	0
0	0
0	0
0	0
0	0
0	0
0	0
0	0
0	0
0	0
0	0
0	0
0	0
0	0
0	0
0	0
0	0
0	0
0	0
0	0
0	0
0	0
0	0
0	0
0	0
0	0
0	0
0	0
0	0
0	0
0	0
0	0
0	0
0	0
0	0
0	0
0	0
0	0
0	0
0	0
0	0
0	0
0	0
0	0
0	0
0	0
0	0
0	0
0	0
0	0
0	0
0	0
0	0
0	0
0	0
0	0
0	0
0	0
0	0
0	0
0	0
0	0
0	0
0	0
0	0
0	0
0	0
0	0
0	0
0	0
0	0
0	0
0	13
0	11
0	0
0	105
0	31
0	12
0	5
0	1
0	1
0	14
11	105
0	0
0	0
0	68
0	0
0	0
0	68
0	0
0	0
1	0
0	0
0	0
0	0
0	0
0	0
0	0
0	0
0	0
1156	0
2	838
10	851
0	220
143	837
0	122
26	0
0	0
0	561
14	922
0	83
0	81
0	81
0	192
0	643
0	41
0	37
0	42
0	313
8	437
0	34
0	423
0	21
0	276
0	0
0	280
10	4
0	2
0	51
0	0
0	67
0	67
4	68
0	60
0	44
0	0
0	0
0	0
0	0
0	0
0	0
0	0
0	0
0	0
0	0
0	0
0	0
0	0
0	0
0	0
0	0
94	104
24	104
0	0
0	0
0	0
0	0
1	843
10	721
2	829
22	763
0	69
14	73
0	31
0	10
0	33
0	42
0	25
0	40
0	32
0	33
0	1
132	9
0	0
0	0
0	0
0	0
489	0
0	0
0	0
0	5
0	13
0	7
3	12
0	6
0	4
0	0
0	0
0	0
0	0
0	0
0	0
0	0
0	0
0	0
1	135
0	170
0	4765
0	4806
14	4870
0	263
0	152
20	0
16	1216
897	0
0	0
0	0
25	14229
0	0
873	945
20	342
0	13
0	101
0	30
0	38
0	103
62	602
0	117
0	3
0	0
0	0
0	0
0	0
12	2
0	2
0	1112
0	548
0	1337
0	1392
0	802
0	1083
0	526
0	715
0	759
0	889
8	555
0	816
0	485
0	4
0	408
0	310
0	295
37	81
0	275
0	52
0	0
3	68
1	1517
46	1564
0	422
0	108
18	155
0	108
0	108
0	1
1	0
0	0
0	523
0	521
1	522
0	54
383	361
6	627
0	1
0	25
806	1243
0	108
2	994
0	739
1579	177
2	182
0	0
603	174
37	83
189	166
0	0
0	0
0	0
0	0
0	0
0	0
0	0
0	0
0	0
0	0
0	0
0	0
6	2993
87	2993
0	0
0	0
0	0
0	0
0	0
0	0
0	0
0	0
0	0
0	0
0	0
0	0
0	0
0	0
9	1111
23	1111
0	18
0	0
0	0
0	0
3	462
0	237
7	383
0	353
0	363
0	262
0	302
0	141
0	283
0	225
0	64
0	170
0	1
0	0
0	0
0	0
142	940
762	940
0	0
0	0
0	0
0	0
0	0
0	0
0	0
18	14
0	8
0	14
0	3
0	0
0	0
3	2862
3	2914
0	56
0	76
0	168
0	6
0	38
0	0
0	0
62	165
17	129
0	33
0	35
0	0
6	61
20	61
67	0
0	0
0	0
0	0
0	0
0	0
0	0
0	0
0	0
0	0
0	0
0	0
0	0
0	0
0	0
0	0
0	0
0	0
0	0
0	0
0	0
0	0
0	0
0	0
1638	0
22	2633
141	2769
0	2706
0	0
77	62
0	0
0	0
0	13
0	8
0	10
0	10
0	10
0	10
0	7
0	0
0	2
0	0
0	0
0	0
0	0
0	0
0	0
0	0
1774	0
0	18
111	124
6	131
4	49
2664	2890
0	1969
73	2273
8	583
4	649
0	707
0	484
8	583
0	0
0	0
0	0
0	0
0	0
0	0
0	0
0	0
0	0
0	0
0	0
0	0
0	0
0	0
0	0
0	0
0	0
0	0
0	0
0	0
0	0
0	0
0	0
0	0
0	0
0	0
0	0
0	0
0	0
0	0
0	0
339	0
0	0
15	381
25	480
7	487
0	0
0	0
0	0
0	0
0	0
26	592
22	31
0	583
0	106
0	0
0	0
0	0
0	0
0	0
0	0
0	0
0	0
1229	0
0	0
0	0
0	0
0	0
0	0
0	0
0	0
0	0
0	0
0	0
0	0
0	0
0	0
0	0
0	0
0	0
0	0
0	0
0	0
0	0
0	0
0	0
0	0
0	0
0	0
0	0
0	0
0	0
0	0
0	0
0	0
0	0
0	0
0	0
0	0
0	0
0	0
0	0
0	0
0	0
0	0
0	591
2	568
0	165
19	271
0	647
0	50
0	49
13	9
0	7
0	4
0	2
0	2
299	226
0	120
10	210
0	84
0	19
0	0
0	0
0	0
0	0
0	0
0	0
0	0
170	937
0	873
0	104
0	119
0	1
2	816
21	703
0	241
10	40
6373	966
33	953
0	0
0	0
0	0
0	0
59	612
152	602
0	14
0	310
0	595
0	20
0	120
0	0
0	1
0	516
0	523
0	516
0	542
0	369
0	37
0	241
6	292
0	292
0	255
0	240
0	279
0	274
0	35
0	248
0	9
0	0
35	0
0	0
0	0
0	419
0	0
0	0
0	0
0	0
0	6
0	34
17	297
25	269
0	47
0	255
11	135
22	3
0	80
0	93
0	28
0	17
0	0
0	0
0	9
0	2
0	0
1	96
0	0
0	0
0	0
0	0
0	0
0	0
0	0
0	0
0	46
241	512
0	11
0	330
0	135
0	0
0	0
0	0
0	0
0	0
0	0
0	0
0	0
0	0
0	0
0	0
0	0
0	0
0	0
0	0
0	0
0	0
0	0
0	0
0	0
0	0
0	0
0	0
0	0
0	0
0	0
0	0
0	0
0	0
0	0
0	0
0	0
0	0
0	0
2986	117
0	30
0	87
122	0
0	0
0	0
0	0
0	0
0	0
0	0
0	0
0	0
0	0
0	0
0	0
655	0
0	18
0	14
0	14
0	43
2	55
0	5
29	59
0	9
0	6
0	4
0	8
0	4
0	9
3	20
0	0
0	0
3	5
0	5
0	157
0	157
4	100
19	0
0	29
31	29
7	9
0	0
0	9
0	0
0	0
0	0
0	16
7	16
0	6
0	3
0	0
0	0
20	0
2	0
2	0
0	0
13	2
0	2
0	0
29	0
0	0
0	0
0	0
5	0
26	0
0	0
0	0
0	0
29	36
0	36
0	12
0	0
0	0
0	614
0	2547
0	2423
0	314
0	330
0	249
0	8
0	31
0	45
4	863
39	2152
0	65
0	1108
10	949
0	439
0	4
0	145
0	141
54	17
0	0
1	135
0	103
0	410
13	61
0	364
2	73
0	20
0	120
0	142
0	33
0	31
0	27
11	363
0	12
0	50
36	244
8	647
8	1613
10	2
0	232
5	804
0	74
5	164
5	973
0	1521
3	34
15	23
28	49
12	35
34	55
0	8
0	12
0	238
0	161
14	1327
0	237
6	915
0	39
0	174
0	378
38	1045
0	1
2	236
0	370
0	415
0	0
0	49
1	863
27	858
0	915
0	94
16	848
0	351
11	36
0	0
0	0
0	0
0	0
335	0
2085	0
0	0
0	0
1002	0
0	0
0	0
0	0
0	0
5	642
0	629
0	623
0	615
3	358
0	29
0	10
0	15
37	3
21	175
0	171
0	39
0	0
0	0
0	0
0	0
0	0
0	0
0	0
0	0
0	0
0	0
0	0
10	0
15	57
7	22
0	35
60	0
26	0
487	123
9	0
0	0
0	0
0	58
5	73
0	81
0	0
0	0
0	14
0	0
0	0
0	23
0	51
0	17
0	1
0	25
0	48
0	6
0	16
4	43
0	50
0	32
23	59
0	0
0	0
0	0
0	0
0	0
0	0
49	1
0	0
0	1
29	0
0	0
13	163
0	163
0	0
0	0
0	0
0	0
0	0
0	0
0	0
0	0
0	0
0	0
19	0
20	0
0	0
0	0
0	0
7	4
50	0
0	4
0	0
10	19
0	19
8	1
0	1
1	1
0	1
0	0
0	0
0	0
7	0
0	0
0	0
0	0
0	0
0	0
0	0
0	0
0	0
0	0
0	0
0	0
0	0
0	0
0	0
0	0
0	0
0	0
0	0
39	0
96	0
0	0
0	0
0	0
0	96
8	95
96	1
0	0
0	235
0	254
638	269
0	79
12	10
0	0
0	4
0	8
0	6
0	0
0	0
0	0
28	0
0	2
0	62
1	144
0	158
0	152
71	94
0	85
0	106
151	0
0	0
0	230
1	209
0	16
0	98
5	174
2	211
0	230
0	1
92	0
0	0
0	0
0	20
1	69
0	68
0	61
0	68
3	62
1	62
0	12
0	5
0	9
0	2
0	5
0	5
0	4
0	4
0	2
0	0
0	0
0	0
6	323
3	142
0	323
38	466
18	466
0	0
0	0
0	0
0	0
0	0
0	0
0	0
0	0
0	0
0	0
0	0
0	0
0	0
0	0
0	0
0	0
0	0
0	0
0	0
0	0
0	0
0	0
0	0
0	0
0	0
0	1
0	0
0	0
0	0
0	0
0	0
0	0
0	0
0	0
0	1445
3510	2112
0	1565
0	1993
0	138
5	157
0	1
0	0
0	0
0	0
0	0
0	0
0	0
2	10
0	10
0	0
0	0
0	0
0	0
0	0
0	0
0	0
0	0
0	0
0	0
0	0
0	0
0	0
0	0
0	0
0	0
0	0
0	0
0	0
0	0
0	0
0	0
0	0
0	0
0	0
0	0
0	0
0	0
0	0
0	0
0	0
6	2
0	2
0	0
0	0
0	0
0	0
0	0
0	0
0	0
0	0
0	0
0	0
0	0
0	0
0	0
0	0
0	0
0	0
0	0
0	0
0	0
0	0
0	0
0	0
0	0
0	0
0	0
0	0
0	0
0	0
0	0
0	0
0	25
0	25
0	25
14	25
0	84
3	110
0	113
0	111
0	112
0	113
0	20
0	46
0	0
0	3
0	4
0	0
0	29
0	5
0	7
0	7
0	3
0	1
0	1
0	1
0	0
0	0
0	0
0	0
0	0
0	0
0	16
0	0
0	0
0	0
0	0
0	0
0	0
0	0
0	0
0	0
0	0
0	0
0	0
0	0
0	0
0	0
0	0
0	0
0	0
0	0
79	527
30	527
12	392
0	0
9	2712
23	2378
0	2710
0	744
0	820
11	839
1	1154
14	156
20	1072
5	1680
17	1556
19	561
6	587
192	0
3	56
15	185
19	55
1	4
1	0
0	51
0	1
0	0
0	0
0	0
0	0
0	0
0	1
0	3
20	3
0	1
0	0
0	0
0	0
0	0
0	69
0	69
0	69
0	56
0	39
0	22
0	22
0	1
0	0
0	0
17	77
838	1213
0	0
0	0
0	0
420	52
219	52
0	0
0	18965
0	15525
0	18965
329	11941
12	11555
9	13015
21	7162
0	8449
0	6958
0	583
0	0
0	0
0	0
0	0
0	0
0	0
0	12
0	16
13	14
0	15
90	0
1	78
0	2
0	9
26	7
0	7
0	7
0	3
0	11
1	10
0	2
9	1
0	0
7	283
13	646
8	570
87	600
0	577
0	201
5	820
194	895
1	904
18	829
0	829
1	821
0	0
0	0
0	0
0	0
0	0
0	0
0	0
0	0
0	0
0	0
0	0
0	0
0	0
0	0
0	0
0	0
0	0
0	0
0	0
0	0
0	0
0	0
0	0
26	1519
31	2230
11	2201
40	2265
14	592
0	246
0	158
0	35
0	0
0	0
0	0
0	0
10	87
121	49
7	40
206	0
73	0
0	0
7	326
0	390
0	377
3	378
0	325
1	386
23	320
0	25
0	12
0	91
0	54
0	0
84	0
0	0
0	50
0	23
0	416
0	403
0	92
0	386
0	18
6	392
0	8
0	403
0	58
0	255
18	118
0	32
12	66
0	54
0	104
2	120
0	167
5	138
7	75
0	0
0	0
0	0
0	0
0	0
0	0
1	1728
174	1675
2925	1352
35	993
0	0
598	896
120	224
0	55
16	4
228	651
20	313
6	296
2	309
5	309
0	0
28	297
99	3362
93	3060
88	871
0	358
0	0
8	2231
0	345
0	0
2051	457
0	45
0	9
0	202
0	24
0	203
0	119
0	0
1366	9848
0	1479
0	7703
15	8579
0	77
0	106
0	62
0	99
0	84
0	97
0	85
2	54
0	71
0	0
0	20
0	0
0	31
1	185
0	137
0	179
0	15
0	63
0	31
0	174
0	17
0	48
0	37
0	27
0	3
0	0
9	684
306	910
0	118
0	226
0	2143
4	1779
0	1995
14	3536
0	3912
0	3911
3	320
10	355
0	330
3	301
0	340
21	337
12	365
0	379
0	378
0	0
1476	864
49	430
11	228
0	164
0	0
0	41
0	97
0	72
0	50
0	84
8254	57797
4	57733
0	57675
2	57794
4	9706
17	2195
250	3367
6	1147
0	443
0	1475
0	849
0	129
0	1333
9	866
0	564
0	1019
0	11
0	0
22	371
6	1519
138	1519
0	0
0	0
0	0
0	0
0	0
0	0
0	0
38	0
0	1
0	14
0	41
0	200
0	14
0	3
0	3
0	17
0	0
0	159
0	15
0	0
0	7
0	7
0	10
0	17
0	190
0	14
0	11
0	17
0	5
0	14
0	0
0	11
0	7
0	14
0	186
0	190
0	14
0	39
0	196
0	4
0	200
0	5
0	99
0	4
0	124
0	16
0	21
0	14
0	14
0	17
0	17
0	0
0	184
0	161
0	14
0	119
0	9
0	21
0	9
0	6
0	49
0	0
0	3
0	0
0	11
0	31
0	0
0	0
10	726
15	624
5	224
0	209
15	99
0	159
0	2149
0	1666
10	1605
8	518
0	474
9	1632
0	57
0	47
12	872
11	820
0	146
6	284
0	0
0	0
0	0
0	0
0	0
0	0
0	0
0	0
0	0
0	0
0	0
0	0
0	0
0	0
0	0
0	0
0	0
0	0
0	0
0	0
0	0
0	0
0	0
0	0
0	0
0	0
0	0
0	0
0	0
0	0
0	0
0	0
0	0
0	1233
33	1238
0	1056
0	1055
0	11
0	53
4	852
0	0
0	134
0	162
0	145
0	113
0	90
0	129
0	70
0	174
0	101
0	30
0	141
7	147
0	133
0	124
0	122
0	123
0	66
0	105
0	77
0	52
0	3
0	2
312	2258
28	2258
0	266
0	535
0	22
0	22
1	44
0	27
0	27
10	44
0	10
0	2
0	0
0	0
269	0
0	36
1	36
0	19
10	2
0	16
0	2
0	0
0	0
27	3297
24	5500
0	9944
0	10799
72	8773
0	9906
2	4790
0	1803
4	3179
0	924
1	1445
159	9013
313	10239
4450	28810
2	18264
0	0
55	6511
86	7194
0	5657
289	3893
0	1
0	10
0	0
0	0
0	0
23	1332
0	0
0	0
0	0
0	0
0	0
0	0
98	0
26	242
20	254
0	147
34	6755
0	6755
0	256
18	0
0	0
0	0
0	0
52	666
0	556
0	666
0	185
0	0
0	0
1	0
0	0
0	0
63	1553
69	1532
340	3817
28	5041
0	4471
0	4628
0	61
24	1215
0	83
0	1368
0	1351
80	3152
4	2091
15	1730
0	1836
0	1796
0	710
0	1045
0	862
0	677
0	838
5	4603
0	106
0	21
0	0
0	0
0	0
0	0
0	6
4	13
0	0
0	0
0	0
0	7
0	312
7	347
21	262
0	36
0	114
470	3893
0	3556
8	3875
5	3538
1143	0
0	51
22	55
8	55
0	32
0	9
0	9
0	9
0	7
0	15
0	0
0	2
0	8
0	0
9	16
0	10
0	0
0	0
0	0
0	9
0	10
0	9
0	2
0	7
0	0
0	0
0	497
0	855
136	1197
0	1464
2	1046
15	147
0	0
0	12
0	0
0	12
0	9
3	14
114	11720
0	1187
59	11720
0	8
0	312
0	340
0	81
0	261
0	8
0	26
0	578
1	1113
0	355
0	473
0	0
0	193
0	503
0	191
0	1108
23	4454
1	4568
39	4213
0	4449
9	3282
0	98
0	602
94	2319
0	218
0	260
0	328
0	201
6	1922
0	113
0	545
0	971
0	600
0	969
0	610
0	959
0	1029
0	449
0	440
0	702
0	480
0	23
0	47
61	47
1020	157
0	157
4	506
9	506
19	510
3	542
2	546
0	232
0	211
0	121
0	0
0	2658
50	3142
11	1960
0	433
6	1294
0	26
3	2659
0	2650
0	2086
0	773
0	35
2	54
6	40
0	2
0	106
4	153
0	96
0	100
0	27
0	27
0	0
24	471
0	122
0	212
0	467
0	463
6	368
0	29
0	18
0	130
0	113
3	226
0	14
0	5
0	34
0	103
0	100
0	457
0	0
0	0
0	0
0	0
0	0
0	0
0	0
0	0
0	0
0	0
0	0
0	0
0	0
0	0
0	0
0	0
0	0
0	0
0	0
0	0
0	0
0	0
0	0
0	30
0	59
3	86
0	50
0	36
5	83
6	86
0	48
0	47
0	23
262	10151
40	10151
0	9870
0	9893
338	9887
4	727
0	717
0	77
5	44
0	99
0	685
0	584
4	610
11	623
0	164
2	26
0	47
0	177
71	492
0	62
0	37
0	76
0	63
0	45
14	768
3	276
0	77
13	43
0	0
0	23
0	41
0	57
25	0
0	16
0	0
0	0
0	0
0	0
0	0
0	0
863	1294
0	43
1	438
0	287
0	77
0	10
0	34
0	209
0	25
0	120
0	520
0	172
15	55
0	0
0	1397
0	1332
7	1204
1	1135
0	1008
323	1473
0	0
65	0
82	1635
1	1179
198	1379
44	1064
0	894
0	916
277	1141
47	900
0	1127
23	960
3	1119
205	895
29	816
0	0
0	0
9	296
3	319
0	330
46	360
0	0
0	0
0	0
0	0
0	0
0	0
0	0
0	0
0	0
0	0
0	0
0	0
0	589
3	545
4	618
17	1122
0	1380
0	1344
0	1343
0	1380
0	167
0	96
0	22
0	164
0	0
0	0
0	0
0	0
0	0
0	0
0	0
0	0
0	0
0	0
0	0
0	0
0	0
0	0
0	0
0	0
0	0
49	0
0	0
0	0
0	0
0	0
0	0
0	0
0	0
0	0
0	0
0	0
0	0
0	0
0	0
0	0
0	0
0	0
0	0
37	1161
0	895
3	949
0	1049
0	1098
64	947
0	867
0	831
0	568
0	231
0	409
0	148
0	180
0	0
0	0
66	1842
0	279
10	1431
5	457
0	1551
0	0
0	0
0	204
0	202
6	184
0	291
1	342
0	164
16	133
0	233
0	98
0	116
0	176
0	172
0	162
0	152
0	22
0	132
0	76
0	166
8	89
0	115
9	69
0	94
0	86
0	60
0	223
0	7
0	17
0	223
0	95
0	175
16	115
0	22
0	13
0	160
0	91
0	9
0	16
0	214
0	61
0	95
0	105
0	36
0	33
0	0
0	0
0	5
0	1
0	2
0	1
0	3
0	2
0	1
0	2
0	1
0	2
0	0
0	0
0	0
0	0
0	0
0	0
0	0
0	6
0	0
0	39
0	35
0	1
0	2
0	2
0	0
0	0
0	0
0	0
0	0
0	0
0	0
0	0
0	0
0	0
0	0
0	0
0	0
0	0
0	0
0	0
0	0
0	0
0	20
0	20
0	7
0	8
0	14
0	1
0	5
0	1
0	1
0	0
0	0
0	105
8	2706
13	2613
29	40
0	169
23	207
2	724
0	633
0	303
494	0
0	0
0	0
0	0
0	0
0	0
0	0
0	0
0	0
0	0
0	0
0	0
0	0
0	59
0	237
0	25
0	248
0	248
6	248
1	237
0	21
0	26
0	27
0	5
0	0
0	120
0	57
0	286
0	101
0	52
0	5
0	7
0	8
0	8
0	1
4	9
0	1
0	2
144	1612
1	1612
0	1610
0	1612
0	1203
4	1612
2	1612
0	186
1241	253
0	238
0	27
0	23
0	57
0	94
0	114
4	140
0	91
0	125
0	36
0	129
0	151
0	40
0	33
0	38
0	23
0	419
2001	1677
0	116
9	1132
0	794
1	142
9	1724
33	1696
35	1837
0	1623
0	1623
3	19
8	24
0	35
0	0
9	11
0	0
0	584
0	0
4	584
0	0
0	0
0	0
0	574
0	0
0	0
0	0
0	0
0	0
0	0
0	0
0	0
0	0
0	0
0	0
0	0
0	0
0	0
0	0
0	0
0	0
0	0
0	0
0	0
0	0
20938	53619
25	53619
0	0
872	4
0	0
62	236
0	177
0	189
18458	4
0	0
508	19634
0	14314
309	10650
0	12426
361	12798
1761	15405
121	6664
0	4774
0	6999
0	7831
46	8933
0	8882
653	2486
0	276
273	2482
41	37
0	0
0	0
0	0
0	0
0	0
0	0
1390	105
0	0
0	362
0	456
97	467
0	240
0	400
8	412
40	291
0	59
97	2859
5	2557
79	5741
72	5742
26	584
1	55
41	1516
0	2716
279	3769
9	3459
30	1429
101	997
0	1114
12	950
6	1004
8	496
44	1289
0	2778
0	1306
29	581
490	2812
2	1713
24	3548
27	6145
3	2817
360	6145
36	6118
11	702
0	0
0	0
0	0
1	654
10	536
11	468
2	667
155	1241
464	1605
0	0
0	466
64	895
15	2164
39	2992
266	2912
50	4245
0	1409
0	2385
0	1461
4	820
49	6079
4	177
0	1255
0	158
0	119
0	6122
0	124
2	3284
66	5806
0	3259
7	5172
33	5307
50	1494
0	525
0	546
25	588
55	1459
0	1098
0	0
0	94
2476	338
1	169
0	139
0	4
0	6
9	21
7192	10691
278	5699
0	2451
302	7406
33	3576
36	2893
0	33
844	4321
1	755
49	321
0	302
0	1700
70	2296
0	3828
13	40
0	0
0	0
0	0
32	12
0	12
0	0
0	0
0	12
0	12
0	12
0	4
0	3
0	2
40	745
1	773
2	467
0	33
47	119
0	0
0	474
77	2817
92	2817
0	1863
82	209
2	209
0	0
105	470
0	470
0	0
0	0
0	0
0	0
0	0
0	0
7	45
22	161
1	161
0	128
0	25
0	33
0	6
0	3
75	36
0	5
0	15
0	14
15839	68077
41	61519
6	32317
15	44695
7	42003
100	61519
35	1787
0	25270
146	0
0	0
9	229
0	257
221	1262
4	302
7	460
0	17
0	322
0	234
13	227
34	1112
4	1117
17	667
49	982
0	1137
5	261
0	497
0	159
0	185
0	190
4	192
0	56
6	48
4	36
0	35
0	30
0	25
0	9
4426	2404
0	1968
0	1584
5	1928
38	1023
0	1391
0	649
0	556
12	129
0	406
0	405
0	63
36	1943
0	2016
0	1723
0	1741
15	554
0	500
2	206
0	426
0	351
0	86
0	3
0	203
0	0
0	0
0	2
0	0
1580	444
0	230
0	62
21	209
1	15
0	113
0	395
0	192
0	7
1	554
7	665
0	488
5	23
18	214
0	191
0	152
0	2226
25	1915
0	722
0	2232
22	1946
0	1977
2	1040
0	718
8	1991
12	988
0	1383
0	2191
4	717
0	1676
0	0
0	0
11	246
0	474
0	195
11	1915
0	385
2	359
17	383
3	462
0	405
0	0
0	0
0	0
0	0
0	0
0	0
0	0
0	0
0	0
0	0
0	0
0	0
0	368
0	364
0	0
0	0
0	0
0	0
0	0
0	0
0	1
0	1
0	0
0	69
0	194
42	1440
0	260
0	0
0	0
0	0
0	0
0	0
0	0
0	0
9	1369
0	1309
43	1476
0	0
0	2740
0	2740
55	354
103	252
7	411
21	35
0	4
0	0
0	0
0	0
0	0
0	186
0	418
0	311
0	414
4	388
41	307
0	82
0	33
0	99
0	89
0	70
0	36
0	45
0	15
0	0
0	0
0	0
0	0
0	0
0	0
0	0
0	0
0	0
0	0
0	0
10	0
0	0
0	0
0	0
0	0
0	0
0	0
0	0
0	0
0	0
0	0
0	0
0	0
0	0
0	0
0	0
0	0
0	0
0	0
5	9794
58	8893
0	9105
0	9877
0	1689
15	8893
2	202
0	205
0	144
0	204
0	140
4	182
0	143
0	85
0	137
0	0
0	1
0	2017
6	119
0	222
59	3490
0	21963
0	19086
10	12554
0	11265
3	23593
0	23479
0	23661
27	18640
16	19610
3600	25912
12	19688
16	9697
0	0
0	0
0	0
0	0
0	0
0	0
0	0
0	0
0	0
0	0
0	0
70	6846
20	6239
11	1022
0	0
0	0
0	0
0	0
0	0
0	44
1	1
0	0
3	17
375	1767
29	1446
15	1767
7	576
5	753
751	753
0	0
2	727
195	727
358	20
0	20
0	0
0	0
0	0
0	0
0	0
0	0
0	0
0	0
0	0
0	0
0	0
0	0
0	0
0	0
0	0
0	0
0	0
0	0
0	0
0	0
0	0
0	0
0	0
0	0
0	0
0	0
0	0
0	0
0	0
0	0
0	0
0	0
27	0
10	130
35	363
0	372
60	356
0	43
0	42
6	523
12	495
0	0
9	56
3	26
0	0
1729	94
0	93
13	1
0	390
0	463
1	408
0	146
0	435
0	0
934	0
628	13777
81	10015
7	7541
0	13602
107	9755
0	0
0	0
0	0
0	0
0	0
0	0
0	0
0	0
0	0
0	0
0	0
0	0
0	0
0	1
8	3013
0	3003
0	3100
0	520
0	0
0	0
0	0
0	0
0	0
0	1
1	3
0	3
0	0
0	0
0	0
0	0
0	0
0	0
0	0
0	0
0	0
0	0
0	0
0	45
0	45
0	52
7	2941
37	2934
1	2934
10	2890
70	0
0	10
0	79
0	211
0	232
0	159
0	115
0	149
0	0
0	0
0	0
0	0
0	0
0	0
0	0
0	0
0	0
0	0
0	202
28	1481
0	1596
4	543
0	288
0	190
0	345
0	172
0	162
0	3
0	0
0	44
66	309
254	314
0	92
0	41
0	0
0	0
0	0
2	448
0	371
0	357
0	358
0	4
0	12
0	295
0	308
0	395
0	0
0	9
5	260
0	0
0	0
0	0
0	0
0	0
0	0
0	70
0	52
0	128
0	88
0	102
0	101
0	113
0	87
0	0
0	0
54	10
0	10
749	12790
0	12384
0	466
0	0
0	374
0	3513
0	2728
32	9625
0	2550
0	282
0	0
684	0
0	0
0	0
7	744
581	672
0	2580
2818	4758
94	2082
700	3100
475	3391
177	1929
0	0
0	0
0	0
0	0
0	0
0	445
0	445
0	58
7	445
0	478
0	106
0	91
902	2
0	0
0	0
0	0
11	432
11	449
0	437
0	182
14	125
0	1
0	0
0	0
3	817
375	817
13	685
933	688
32	446
0	446
0	0
0	0
0	0
0	0
0	2118
251	2008
0	343
0	195
74	870
0	0
47	730
89	6820
0	713
0	3686
40	1323
53	779
0	4666
45	5129
2	1033
307	2141
75	2754
0	299
0	0
553	117
0	97
0	117
0	0
0	0
0	0
0	0
0	0
0	0
0	0
0	0
647	0
0	0
1	441
0	85
44	415
0	116
0	198
0	24
14	387
2	131
0	0
0	301
0	3312
9906	4518
0	12
32	620
22	898
756	0
0	0
0	0
0	0
0	0
0	0
31	0
0	0
0	0
0	0
0	0
0	0
0	0
0	0
0	0
0	0
0	0
0	0
18	1736
0	1514
0	153
29	252
0	3
3	411
0	385
0	0
0	0
0	0
0	342
9	349
0	60
0	60
0	36
0	42
0	8
0	4
0	0
0	0
0	0
0	0
0	0
1263	3718
0	3718
0	0
0	60
0	0
0	48
0	60
0	0
0	0
0	0
0	0
0	0
0	0
0	0
0	0
0	0
0	0
9	181
15	181
0	0
28	0
51	0
0	0
0	0
0	0
0	0
0	0
0	0
0	0
0	0
0	0
0	0
0	0
0	0
0	0
0	0
0	0
0	0
0	0
0	0
0	0
0	0
0	0
0	0
0	0
0	0
0	0
0	0
0	0
0	0
0	0
0	0
0	0
0	0
0	0
0	0
0	0
0	0
0	0
0	0
0	0
0	0
0	0
0	0
0	0
0	0
0	0
0	0
0	0
1	0
0	0
0	0
0	0
0	0
0	0
0	0
0	0
0	0
0	0
0	0
0	0
0	0
0	0
168	181
0	180
0	38
12	63
65	743
0	721
0	522
0	542
58	677
0	396
0	203
0	162
13	343
0	250
0	190
0	120
0	82
0	68
0	23
0	0
0	0
0	0
0	0
718	1192
117	1192
15	7
42	8
0	1
0	0
0	0
0	0
0	0
0	0
0	0
0	0
369	0
0	0
0	0
0	0
0	0
0	0
0	0
0	0
0	0
0	0
0	0
0	0
0	0
0	0
0	0
0	0
0	0
0	0
0	0
0	0
0	0
0	0
0	0
0	0
0	0
0	0
0	0
0	0
0	0
0	0
0	0
0	0
0	0
0	742
0	698
0	598
1	555
0	714
0	0
0	0
0	0
0	0
0	0
0	0
0	0
0	0
0	0
0	0
0	0
0	0
0	1204
4	1757
2	1772
8	1757
0	1762
0	1250
0	1776
192	798
0	17
0	785
6	672
31	593
1	49
0	36
0	0
0	0
0	0
0	0
0	0
0	0
0	0
0	0
0	0
0	0
0	51
0	51
0	9
0	3
0	0
20	2592
0	3490
2	3504
0	51
0	69
0	31
0	19
0	31
0	2
0	7
0	2511
0	3436
33	103
0	92
0	7
90	105
0	3
0	0
0	0
0	0
0	297
0	265
0	152
0	76
0	28
0	40
0	0
0	0
93	453
0	31
8	219
0	69
22	342
96	907
0	756
0	900
0	884
0	739
0	884
0	731
0	399
0	9
0	220
0	75
0	13
0	11
0	133
0	7
0	115
0	0
0	0
0	7
0	0
0	0
0	0
0	0
0	0
0	0
8	145
8	948
2	359
10	367
0	82
1124	956
0	5
0	140
0	268
0	59
0	0
0	0
0	0
0	0
0	0
0	0
0	0
0	0
0	0
0	0
0	0
1009	0
3	353
4	353
0	239
10	267
0	268
0	0
0	0
0	0
3	234
19	1318
32	1327
0	0
0	0
0	0
3148	0
1	999
0	1017
0	988
12	934
398	5996
12	1873
9	5205
0	4
0	0
41	3
33	615
21	423
0	235
3	0
0	0
0	0
0	0
0	0
0	720
938	720
74	1
0	1
2	275
0	0
455	884
0	884
1	1438
0	1369
0	1430
0	1431
0	611
107	1403
0	126
0	86
0	79
20	1852
103	1252
6	1226
0	1223
0	1224
2	1223
0	1364
0	1707
0	1157
823	99
0	99
34	2
0	2
0	0
12	1076
64	1076
0	122
5	198
0	228
0	158
0	35
0	45
0	68
4	227
0	6
1	226
0	5
14	57
0	227
0	6
0	16
0	13
0	21
0	28
0	1
0	40
98	318
4	43
30	291
42	98
0	188
1	199
1	250
0	6
2	66
0	0
0	73
0	3
7	73
0	10
0	61
0	63
0	65
0	63
0	67
0	53
0	7
0	1
0	38
0	6
0	2
0	5
0	5
0	6
0	12
0	11
2135	0
1	1008
0	177
6	996
0	983
0	29
0	9
0	36
0	29
0	73
0	31
0	27
0	37
0	89
8	272
0	6
12	69
0	9
1	77
0	8
17	466
0	377
21	220
0	3
0	0
0	0
0	0
0	0
0	0
0	0
0	0
0	0
0	0
0	0
0	0
0	0
2	11
0	3
0	1
0	7
0	0
0	5
23	3
2	2689
48	28
4018	2660
0	0
0	0
0	0
0	0
0	35
0	0
5	325
8	8
5	314
139	279
0	1
0	1
0	3
3	62
0	73
0	91
0	112
49	112
0	0
7	542
0	650
0	535
57	318
0	337
0	555
0	596
0	545
0	484
0	552
0	155
0	65
0	65
0	46
6	338
0	0
0	177
0	585
3	737
0	414
0	56
0	512
0	734
0	382
5	517
0	513
0	513
0	517
0	617
2	270
0	497
0	121
8	333
5	593
3	432
0	480
0	373
0	71
3	243
0	78
0	21
0	39
0	221
0	251
0	46
0	3
0	6
0	87
0	83
0	148
0	0
44	135
7	70
0	14
0	9
0	13
278	3
13	30
0	5
0	0
0	13
0	14
0	4
3	138
0	0
0	1093
71	1093
0	31
60	0
20	26
4	1186
0	464
13	576
0	1186
60	1190
10	0
0	300
46	114
0	121
0	615
47	642
0	62
0	1672
0	1672
962	2580
29	1687
56	904
0	0
0	0
61	2035
0	8382
0	1619
0	1283
0	1619
0	1426
0	1781
0	1422
0	1397
0	1452
0	1437
0	1469
0	1729
0	1729
0	2823
0	6965
0	6954
0	1375
0	2716
0	1243
0	1187
0	2775
0	537
0	850
0	989
0	1186
0	1296
18	2481
412	5771
0	198
278	5611
48	370
0	11
0	0
0	0
0	0
44	12
0	12
30	711
121	700
16	698
0	69
0	0
22	0
0	0
613	0
0	202
0	56
46	154
0	202
0	30
0	166
0	47
0	65
0	28
0	114
0	0
0	0
0	0
0	0
0	0
0	0
0	0
40	1606
5	1606
0	457
0	241
0	1592
23	1623
3	545
5	687
0	103
0	489
0	384
3	1596
0	108
0	209
0	0
0	357
0	338
0	316
0	304
2	1595
0	331
13	160
2	54533
8	54640
2240	54700
9	54450
0	1407
0	1345
1	1576
0	1345
0	1298
19	1576
4	1602
0	0
1882	448
11	286
7	162
0	1
0	4
8	4
0	0
0	0
847	3
0	2
0	0
0	0
0	0
0	0
1803	0
0	0
0	0
0	0
0	0
23	125
0	106
0	132
0	24
0	49
0	0
0	0
0	0
0	0
0	0
0	0
0	12
0	38
0	0
0	17
0	40
0	40
0	15
0	10
0	0
0	8
0	40
0	42
0	15
0	0
0	0
0	0
0	10
0	13
0	13
0	13
0	10
0	108
0	116
0	13
0	0
0	0
0	14
0	0
0	0
0	0
0	0
0	0
959	0
0	32
2	32
0	1
0	0
0	0
0	0
0	0
0	0
0	0
0	0
0	0
0	0
0	0
0	0
0	0
0	0
0	0
0	0
0	0
0	0
0	0
0	0
0	0
0	0
0	0
0	0
0	0
0	0
0	0
0	0
0	0
0	0
0	0
0	0
0	0
0	0
0	0
0	0
0	0
0	0
0	0
0	0
0	0
0	0
0	0
0	0
0	0
0	0
0	0
0	0
0	0
0	0
0	0
0	0
0	0
0	0
0	0
0	0
0	67
0	0
0	0
0	0
197	67
0	0
0	0
0	0
0	0
0	0
0	0
0	0
0	0
0	0
0	0
0	0
0	0
0	0
0	0
0	0
0	0
0	0
0	0
0	0
0	0
0	6
0	0
0	0
0	0
0	0
0	0
0	0
0	0
0	0
0	0
0	0
862	0
354	0
0	0
0	0
0	0
0	0
0	0
0	0
0	0
0	0
0	0
0	0
0	0
0	0
0	0
0	0
0	0
0	0
0	0
0	0
0	0
0	0
0	0
9	0
0	0
0	0
0	0
0	0
0	0
0	0
0	0
0	0
0	0
0	0
0	0
0	0
0	0
0	0
0	0
0	0
0	0
0	0
0	0
0	0
0	0
0	0
0	0
0	0
0	0
0	0
0	0
0	0
0	0
0	0
0	0
0	12
0	0
0	133
0	0
0	0
0	0
0	0
0	0
0	0
0	0
0	0
0	0
0	0
0	0
0	0
0	0
0	0
0	0
0	0
0	4790
0	4796
0	4791
0	3442
134	1073
0	737
0	123
0	2
2	151
2	151
0	23
0	23
0	24
0	5
0	2
0	40
0	25
0	29
0	28
3	31
0	32
0	36
0	29
0	29
0	28
2	26
0	25
0	26
0	25
0	4
0	27
0	25
0	3
0	13
0	14
0	24
0	5
0	4
0	4
0	24
0	19
0	20
0	13
0	7
0	3
0	6
0	0
0	0
0	0
728	0
6	16
0	8
0	9
0	6
0	0
4	101
0	113
1	101
0	7
369	0
0	0
0	0
0	0
0	0
0	0
0	0
0	0
0	0
0	0
0	0
0	0
0	0
0	0
0	0
0	0
0	0
0	0
0	0
0	0
0	35
0	30
3	41
0	20
0	22
0	2
0	0
0	58
0	58
6	229
0	229
0	19
0	120
39	433
1	0
24	591
0	91
3	593
0	21
0	200
0	88
49	162
0	90
0	28
0	2
0	0
0	0
0	0
0	0
0	0
0	0
0	0
0	0
2	3314
0	3057
1	3575
0	411
0	320
0	320
107	7
0	0
0	0
0	0
0	0
0	0
0	0
0	0
0	0
0	0
0	0
7	270
0	369
2	344
0	88
4	267
6	210
0	57
0	43
0	4
0	36
0	65
0	27
0	29
0	0
0	0
0	0
0	0
0	0
0	0
0	0
0	0
0	0
0	0
0	0
0	0
0	0
0	0
0	15
31	17
0	6
0	2
0	0
0	0
0	0
0	0
0	0
0	0
0	0
0	0
0	0
0	0
0	0
0	0
0	0
0	0
0	0
0	0
0	0
0	0
0	0
0	0
0	0
0	0
0	0
0	0
0	0
0	0
0	0
0	0
0	0
0	0
0	0
0	0
0	0
0	0
0	0
0	0
0	0
0	0
0	0
0	0
0	0
0	0
0	0
0	0
0	0
0	0
0	0
0	0
0	0
0	0
0	0
0	0
0	0
0	0
0	0
0	0
0	0
0	0
0	0
0	0
0	0
0	0
0	0
0	0
0	0
0	0
0	0
0	0
0	0
0	0
0	0
0	0
0	0
0	0
0	0
9	3628
0	3721
0	3715
0	3491
14	729
19	510
18	603
27	692
0	3017
6	168
0	0
0	17
0	2
6	56
1	46
0	43
41	825
0	16
0	52
0	241
0	634
0	667
43	578
0	31
0	574
0	287
0	239
10	152
0	17
0	42
0	0
0	29
0	22
0	4
0	1
0	0
0	0
0	0
16	12
25	14
0	12
0	2
0	0
0	0
0	0
5	232
21	259
0	56
0	81
0	59
15	995
4	915
197	38
0	31
0	644
0	39
0	4
5	714
0	10
0	128
0	12
0	9
0	1
0	2
0	37
3	43
0	0
0	0
0	0
0	0
0	0
0	0
0	0
0	0
0	0
0	0
0	52
0	0
0	0
0	0
0	0
0	0
0	0
0	0
0	0
0	0
0	0
436	257
0	277
0	118
0	84
0	111
66	268
0	190
0	4
0	2
0	0
0	0
0	0
182	77
0	0
0	0
0	0
0	0
0	0
0	3
0	0
105	24
0	7
0	44
0	44
0	0
0	58
0	57
0	68
34	65
0	46
0	0
0	0
0	0
0	0
0	0
0	0
0	0
0	0
0	0
0	0
0	0
0	0
0	0
0	0
0	0
0	0
0	0
0	0
0	0
0	0
0	0
0	0
0	0
1	787
0	0
0	0
0	0
0	0
0	0
0	0
0	0
0	0
0	0
0	0
0	0
0	0
643	2572
0	0
0	41
0	2488
0	193
0	0
0	61
0	0
0	0
1	1456
0	1038
5	1157
0	1039
53	3049
15	2952
8	877
0	3041
0	35
0	105
0	71
0	0
1	44
0	44
0	4
0	0
0	2
0	8
0	0
0	8
0	6
0	7
0	5
0	0
0	0
0	0
0	0
0	0
0	0
0	0
0	0
0	0
0	0
0	266
0	0
0	0
0	1
0	7
0	0
0	0
0	0
0	0
0	0
0	0
0	0
0	0
0	0
0	0
0	0
0	0
0	0
0	0
0	0
0	0
0	0
0	0
0	0
0	0
0	0
0	0
0	0
0	0
0	0
98	917
12	879
0	766
0	1
0	0
406	2
0	0
12	0
0	2
0	0
0	0
0	0
0	0
0	0
0	0
0	0
0	0
0	0
0	0
0	0
0	0
0	0
0	0
0	0
0	0
0	0
0	298
1	239
0	59
0	0
0	0
0	2
0	252
0	259
0	293
0	252
0	185
0	44
0	2
0	3
4	101
0	0
0	0
325	0
0	0
0	1
0	0
0	605
0	680
0	852
0	769
0	0
0	21
0	0
0	0
0	390
1	390
0	0
0	0
0	18
0	0
0	0
0	0
0	0
0	0
0	0
0	0
0	0
0	0
0	0
0	0
0	0
0	1
0	0
0	0
0	0
0	31
0	9
0	9
0	8
0	2
0	2
0	0
0	0
0	0
0	0
838	41
0	0
0	0
0	0
0	0
0	0
0	0
0	0
0	0
0	0
0	0
0	0
0	0
0	0
0	0
0	0
0	0
0	0
0	0
0	0
0	0
0	0
0	0
0	0
0	0
0	0
0	0
0	0
0	0
0	0
0	0
0	0
0	0
0	0
0	0
0	0
0	0
0	0
0	0
0	0
0	0
0	0
0	0
0	0
1	1500
0	720
0	1489
0	1380
0	1505
0	1484
0	1496
0	1505
0	228
0	647
0	0
0	0
0	12
6	0
0	0
0	0
0	0
0	0
0	0
0	0
0	12
0	0
0	0
0	23
0	18
0	7
1	23
0	4
10	5
0	2
0	0
23	0
22	0
52	7
0	7
3	0
0	0
0	0
0	0
0	0
0	0
0	0
0	0
0	0
0	45
0	0
0	0
0	0
0	0
0	0
8	266
475	266
0	64
0	0
37	2978
222	3297
0	304
0	2563
0	216
49	2908
0	2854
0	3251
0	492
7	2420
0	237
0	108
0	286
0	256
0	0
0	20
0	150
10	721
0	181
0	0
0	0
0	0
0	0
35	557562
74	406365
20	467035
16	79549
46951	559476
286	490168
51836	557156
128	177144
73	167007
43	98823
28	57261
0	0
0	0
0	0
253	37
0	37
0	0
0	0
1	107
0	106
0	104
0	1
0	0
0	0
0	0
0	0
0	0
0	0
0	0
0	0
0	0
0	0
0	0
0	0
0	0
0	0
0	0
0	0
0	0
0	0
0	0
0	0
0	0
0	0
0	1198
367	1198
20	328
193	299
29	264
82	31
0	8
1	22
898	3362
45	3173
0	2287
0	192
0	0
0	0
0	0
5	3
0	3
0	3
0	3
0	0
0	0
0	0
0	0
0	0
0	0
0	0
0	0
0	0
0	0
0	0
0	0
0	0
0	0
0	0
0	0
0	0
23	1556
0	883
87	1516
8	88
23	234
0	1
44	684
0	38
11	146
43	852
0	42
0	70
0	0
0	0
0	0
0	0
0	0
0	1680
0	1668
52	1568
0	1199
4	1447
0	1193
0	93
0	30
0	0
0	0
0	0
0	0
0	0
0	0
0	0
0	0
0	0
0	0
0	0
0	0
0	0
0	0
0	0
0	0
0	0
0	0
0	0
0	0
0	0
0	0
467	96
0	59
0	30
0	33
2185	916
17	916
0	0
0	0
406	1747
276	1612
71	1732
10	4
0	0
0	0
0	0
0	0
0	0
0	0
0	0
0	0
0	0
0	0
0	0
0	0
0	0
23	0
0	0
0	0
0	0
0	0
0	0
0	0
0	0
0	1611
2	1548
3	1727
0	50
0	130
0	148
0	197
0	0
0	198
0	206
0	87
0	155
0	0
0	166
11	429
221	403
0	0
0	0
0	44
12	0
0	0
0	0
0	0
0	0
0	0
0	0
0	0
0	0
0	0
0	0
0	68
0	68
3	68
0	1
0	0
0	0
0	0
0	0
0	0
0	0
0	0
0	0
0	0
0	0
0	0
1	2179
1	1674
0	412
66	888
0	1873
0	1820
0	1323
2	1476
0	118
0	1430
0	0
0	0
0	13
0	13
0	13
0	89
0	75
0	20
0	53
0	41
14	26
0	28
0	0
0	0
0	0
0	1164
13	1302
0	1132
0	7
0	15
189	1069
0	8
0	0
0	49
8	898
0	829
1	332
0	357
4	318
11	56
0	0
0	79
0	36
0	53
0	0
0	45
0	15
0	14
378	0
33	0
0	0
0	0
0	0
0	0
0	0
0	0
0	0
0	0
0	0
0	0
0	0
0	0
0	0
0	0
0	0
0	0
0	0
0	0
0	0
0	0
0	0
0	0
0	0
0	0
0	0
0	0
0	0
0	0
0	0
778	219
46	92
40	127
0	0
0	0
0	0
0	269
0	293
0	301
0	293
3	128
0	92
0	3
0	0
0	0
0	0
0	0
0	0
0	0
0	0
0	0
0	0
0	0
0	0
0	0
0	0
0	0
0	1
0	0
0	1
0	0
0	0
0	0
0	0
0	0
0	0
0	0
0	0
0	0
1	0
0	0
0	0
0	0
0	0
4	205
0	35
6	208
0	26
0	11
0	0
2	1611
0	1652
0	986
17	85
12	1527
8	1467
0	1726
0	1354
0	186
7	1405
12	191
8	1283
0	217
5	539
0	56
0	0
0	71
4	198
0	66
38	323
28	6614
0	7385
755	3541
30	1003
0	0
0	9
0	2215
3	44
0	1
0	161
1	88
0	355
40	5123
1	83
4	297
0	1899
0	1
20	1794
7	297
0	64
3	2142
761	4771
0	67
5	1075
3	61
0	2224
0	3
0	0
0	0
0	0
0	0
0	0
0	0
0	0
0	0
0	0
0	0
0	0
0	0
0	0
0	0
0	6
0	0
0	0
0	0
0	0
0	0
0	0
0	0
0	0
0	0
0	0
0	0
0	0
0	0
13	0
0	0
821	3611
17	162
0	0
0	3609
11	236
0	90
0	90
0	139
0	0
0	0
0	0
0	0
0	0
0	153
0	217
2	217
0	2
0	38
0	1
11	57
23	1
0	0
0	4
0	4
1	4
0	2
0	0
0	0
0	0
0	0
0	0
0	9
0	997
0	0
0	0
0	0
0	0
0	1098
12	1677
0	1584
244	1945
0	1093
0	0
500	55
0	0
19	2
0	53
0	864
3	942
38	0
45	905
0	39
0	0
1593	0
74	0
0	0
0	0
0	0
0	0
0	0
0	0
0	0
0	0
0	36
2	36
0	17
0	7
0	8
0	11
0	3
0	0
0	0
0	0
0	0
1081	813
1	642
0	680
0	508
0	0
0	0
0	0
0	0
0	0
0	0
0	0
154	1088
1340	1088
323	707
0	0
0	0
0	0
0	0
0	0
0	0
1102	0
0	0
0	0
0	0
0	0
0	0
0	0
0	0
0	1
0	2
0	1
0	0
8013	0
131	1553
0	1196
104	580
0	0
0	127
0	0
0	12
0	14
0	0
0	0
0	0
0	9
0	0
0	2
0	0
0	1
0	10
0	10
0	0
0	0
1	108
0	9
0	0
0	0
0	0
0	0
0	0
0	0
0	0
0	1
0	0
0	1
0	20
0	4
86	726
13	651
5	152
7	157
0	109
2	97
126	3433
60	110
0	3331
0	27
0	615
0	0
0	0
0	0
0	0
0	125
0	129
0	684
0	34
11	728
5	81
0	0
0	0
0	0
0	0
0	0
0	0
0	0
0	0
0	0
0	0
0	0
0	0
0	0
0	0
0	0
0	0
0	0
0	0
0	0
0	0
0	0
0	0
0	0
0	0
0	4704
0	4773
0	5522
0	5461
454	2215
293	2588
0	0
0	0
0	0
0	0
0	0
0	0
0	0
0	0
0	0
0	0
0	0
0	0
0	0
0	0
0	0
0	0
0	0
0	0
0	0
0	0
0	0
0	0
0	0
0	0
0	0
0	0
0	0
0	0
0	0
25	0
0	149
878	242
0	93
0	0
0	0
0	0
0	0
0	0
0	0
0	0
1951	0
0	0
0	0
0	0
0	0
0	0
0	0
0	0
0	0
0	0
184	0
118	291
55	235
95	107
0	0
0	0
0	0
0	0
0	0
0	0
0	0
0	0
277	419
8	398
0	0
0	120
0	53
0	3
0	102
49	49
0	22
0	19
0	79
9	24
0	0
0	0
0	0
0	0
0	0
0	0
0	0
0	0
0	0
0	0
0	0
0	0
0	0
0	0
0	0
0	0
283	313
15	313
0	0
0	0
0	2
0	0
0	0
0	0
0	0
104	109
0	66
4	43
363	2660
59	2532
16	109
102	249
58	1489
31	180
87	152
0	166
81	349
6	235
401	0
0	85
0	59
0	86
0	66
0	0
3	60
0	5
0	7
0	14
12	58
0	59
0	29
0	0
1	0
0	0
0	1953
147	1816
38	1769
13	1597
0	814
0	846
0	468
34	680
0	600
0	840
0	511
0	4
0	633
0	460
1	486
0	288
14	335
0	33
0	77
0	16
0	0
0	0
0	0
0	0
0	0
0	0
0	0
0	0
0	0
0	0
0	0
0	0
0	0
0	0
0	0
0	0
0	0
0	0
0	0
0	0
1556	1500
37	188
0	1165
0	841
0	331
0	166
111	145
0	0
25	0
0	0
0	0
0	0
0	0
0	0
0	0
0	0
0	0
0	0
0	0
0	0
0	0
0	0
0	0
0	0
0	0
0	0
0	0
0	0
0	0
0	0
0	307
39	247
0	193
0	282
0	176
1	98
0	95
0	41
0	142
0	20
0	22
0	14
0	0
0	0
0	0
0	0
0	0
0	0
0	0
0	0
0	0
0	0
0	0
0	0
19	8
0	8
0	8
0	0
0	0
0	0
0	0
0	0
0	0
0	0
0	0
0	0
0	0
0	0
1180	0
30	0
0	0
0	0
0	0
0	0
0	0
0	0
0	0
0	0
0	127
0	114
0	326
4	503
0	376
0	453
0	564
0	462
92	426
3	112
19	54
0	856
64	1633
0	16
0	8
6	123
9	62
0	1572
0	0
0	0
0	0
0	0
44	2562
0	2562
58	527
0	158
0	0
0	0
0	0
0	0
1	15
0	0
0	0
5	15
0	0
617	171
0	2
34	170
0	0
0	0
0	0
0	0
0	0
0	0
0	0
0	0
0	0
0	0
0	0
0	0
0	0
0	0
0	0
0	0
59	1155
75	1133
121	1161
154	90
5	371
2	371
0	0
85	474
0	0
168	474
0	0
0	0
0	0
0	0
0	0
0	0
0	0
0	0
0	0
0	0
0	0
0	0
0	0
0	0
0	0
0	0
0	0
0	0
0	0
0	0
0	0
0	0
0	0
0	0
0	0
0	0
9365	6172
633	3537
534	834
0	140
0	331
0	272
50	942
39	998
0	128
0	2
0	0
0	0
22	94
0	0
0	0
0	0
2	2
0	0
5	150
18	127
1	17
0	4
0	6
0	2
0	0
0	0
0	0
0	0
0	0
0	0
0	0
0	0
0	0
251	2239
360	1993
0	2119
22	676
0	0
0	0
0	0
0	0
0	0
75	129
0	7
1	88
19	28
0	20
0	0
0	8
0	0
0	0
0	0
0	0
0	0
0	0
0	133
0	133
0	53
0	0
0	0
0	0
0	0
0	0
0	0
0	0
0	0
0	0
0	0
0	0
0	0
0	0
0	0
0	0
0	0
0	0
0	0
0	0
35	225
0	225
17	225
0	23
0	29
0	18
0	0
0	9
0	0
38	60
0	6
0	176
1	79
0	46
0	16
0	5
0	50
0	91
0	34
13	29
0	19
0	19
0	55
1	74
0	140
0	36
0	35
7	111
0	73
0	76
0	172
0	172
5	74
0	0
0	0
0	0
0	0
0	0
0	0
0	0
0	0
0	0
0	0
0	0
0	0
0	0
0	0
0	0
0	0
0	0
0	0
0	0
0	0
44	9797
121	10392
190	8701
198	11481
507	10818
57	10691
27	7101
2	2668
28	1335
0	1033
0	0
0	9
0	9
0	0
0	9
0	0
0	0
0	0
0	0
0	0
628	200
0	14
0	177
63	1420
20	1398
8	1573
119	514
5	1589
0	207
18	28
0	256
755	22
0	0
0	113
0	0
0	0
0	0
0	0
0	38
12	113
17	60
0	15
0	24
0	6
0	28
0	0
1	28
0	27
30	28
0	0
0	0
0	0
0	0
0	0
2	58
0	57
0	58
0	58
0	58
0	8
0	5
0	5
0	1
0	1
0	544
0	1179
0	1176
4	459
0	22
0	35
0	11
0	0
0	0
0	0
0	0
0	0
0	0
0	0
0	0
0	0
0	0
0	0
0	0
10	0
0	0
0	0
0	0
0	0
0	994
8	1048
0	1004
0	100
0	30
0	5
1	53
9	53
0	0
0	0
0	0
0	0
0	0
0	0
2	0
0	0
207	3120
0	2760
0	2691
7	1404
0	2855
23	2611
11	2311
7	684
0	0
292	947
59	947
0	0
0	0
0	576
56	1456
130	1234
17	632
0	0
0	0
0	26
3	152
0	35
0	32
0	35
676	144
0	0
0	0
179	0
19	0
0	0
48	513
5	1393
0	1422
3	1419
0	1396
0	1394
0	1420
0	294
0	53
0	0
0	1
0	26
0	5
0	11
31	28
0	0
0	0
0	0
0	0
0	0
2	40
0	11
0	0
0	0
0	26
0	16
0	0
0	1
4	36
0	7
0	0
18	816
21	756
2	805
0	798
2	180
0	297
0	241
0	230
0	145
0	0
0	483
4	479
37	0
0	0
0	12077
0	13004
0	11730
86	9894
68	10656
650	11651
0	2131
4	3510
48	1176
0	1724
0	1123
0	42
0	975
18	510
0	3826
0	3774
32	3170
0	2816
19	2771
112	2839
0	2636
0	2508
0	2258
0	2044
0	2506
0	1736
42	323
0	1032
0	481
0	0
0	1
0	0
0	0
0	0
0	0
0	0
0	0
0	1
0	0
0	0
0	0
46	184
0	156
0	155
0	10
0	72
25	0
0	50
0	11
0	35
0	15
0	0
0	0
0	0
0	0
0	0
0	0
0	0
0	0
0	0
0	0
0	0
0	0
0	0
0	0
0	0
0	0
0	0
0	0
0	0
0	0
0	0
0	0
0	0
0	0
0	0
0	0
0	0
0	0
0	0
0	0
0	0
0	0
0	0
0	0
0	0
0	0
0	0
0	0
0	0
0	0
0	0
0	0
0	0
0	0
0	0
0	0
0	0
0	0
0	0
0	6
0	0
0	0
0	0
0	0
0	0
0	0
0	3
0	0
0	0
0	0
0	0
0	0
0	0
0	0
0	0
0	0
0	0
0	0
112	0
12	0
0	0
0	0
0	0
0	0
0	0
4774	0
63	0
0	0
67	2907
26	1674
2	2800
293	2939
0	427
0	89
3	485
0	284
0	265
0	250
0	171
0	133
0	156
60	196
0	99
0	143
0	69
0	0
0	0
0	0
0	0
0	0
0	0
0	0
0	0
0	0
0	0
0	0
0	0
0	0
0	0
0	0
0	0
0	0
0	0
0	0
0	0
0	0
0	0
0	0
0	0
0	0
0	0
0	0
0	0
0	0
0	0
0	0
0	0
284	0
0	0
4828	1020
20	592
0	102
104	376
0	0
0	0
0	0
0	0
0	0
0	0
0	53
682	0
0	112
0	220
0	0
0	3
14	239
0	0
0	105
0	1464
0	0
0	0
0	0
0	101
0	1435
0	1494
1	1184
51	1273
0	1
60	993
0	3
1431	134
0	240
0	42
0	0
0	0
0	0
0	34
2	34
6	34
0	7
10	9
0	9
0	9
0	0
0	0
0	0
0	0
0	0
0	0
171	820
6	273
135	920
0	4
20	222
26	217
0	0
0	0
0	0
15	86
179	417
0	253
0	151
0	26
302	175
15	167
0	0
0	0
0	0
0	0
0	0
0	0
0	0
0	0
0	0
0	0
0	0
0	0
0	0
0	0
0	0
0	0
0	99
0	0
0	0
0	0
0	0
0	0
0	0
0	95
123	98
10	56
0	1
0	12
0	10
0	2
0	0
0	0
0	1044
53	1038
0	944
0	0
2735	278
0	0
0	0
1	4098
0	0
0	346
0	340
0	80
0	68
0	70
0	76
0	40
0	24
0	15
0	14
0	0
0	0
0	0
0	0
0	0
0	0
0	240
0	235
0	12
23	46
0	8
0	20
0	61
0	18
0	3
432	63
0	63
0	0
0	0
0	0
0	0
0	0
0	0
0	0
0	0
0	0
0	0
0	0
0	0
0	0
0	0
0	0
0	0
0	0
0	0
2219	0
0	0
0	0
0	0
0	0
0	0
0	0
9	51
7	108
3	96
0	88
0	3
11	19
0	7
0	2
0	12
0	0
0	0
0	0
0	0
0	0
0	0
0	0
0	0
0	0
0	0
0	0
0	0
0	0
0	0
0	0
40	361
6	371
0	74
299	0
1922	0
0	0
0	0
0	0
0	0
0	0
0	0
0	0
0	0
0	0
0	0
0	0
0	0
0	0
0	0
0	0
0	0
0	0
0	0
0	0
0	0
0	0
0	0
0	0
0	0
0	0
0	0
0	0
0	0
0	0
0	0
0	0
0	0
0	0
0	0
0	0
0	0
0	0
0	0
0	0
0	0
0	0
0	0
0	0
0	0
0	0
0	0
0	0
0	0
0	0
0	0
0	0
0	0
0	0
0	0
0	0
0	0
0	0
0	0
0	0
0	0
0	0
0	0
0	0
0	6
0	6
0	6
0	6
0	1
0	0
0	0
0	0
0	0
0	0
0	6
0	0
0	0
0	1
0	0
10	6
0	0
23	133
50	443
0	380
23	122
175	477
0	133
0	19
0	154
0	54
0	0
0	0
0	0
0	0
0	0
0	0
0	0
0	0
0	0
0	0
0	0
0	0
51	1291
18	1305
0	34
0	114
19	654
0	36
0	35
0	43
0	114
25	827
0	717
0	0
0	0
563	0
0	0
11	532
0	162
56	524
17	500
0	231
0	2
11	89
0	136
0	0
0	91
0	0
0	0
5	54
93	96
230	96
0	0
0	0
0	0
0	0
0	52
0	32
0	0
0	0
0	0
0	0
1	227
0	226
0	25
0	233
0	1
1	227
0	0
0	14
0	0
0	8
0	5
0	26
1	229
14	227
0	27
0	990
0	887
5	885
24	768
0	487
2	549
0	502
0	541
0	220
2	410
0	350
0	155
0	256
0	28
0	134
0	37
0	0
0	131
0	156
0	44
0	46
0	128
0	121
0	0
0	1
0	0
0	0
0	0
0	0
0	0
0	0
0	0
0	0
0	0
0	0
0	0
0	0
0	0
0	0
0	0
0	0
0	0
0	0
0	0
0	0
0	0
0	0
0	0
0	0
0	0
0	0
0	0
0	0
0	0
0	0
0	0
0	0
0	0
0	0
0	0
0	0
0	0
0	0
0	0
0	0
0	0
0	0
0	0
0	0
0	0
0	0
0	0
0	0
0	0
0	0
0	0
0	0
0	0
0	0
0	0
0	0
0	0
0	0
0	0
0	0
0	0
0	0
0	0
0	0
0	0
0	0
0	56
0	0
0	0
0	0
0	0
0	52
31	52
0	50
0	0
0	0
0	0
0	0
0	0
0	0
0	0
1	184
0	14
0	184
0	182
0	22
2	186
0	180
0	182
0	14
0	13
0	0
0	0
0	0
0	0
0	0
0	0
0	0
0	0
0	0
0	0
0	0
0	0
0	0
0	0
0	0
0	0
0	0
0	0
0	0
0	0
0	0
0	594
37	594
0	591
0	591
0	0
0	0
0	0
0	0
11	990
0	909
0	2139
10	2379
0	2160
0	2617
0	2742
0	839
0	2026
0	2422
1	2544
0	842
0	1423
4	102
0	226
0	1203
0	1436
0	1809
0	83
0	264
0	311
0	0
0	56
0	0
0	1129
0	243
0	202
0	183
0	209
0	175
0	156
0	112
0	101
0	0
0	0
0	0
0	0
0	0
0	0
0	0
0	0
0	0
0	0
0	0
0	0
0	0
0	0
0	0
0	0
0	0
0	0
0	0
6	929
1	1119
26	393
1	958
0	988
0	7
0	560
0	283
0	27
0	0
0	0
0	0
0	0
0	0
0	0
0	0
0	0
0	0
0	20
0	0
0	0
0	0
0	0
0	0
0	0
0	0
0	0
0	0
26	0
0	0
0	0
0	0
0	0
0	0
0	0
0	0
0	0
0	0
0	0
0	0
0	0
0	0
0	0
0	0
1	350
36	350
0	50
15	0
942	377
103	378
42	237
0	26
0	0
0	0
0	0
0	0
0	0
0	0
0	0
0	0
0	0
0	0
0	0
0	0
0	0
0	0
0	0
0	0
0	0
0	0
0	0
0	0
0	0
0	0
0	0
0	0
0	0
0	0
0	0
0	0
0	0
0	333
2	427
10	363
0	361
0	354
0	243
0	141
0	175
0	79
0	170
0	72
0	93
0	88
0	76
5	38
0	26
0	0
0	0
185	22
0	7
0	15
27689	12571
373	11630
0	0
0	0
0	0
0	0
0	0
0	0
0	0
0	0
0	0
0	0
0	0
0	0
0	0
0	0
0	0
0	0
0	0
0	0
0	0
0	0
0	0
0	0
0	0
0	0
0	0
0	0
0	0
0	0
0	0
0	0
0	0
0	0
0	0
0	0
0	0
0	0
0	0
0	0
0	0
0	0
0	0
0	0
0	0
0	219
0	414
0	129
22	288
10	432
0	78
13	95
0	8
0	14
0	0
0	0
0	0
0	1
0	0
0	1
0	0
0	1
0	1
0	1
0	1
0	0
0	0
0	0
0	0
0	1
0	1
0	0
0	0
0	0
0	0
0	0
0	0
0	0
0	0
0	0
0	0
0	0
0	0
0	0
0	0
0	0
0	0
0	0
0	0
0	0
0	0
0	0
0	0
0	0
0	0
0	0
0	0
0	0
0	0
0	0
0	0
0	0
0	0
0	0
0	0
0	0
0	0
0	0
0	1
0	1
0	0
0	0
0	0
0	0
0	0
34	8108
0	3011
0	6843
53	7221
377	7528
46	6491
0	4427
0	1003
0	2152
0	1078
0	813
94	467
0	447
489	869
87	728
0	75
0	0
0	716
0	696
0	699
0	703
0	709
0	704
0	694
0	706
0	695
0	695
0	746
0	466
0	176
0	628
0	418
0	410
0	431
0	418
0	376
0	398
0	407
0	388
0	422
0	388
0	447
0	297
0	422
0	429
0	310
0	403
0	435
0	646
0	642
0	596
0	634
0	645
0	659
0	598
0	675
0	200
0	15
0	0
0	0
0	0
0	0
0	190
0	192
0	94
0	14
3	101
0	12
0	171
0	5
0	4
0	118
1	139
0	6
0	26
0	1
0	0
0	0
0	1
0	0
0	0
0	0
0	0
0	0
0	0
0	0
0	0
0	0
0	0
0	0
0	0
0	0
0	0
0	0
0	0
0	0
0	0
0	0
0	0
0	0
0	0
0	0
0	0
0	0
0	0
0	0
0	0
0	0
0	0
0	0
0	0
0	0
0	0
0	0
7	319
5	277
12	354
0	9
0	153
0	36
0	0
0	5136
0	5456
0	5193
0	276
0	5146
0	5072
0	3744
0	4064
4	2897
0	501
0	3069
0	2847
21	426
0	468
0	2694
3	278
0	20
0	171
0	25
0	2630
0	2364
0	8
0	224
0	100
0	0
0	0
7	71
0	66
0	54
0	59
0	60
0	56
0	50
0	47
0	40
0	0
0	0
0	0
0	0
0	0
0	0
3841	55
0	55
59	0
0	0
0	96
0	27
96	96
0	0
0	0
0	0
0	0
0	0
0	0
0	0
0	0
0	0
0	0
0	0
0	0
0	0
0	0
0	0
0	0
0	0
0	0
0	0
0	0
70	2900
0	2751
0	2751
0	2744
0	2748
18	2752
0	2755
3	2767
3	2756
0	575
0	437
0	136
0	0
0	0
0	7
0	0
0	0
0	0
0	0
0	0
0	0
0	3
0	0
0	8
0	8
4	8
0	0
0	13
17	13
13	10
12	25
0	25
0	2
66	11330
0	42
35	1126
72	11256
0	377
0	3560
0	3899
0	5912
0	9955
0	9492
30	696
0	0
0	0
12	0
0	0
136	0
6	0
0	0
0	0
0	0
0	0
0	82
347	56
2	107
0	20
5	17
0	17
0	1
0	1
0	1
0	1
0	0
0	0
0	0
0	0
0	0
0	0
0	0
0	0
0	0
0	0
24	4
0	4
0	1
0	516
0	516
0	507
0	0
0	0
0	0
0	0
0	0
0	0
0	0
0	0
0	0
0	1554
0	1217
0	1450
0	1341
0	1126
22	173
6	1054
0	419
0	1261
2	1538
0	1202
0	3
0	15
0	113
0	1
0	98
4	38
0	199
0	64
0	85
0	9
2688	0
0	0
515	1
0	0
0	0
0	0
0	0
0	0
0	0
0	0
0	1
0	0
0	0
0	0
0	0
0	0
0	0
33	0
0	0
0	0
0	18
0	22
0	23
0	0
121	23
0	1
0	0
0	0
0	0
28	325
12	314
10	314
17	76
0	0
0	0
0	0
0	0
0	0
0	0
0	0
0	0
0	0
0	0
0	0
0	0
0	0
0	0
0	0
0	0
0	0
0	0
0	0
11	0
0	0
0	0
0	0
0	0
0	0
0	0
0	0
0	0
0	0
0	0
0	0
0	1178
11	1172
24	1311
0	861
0	170
0	0
0	0
0	0
0	0
0	0
0	0
0	0
0	0
0	0
0	0
0	0
0	0
0	0
0	0
0	0
0	0
0	0
0	0
0	10
9	1234
0	1206
6	1234
0	4
0	0
0	0
0	0
0	0
0	0
0	0
0	140
0	15
9	317
66	317
4	240
39	2
5	238
4	186
0	114
0	0
0	0
0	0
0	0
0	0
0	0
86	363
26	363
38	0
0	0
0	0
0	0
24	166
481	230
0	64
0	17
1175	263
14	77
0	174
0	16
1	18
0	14
0	20
0	18
0	3
0	2
0	0
0	3
0	0
0	4
0	2
0	0
0	0
824	218
0	218
0	0
0	0
0	0
0	363
25	274
0	352
0	346
9	319
5	366
2	321
0	318
4	260
0	198
0	20
0	20
0	28
0	19
3	31
0	0
0	1
0	7
0	0
0	2
0	1
0	1
0	0
0	0
2321	0
0	0
0	0
797	0
0	0
0	0
0	0
1139	438
0	33
0	29
3	405
0	0
0	0
0	112
0	70
0	84
10	82
0	0
0	8
0	0
0	0
0	0
0	0
0	0
0	3
0	2
0	100
0	100
0	101
0	100
0	97
0	14
1	100
0	13
0	89
0	78
4	67
0	45
0	40
0	34
0	38
0	10
0	17
0	13
0	9
0	0
0	0
0	0
0	0
0	0
0	0
0	0
0	0
0	0
0	0
0	1
0	0
0	54
0	54
476	0
0	0
0	1
0	16
0	12
32	157
0	78
10	7
0	2
0	5
0	7
0	0
0	0
0	0
3	686
0	576
0	623
0	593
40	434
0	395
0	376
0	79
0	28
0	50
0	0
0	0
0	0
0	0
0	0
0	0
0	0
0	0
0	0
0	0
0	0
0	0
0	21
0	0
0	1
0	5
3	21
0	0
0	10
0	10
0	6
0	0
0	0
0	0
0	0
0	0
0	10
0	6
0	0
0	0
0	0
0	0
0	0
0	0
0	0
0	0
0	0
0	0
0	0
0	0
0	47
171	239
7	196
0	191
0	8
0	28
0	38
0	0
0	0
5	0
0	0
0	0
0	0
0	0
0	0
0	0
0	0
0	0
0	0
27	3
0	4
0	0
0	0
0	0
0	0
0	0
0	0
0	0
0	1
0	0
0	0
0	0
0	0
0	0
0	0
255	17
0	2
0	15
0	0
1	0
0	0
0	0
0	0
0	0
0	0
0	0
0	175
11	1393
23	1785
0	0
0	42
0	1866
6	1866
10	1745
0	12
0	0
0	0
0	0
0	0
0	0
0	0
2889	1529
104	1242
44	95
44	210
0	210
0	0
363	134
0	134
0	0
0	0
1169	132
1	132
0	0
0	0
0	0
41	0
0	0
8	549
0	323
0	597
0	131
0	70
0	57
0	329
0	196
0	0
441	713
0	679
0	565
11	448
0	391
0	40
0	118
0	5
1276	441
0	303
0	206
0	222
0	103
0	8
47	1009
0	254
38	731
0	1089
2	794
0	766
0	139
0	159
0	62
0	127
0	47
0	0
0	0
0	0
0	0
0	0
0	0
0	0
0	0
0	0
0	0
0	0
0	0
0	0
0	0
0	0
0	0
0	0
0	0
0	0
0	0
0	0
0	0
0	0
0	0
0	0
0	0
0	0
0	0
0	0
0	0
0	1
0	0
0	0
0	0
0	0
0	0
0	0
0	0
0	0
0	0
0	0
0	0
0	0
0	0
0	0
0	0
0	0
0	0
0	0
0	0
0	0
0	0
0	0
0	0
0	2
22	0
0	0
0	106
0	11
9	106
0	17
0	0
0	0
0	0
0	129
19	2537
0	2483
147	717
0	847
17	2302
0	633
0	396
0	0
0	4
0	64
0	22
0	0
0	5
0	0
0	0
0	0
0	0
0	0
0	0
0	0
0	0
0	0
0	0
0	0
0	0
0	0
0	0
0	0
0	0
0	0
1758	0
0	0
5	478
0	306
0	477
19	325
0	216
5	366
0	240
15	218
0	162
0	50
0	97
0	88
0	73
0	0
0	588
70	635
0	129
0	92
0	0
0	0
0	0
0	0
0	0
0	0
0	0
0	0
0	0
0	0
0	0
0	0
0	0
0	0
0	0
0	0
0	0
0	0
0	0
0	0
0	0
0	1045
0	1045
0	350
0	681
0	822
0	1059
0	879
9	694
12	714
9	1044
0	1044
0	586
0	553
0	40
0	83
0	8
0	20
0	16
0	6
0	10
0	12
0	0
0	0
0	0
0	0
0	0
0	0
0	0
0	0
0	0
0	0
0	0
0	0
0	0
0	0
0	0
0	0
0	0
0	0
0	0
0	0
0	0
0	0
0	0
0	0
0	0
0	0
0	0
0	0
0	0
0	0
0	0
0	0
0	0
0	0
0	0
5	469
113	1076
29	1076
25	299
0	99
3	653
0	684
0	757
0	737
0	735
7	694
0	715
0	32
0	62
0	28
0	1
5	2
0	2
0	0
0	0
52	14
59	6225
0	0
0	0
0	0
0	0
0	0
0	0
0	0
0	0
0	0
0	0
0	0
0	0
0	0
0	0
0	0
0	0
0	0
0	0
0	0
0	0
0	0
0	0
0	0
0	0
0	0
0	0
0	0
0	0
0	0
0	0
0	0
0	0
0	0
0	0
0	0
0	36
836	822
0	799
0	487
0	439
18	435
0	84
0	48
0	104
0	64
0	49
22	52
0	26
0	0
150	279
0	274
14	234
0	38
0	74
0	0
0	0
0	0
0	0
0	0
1	2817
0	163
54	2952
0	2881
0	169
0	0
0	0
13	1106
0	6
2	42
0	42
0	8
0	12
0	8
0	518
0	0
0	36
3	740
0	691
1	577
0	526
0	48
0	0
25	418
0	50
0	53
0	85
0	0
0	0
0	0
0	0
0	0
51	11
24	62
0	14
0	3
0	2
53	48
0	7
0	2
0	4
0	0
0	0
0	0
0	0
0	0
0	0
0	0
0	0
0	0
0	0
0	0
0	1
102	2431
0	2461
0	2544
0	17
0	17
38	87
0	13
22	2403
9	75
0	5
0	28
0	587
5	228
0	0
4	2143
0	0
0	95
0	2272
0	9
0	2080
1	2035
0	18
0	1817
0	1627
0	147
0	0
3	1666
4	1922
0	2
0	33
0	1
0	1553
16	1490
0	1037
7	450
0	0
0	0
0	0
0	0
344	18
0	18
0	0
0	0
0	0
0	0
0	0
0	402
10	402
5	102
0	66
5	301
0	1
0	194
0	136
0	136
0	0
0	0
0	29
0	5
2086	29
0	0
0	0
0	0
0	0
0	0
0	0
0	401
0	214
1	11
0	397
0	10
0	4
0	18
0	130
0	179
0	0
0	60
0	60
0	52
0	53
0	47
0	32
0	40
0	42
0	38
0	40
0	43
0	24
0	25
0	30
0	29
0	6
0	6
0	2
528	0
0	0
0	0
0	0
0	0
280	229
0	229
0	96
0	22
0	0
0	0
0	0
0	0
0	0
645	0
62	0
0	0
80	333
380	348
0	56
13	471
8	455
0	526
0	42
0	431
0	0
0	0
82	11295
0	10938
188	11325
20	1860
0	0
0	0
0	0
0	0
0	1
0	0
0	1
0	1
0	1
0	0
0	0
18	32
0	4
2	26
0	22
0	9
0	3
0	9
0	9
0	9
41	9
0	71
0	67
0	63
0	18
0	1
0	0
0	0
0	0
0	0
0	0
0	0
0	0
0	0
0	0
0	0
0	0
0	0
5	11
0	0
0	0
304	1129
5	347
45	1055
0	188
0	196
0	251
0	162
0	148
0	10
0	167
0	156
7	153
0	26
0	66
0	637
0	0
0	0
127	1305
0	787
7	1380
0	1
1	861
144	815
0	0
0	542
179	1755
131	383
228	678
362	8484
0	4411
385	6620
119	7331
5	609
0	2289
7	1069
6	1834
4	871
0	480
0	367
0	782
3	1028
4	603
0	835
0	323
0	297
32	110
0	0
0	0
0	604
13	140
203	751
0	761
0	0
0	0
0	0
0	0
0	0
0	0
0	0
0	0
0	0
4335	318
0	14
0	34
50	201
0	69
0	0
0	0
23	4
0	4
0	0
0	0
0	0
0	0
0	0
0	0
0	0
0	0
0	0
0	0
0	0
0	0
0	0
0	0
0	0
0	0
0	0
0	0
0	0
0	0
0	0
0	0
0	0
0	0
0	0
0	0
0	0
0	0
0	0
0	0
0	0
0	0
0	0
0	0
0	0
0	0
0	0
0	0
0	0
0	0
0	0
0	0
0	0
0	0
0	0
0	0
0	0
0	0
0	0
0	0
0	0
75	0
7	1674
0	45
0	1677
10	1677
13	1677
1	1609
0	1597
0	3
0	4
0	82
0	61
0	7
0	179
5	143
3	535
0	1
1	73
1	74
0	0
0	2
0	5
0	0
0	0
0	0
0	0
0	0
0	0
0	0
0	0
0	0
0	0
0	0
0	0
0	0
0	0
0	0
0	0
0	0
0	0
0	0
0	0
0	0
0	0
0	0
0	0
0	0
0	0
0	0
0	0
0	0
0	0
0	0
0	0
0	0
0	0
0	0
0	0
0	0
0	0
0	0
0	0
0	0
38	1554
0	815
2	779
15	779
19	1300
0	322
0	290
0	158
0	58
0	132
0	1
0	3
0	154
11	357
0	201
0	152
0	332
0	0
0	0
0	0
0	0
0	0
0	0
0	0
0	0
0	0
0	0
0	0
0	0
0	0
0	0
0	0
0	0
0	0
0	0
0	0
0	0
0	0
0	0
0	0
0	0
0	0
0	0
0	0
0	0
0	0
0	0
0	0
0	0
0	0
0	0
0	0
0	0
0	0
0	0
0	0
0	0
0	0
0	0
5	0
0	0
612	1164
0	934
1	229
1	771
0	417
10	0
0	0
0	252
0	251
0	265
0	251
1	264
106	249
11	146
0	0
0	0
5	179
0	187
1	129
0	25
1	79
0	76
0	7
0	14
0	18
0	13
0	9
0	11
0	3
0	0
0	0
0	0
2	183
0	0
0	1890
0	0
45	5354
18	6548
239	5155
91	1542
59	5082
0	5604
41	4790
0	5027
49	2606
63	1744
74	136
0	1575
0	453
0	1311
0	0
0	0
0	0
31	579
29	447
0	474
0	64
0	15
0	52
0	1
0	0
6	459
0	34
0	288
0	139
64	299
0	282
0	0
313	0
0	0
0	0
0	0
0	0
0	0
0	0
0	0
0	0
0	0
0	0
0	0
0	0
0	0
0	0
0	0
0	0
0	0
0	0
0	0
0	0
0	0
0	0
0	0
0	0
0	0
0	0
0	0
0	0
0	0
0	0
0	0
0	0
0	0
0	0
0	0
0	0
0	0
0	0
0	0
0	0
0	0
0	0
0	0
0	0
0	62
0	789
5	893
0	809
34	1108
0	60
1	789
0	862
23	1142
0	889
0	145
0	24
8	510
0	51
0	55
0	45
0	125
0	33
24	45
5	102
7	98
0	8
0	0
0	0
0	0
0	0
0	0
0	0
0	0
0	0
0	0
0	0
0	0
0	0
0	0
0	0
0	0
0	0
0	0
0	0
0	0
0	0
0	0
0	0
0	0
0	0
0	0
0	0
0	0
0	0
0	0
0	0
0	0
0	0
0	0
0	0
0	0
0	0
0	0
0	0
0	0
0	0
0	0
0	0
0	0
0	0
0	0
0	0
0	0
0	0
0	0
0	0
0	0
0	0
0	0
0	0
0	0
0	0
0	0
0	0
0	0
0	0
0	0
0	0
0	0
0	0
0	0
0	20
13	78
3	76
35	63
0	26
18	33
0	0
16	11
55	15
0	0
1	8
29	4
0	0
498	2
55	688
0	765
4	699
0	834
0	1036
0	6
0	0
0	0
0	0
63	0
0	17
0	57
1	272
0	49
0	35
6	309
0	346
0	31
16	44
1	271
7	38
3	309
0	36
6	165
0	23
1	96
42	0
0	0
0	0
0	0
0	0
0	0
0	0
0	0
0	0
0	0
0	0
0	0
42	3
0	3
1	563
5	528
153	602
0	259
0	28
0	0
0	0
0	0
3627	4774
43	4774
0	155
0	319
0	375
0	293
10	362
0	102
1	298
0	126
5	1196
6	345
37	787
0	771
0	381
4	899
0	393
0	176
6	351
10	1052
0	1048
0	667
0	1169
0	888
0	168
0	0
0	0
0	0
0	0
0	0
0	0
0	18
0	0
0	0
0	1
0	4
0	0
0	0
0	0
0	0
0	0
0	0
0	0
0	0
0	0
0	0
0	0
0	0
0	0
0	0
0	0
0	0
0	0
0	0
0	0
0	0
0	0
0	0
0	0
0	0
0	0
0	0
137	87
6	80
0	60
0	38
0	10
0	0
0	0
0	624
0	623
2	618
5	573
0	573
24	254
0	311
0	111
0	125
0	61
0	5
0	0
0	0
0	0
142	0
197	864
0	97
0	137
0	803
0	11
0	436
0	0
0	26
0	78
2	138
0	185
0	1548
6	1555
0	133
0	45
0	110
0	45
0	83
0	78
35	225
1	1660
14	1719
0	1630
0	184
0	183
0	1595
29	43
0	53
0	98
0	55
0	56
0	16
0	21
11	1492
0	1497
0	52
0	76
0	45
0	10
0	1485
0	1
4	1321
0	794
103	1125
24	234
9	1333
0	133
0	77
0	124
45	89
130	208
0	661
0	730
0	788
0	787
19	789
0	728
0	601
7	390
0	174
0	243
4	279
0	257
0	31
0	223
0	195
7	17
0	142
0	3
0	602
1	0
0	15
28	15
0	0
0	0
0	0
0	0
0	0
113	1561
0	1575
7	1528
14	1325
0	609
0	544
0	730
31	0
0	0
0	0
1	78
54	0
0	0
5	220
0	0
4	204
0	0
0	0
0	17
0	11
0	41
0	36
1	39
0	21
0	2
2	153
0	150
0	213
1	97
0	15
0	63
0	0
58	14
0	14
0	0
0	0
0	0
0	0
0	0
0	0
0	0
0	0
0	0
0	0
0	0
0	0
0	0
0	0
0	0
0	0
0	0
0	0
0	0
2	0
1196	681
6	89
0	2
0	0
0	26
22	431
0	24
0	111
0	0
1	60
60	60
0	10
0	38
0	9
0	0
0	0
0	0
0	0
0	0
0	0
0	0
0	0
0	0
0	0
4	360
12	360
0	211
8	33
0	24
0	30
0	1
0	1
0	2
0	0
0	0
0	0
0	18
0	18
0	0
0	0
0	0
40	0
0	0
0	0
0	17
0	527
0	399
31	591
2	591
0	17
0	18
3	15
15	182
80	92
0	55
0	25
0	10
0	0
0	4
0	4
0	0
0	0
0	45
0	127
0	126
12	68
0	77
0	0
0	0
0	0
26	1309
4	1336
0	1315
87	1149
0	339
13	450
1	458
0	474
0	1
5	474
1	459
0	450
0	0
0	306
1310	1515
16	248
59	405
0	880
92	850
15	758
31	331
0	292
7	16
0	0
4	2761
2	8851
0	1822
1	8867
9	1059
0	352
0	382
13	753
12	2304
18	2376
20	1378
0	498
0	0
0	0
0	0
0	398
3701	998
0	107
1	435
0	0
0	0
0	0
0	0
0	0
0	0
0	0
0	0
0	0
0	0
27	332
0	152
0	282
0	320
0	12
6	90
0	0
0	69
0	72
0	5
0	51
0	57
0	58
0	62
2	57
0	60
0	56
0	5
0	5
0	0
0	16
0	13
0	7
0	6
45	885
1	862
0	0
2	857
0	1
0	73
0	65
12	3
0	2
0	1
0	0
0	0
0	0
167	1469
11	1418
0	1469
0	1411
0	872
4	310
0	131
0	2
0	0
3702	1720
0	521
37	906
8	262
0	164
0	0
0	0
0	0
0	0
0	0
0	0
0	0
0	0
0	0
0	0
0	0
0	0
0	0
0	0
0	0
0	0
0	0
0	0
0	0
0	0
0	0
0	0
0	0
0	0
0	0
1878	59
7	16
0	19
0	0
2	289
3	518
10	391
0	7
0	5
118	477
0	111
0	0
0	0
0	0
0	0
0	0
0	0
0	0
0	0
0	0
0	0
0	0
0	0
0	0
0	0
0	0
0	78
0	92
0	520
0	39
18	530
3	288
0	75
0	19
20	26
0	138
0	4
0	17
21	415
0	76
0	39
0	0
0	1364
782	1364
0	94
0	0
0	0
0	0
0	0
0	10
0	2
0	0
204	1731
0	1801
0	1195
5	1164
0	46
0	1628
0	393
0	192
0	1032
0	341
0	218
0	196
40	899
5	373
0	0
13	4
0	0
0	4
0	3
0	1
0	0
0	1096
0	1126
0	151
0	1
9	30
0	21
8	137
0	52
0	11
0	9
0	0
0	0
0	0
0	0
0	0
0	67
3	64
0	124
0	66
11	51
1031	0
0	0
0	0
4	323302
0	323302
9	67699
30	281462
210	281795
0	242140
9	144674
45	110787
2	56009
0	65986
4	57690
0	56347
0	27238
0	30390
0	12157
0	15741
0	11777
0	4384
0	0
0	0
0	0
0	0
1999	8577
0	1339
0	1100
0	1437
7	8577
530	1813
37	1704
125	1674
0	233
0	101
0	3
0	44
0	0
0	0
0	0
0	12
0	2
4	32
0	1
32	20
0	0
0	0
0	0
0	70
0	1651
35	125
0	1371
0	163
2	674
0	121
0	148
0	3
0	3
0	3
0	0
0	0
0	0
0	0
0	0
0	0
4	843
0	761
4	771
4	807
0	704
0	657
0	338
0	435
0	0
25	112
2	14
0	0
16	586
0	444
0	2
57	505
0	0
1982	1769
0	472
22	508
0	240
0	176
0	84
0	306
22	352
11	327
0	287
0	0
0	0
0	0
0	0
0	0
0	0
0	0
115	360
0	105
1	342
0	17
0	128
0	322
0	232
12	893
0	863
0	48
0	22
0	80
0	64
0	1
0	9
0	22
0	0
0	5
0	0
0	0
0	421
0	421
0	66
0	57
0	5
0	3
0	0
1770	1297
7	891
2	1011
122	934
0	211
0	468
0	224
1	421
0	198
1	264
0	337
0	6
0	82
0	49
0	46
0	20
0	5
979	2305
35	1942
29	398
0	48
8	109
0	8
0	0
0	17
0	17
0	17
0	543
1	587
1	585
0	543
2	186
0	47
21	181
0	488
0	281
0	76
28	555
0	230
0	31
224	1293
0	851
1	648
0	239
0	164
0	20
0	0
497	112
0	45
0	67
0	0
0	0
0	0
0	0
6	778
44	798
0	440
0	19
0	0
0	0
253	440
2	0
0	373
0	80
0	0
0	3
0	3
0	0
0	0
0	0
0	3
0	0
0	0
0	108
0	0
0	0
0	22
0	267
0	1646
0	617
0	1400
9	224
0	1
0	0
0	107
0	162
0	192
0	121
0	70
0	0
0	0
0	0
0	0
0	0
0	0
0	0
0	0
0	0
0	0
0	0
0	0
0	0
0	0
0	0
0	0
0	0
0	0
0	119
0	129
0	1064
0	1
0	86
0	1011
12	284
0	0
0	0
0	0
0	0
0	0
0	0
0	0
0	0
0	0
0	0
0	0
0	0
0	0
0	0
0	0
29	2127
69	2033
0	225
6	288
25	167
5	162
19	41
1	983
7	233
0	0
233	641
76	264
195	635
0	176
0	34
0	176
0	12
0	0
20	7
0	33
9	188
0	0
2	176
0	185
3	3
8	184
0	3
0	0
0	0
0	0
0	0
0	0
0	0
0	0
0	0
0	0
183	1974
0	138
0	208
0	115
0	22
2	131
0	142
1	686
0	224
0	129
14	1507
0	2
40	0
0	47
0	47
0	46
0	46
5	43
0	29
1	50
0	34
0	0
0	3
0	21
0	24
0	1
0	10
0	0
0	7
0	3
0	0
0	0
0	0
0	0
0	0
0	0
0	0
0	0
0	0
0	0
0	0
0	0
0	0
0	0
0	0
0	0
0	0
0	0
0	0
0	0
0	0
0	0
0	0
0	0
0	0
0	0
0	0
0	2
0	2
0	0
0	0
0	0
3320	156
45	96
0	7
57	53
0	0
0	1
0	0
47	650
0	726
0	1002
0	226
0	835
1	1098
0	987
0	0
0	92
0	129
0	109
0	3
0	0
0	41
0	47
0	41
0	0
0	0
0	0
0	0
0	0
0	0
0	0
0	0
0	0
0	0
0	0
0	0
0	0
0	0
0	0
0	0
0	0
0	0
0	0
0	0
0	0
0	0
0	0
1	255
0	68
0	26
332	246
0	5
0	5
0	1
0	70
0	0
0	0
0	0
0	0
0	0
0	0
0	0
0	0
0	0
0	0
0	0
0	0
0	0
0	0
0	0
0	0
0	0
0	0
0	3
17	5
0	0
0	0
0	0
0	0
0	4
0	0
0	0
0	0
0	0
0	0
2	75
3	70
0	69
0	23
46	87
0	47
0	0
0	0
0	0
0	0
0	0
0	0
0	0
0	0
0	0
0	0
0	0
0	0
0	0
0	0
0	0
0	0
0	0
0	0
0	0
0	0
0	0
0	0
0	0
0	0
0	0
0	0
0	0
0	0
0	0
0	0
0	0
0	0
0	0
0	0
0	0
0	0
0	0
0	0
0	0
0	0
0	0
0	0
0	0
0	0
0	0
0	0
0	0
0	0
0	0
0	0
0	0
0	0
0	0
0	0
0	0
0	0
0	0
0	0
0	0
0	0
0	0
0	0
0	0
0	0
0	0
5	1
0	1
0	0
0	0
0	0
0	0
0	0
0	0
0	0
0	0
0	0
0	0
0	0
0	0
0	0
0	0
0	0
0	0
0	0
0	0
0	0
0	0
0	0
0	0
0	127
0	175
0	169
0	142
0	33
0	138
0	150
0	151
0	40
0	72
0	91
0	48
0	37
0	75
0	0
0	0
0	0
0	0
0	0
0	0
0	0
0	0
0	0
0	0
0	0
0	0
0	0
0	0
0	0
0	0
0	0
0	0
0	0
0	1355
1	1416
0	1031
0	27
0	10
0	144
0	0
0	0
0	0
0	0
0	0
0	0
0	3
0	0
0	0
0	0
0	0
0	0
0	639
0	0
0	0
0	0
0	0
0	0
0	0
0	0
0	0
0	0
68	410
32	376
12	364
0	135
13	213
0	83
0	48
10	26
0	14
0	23
0	12
0	1
0	1
0	0
0	0
0	0
0	0
0	0
0	0
0	141
0	0
0	0
0	0
0	0
0	15
0	106
0	0
0	29
0	6
0	11
0	270
0	284
26	148
0	165
0	4
0	258
0	12
0	116
0	122
0	125
0	122
0	13
0	0
0	141
0	121
0	16
0	0
0	7
0	0
0	0
0	0
0	0
0	0
0	0
0	0
0	0
0	0
0	0
0	0
0	0
0	0
0	0
848	46
2	46
0	0
0	0
0	0
0	0
0	0
0	0
0	0
0	0
0	0
0	1094
0	0
0	0
0	0
0	0
0	0
0	0
2	87772
0	0
46	1029
5	1029
33	1013
0	0
0	0
0	0
6	99
4	102
7	79
0	0
0	0
0	0
0	38
31	38
0	115
0	82
167	133
0	0
12	6
0	0
0	0
0	0
0	0
0	0
0	0
0	0
0	0
0	0
0	0
0	0
0	0
0	0
1	1
0	0
0	0
0	0
0	0
0	0
0	0
0	0
404	1006
0	4
24	1006
0	2
0	0
0	314
0	718
2	1195
0	0
0	0
0	0
0	1
0	0
0	1
0	0
0	1
0	3
1	4757
10	3021
179	4824
8	2768
0	209
0	51
0	1364
0	457
14	182
0	302
0	240
0	288
0	214
0	0
0	3
0	21
0	3
0	14
0	11
0	36
0	11
0	0
0	0
0	0
0	1
0	1
0	1
0	1
0	1
98	282008
0	0
0	0
0	0
0	0
0	0
0	0
0	0
0	0
0	0
0	0
0	0
0	0
0	0
0	0
0	0
0	7
7	1378
560	1802
0	275
30	275
0	156
95	233
0	29
65	0
20	0
55	0
0	0
49	0
0	0
0	0
94	922
29	980
0	545
0	43
0	26
13	50
0	11
0	5
38	0
0	29
5	605
391	639
0	101
0	35
0	44
1	595
0	61
0	40
0	3
0	8
0	25
0	16
0	0
0	0
2	616
111	569
1	508
21	115
12	115
1	132
1	414
5	431
0	12
20	404
5	329
0	0
0	7
0	7
5	266
4	267
0	14
0	0
0	3
0	0
0	3
0	10
0	0
0	60
0	210
122	206
0	0
65	434
35	266
0	175
9	21
3	361
0	187
0	213
0	26
0	20
0	38
0	35
13	27
0	21
0	13
0	6
0	12
0	6
0	2
0	2
0	1
0	8
0	19
0	0
0	0
0	0
0	0
4	0
0	0
2	2071
7	2031
0	2172
263	2250
0	257
29	204
12	379
0	2
132	915
47	804
26	432
0	219
0	1
0	5
13	148
0	9
0	127
1	31
0	22
0	19
0	47
0	18
0	0
0	0
0	0
0	26
0	58
15	32
8	50
0	4
0	35
0	34
0	0
0	0
0	0
0	0
0	0
0	0
0	0
0	0
0	0
0	0
0	0
0	0
0	0
0	0
0	0
0	0
0	0
0	0
0	0
0	0
0	0
0	0
0	0
0	0
0	0
0	0
0	72
235	526
14	291
13	530
0	112
0	4
0	0
0	8
17	198
0	0
0	0
8	1380
0	1413
92	526
1	1217
0	1144
0	990
0	0
0	114
1	209
11	627
0	76
0	220
0	243
0	394
0	151
205	579
0	551
0	576
0	539
0	485
0	50
0	477
0	472
0	471
0	11
0	0
0	60
0	45
0	23
0	0
0	0
4270	2660
1007	2665
0	2131
0	738
9	154
16	163
0	17
0	7
0	15
0	0
0	0
0	0
0	0
0	0
0	0
0	0
0	0
0	0
0	0
0	0
0	0
0	0
12	0
0	0
0	0
102	642
0	1
128	641
0	0
0	478
0	21261
82	15354
220	14539
32	18173
2402	20125
9	20176
60	2523
19	8279
539	8592
26	141
31	6978
68	1361
0	222
21	660
0	2168
0	0
2	925
13	179
21	930
0	1
0	922
0	243
7	916
0	280
0	146
0	0
0	0
0	0
0	0
0	0
0	0
0	0
0	0
0	0
0	0
0	0
0	0
0	0
0	0
0	0
1078	335
0	158
0	134
0	128
0	57
0	43
0	103
0	17
0	54
0	0
0	0
0	0
1	0
0	0
0	0
0	0
0	0
0	0
24	32
0	5
0	3
0	26
0	28
0	0
0	0
0	0
0	0
0	0
0	0
0	0
0	0
0	0
0	0
0	0
0	0
0	0
0	0
0	0
0	0
0	0
0	0
0	0
0	0
0	0
0	0
0	0
0	0
0	0
0	0
0	0
0	0
0	0
0	0
0	0
0	0
0	0
0	0
0	0
0	0
0	0
0	0
0	0
0	0
0	0
0	0
0	0
0	0
0	0
0	0
0	0
0	0
0	0
0	0
0	0
0	0
0	0
0	0
0	0
0	0
0	0
0	0
0	0
0	0
0	0
0	0
0	0
0	0
0	0
0	0
0	0
0	0
0	0
0	0
0	0
0	0
0	0
0	0
0	0
0	0
0	0
0	0
0	0
0	0
0	0
0	0
0	0
0	1183
0	0
0	0
122	548
0	504
0	135
0	44
0	1
0	153
0	2028
0	99
0	1754
0	2034
0	1660
0	1620
0	182
51	1989
0	1
0	621
0	3
0	0
1	19
0	19
0	1
0	6
0	6
0	3
0	1
0	0
0	0
0	0
0	0
0	0
0	0
0	0
0	14
0	0
0	0
0	0
0	0
27	14
0	14
0	13
0	1
0	5
0	9
0	1
0	1
0	0
0	1
0	0
0	0
0	0
0	0
0	0
0	0
0	0
0	0
0	0
0	0
0	0
0	0
0	0
0	0
0	0
0	0
0	0
0	0
0	0
0	0
0	0
0	0
0	0
0	0
0	0
0	0
0	0
0	0
0	0
0	0
0	0
0	0
0	0
0	0
0	0
0	0
0	0
0	0
0	0
0	0
0	0
0	0
0	0
0	0
0	0
0	0
0	0
0	0
0	0
0	0
0	0
0	0
0	0
0	0
0	0
0	0
0	0
0	0
0	0
0	0
0	0
0	0
0	0
0	0
0	0
0	0
0	0
0	0
0	0
0	0
0	0
0	0
7	2360
0	2328
0	606
0	628
0	561
0	266
0	113
0	111
0	99
0	64
0	0
0	0
231	71
1	47
13	37
5	32
0	22
0	810
7	160
1	156
0	160
3	156
0	807
0	7
0	0
2	72
4	12
0	0
0	71
0	0
0	7
0	0
0	0
244	18
0	0
0	0
0	18
126	0
0	0
0	0
22	266
3	255
8	101
0	37
0	25
0	25
0	25
0	12
0	60
5	604
1	942
0	649
0	422
0	341
0	139
0	249
5	368
0	235
1	34
0	1
0	0
0	7
0	1
0	1
0	1
0	0
57	111
2	93
0	6
1	62
0	2
0	2
0	64
0	69
0	2
0	8
36	25
0	7
25	3
0	0
0	3
0	4
0	7
8	8
0	12
21	36
2	42
0	9
0	7
0	3
15	3
0	0
0	0
0	1
796	7789
0	23
6	894
3	5283
0	990
0	325
0	454
0	773
38	1119
0	1263
0	0
0	0
0	0
0	0
0	0
0	0
0	0
0	0
0	0
0	0
0	0
0	0
0	0
0	110
0	21
7	127
0	14
0	48
0	0
0	31
0	13
0	3
0	14
0	4
0	5
0	0
0	0
0	0
0	0
0	0
0	0
0	0
0	0
0	0
0	0
0	0
0	0
0	0
0	0
0	0
0	0
0	0
0	0
0	0
0	0
0	0
0	0
0	0
0	0
0	0
0	0
0	0
0	0
0	0
0	0
0	0
0	0
0	0
0	0
0	0
0	0
0	0
0	0
11	8
0	8
0	9
25	8
0	0
0	7
0	0
0	0
0	0
0	1
0	0
0	0
0	0
0	0
0	0
0	0
474	467
1	463
0	485
0	201
16	397
33	203
11	479
0	391
0	353
4	62
0	0
26	673
10	0
1	452
0	151
0	606
0	81
0	71
0	47
0	2
0	0
0	0
0	0
27	2
0	0
0	0
0	4
0	0
1	50
0	0
0	14
0	0
0	50
52	50
0	41
0	36
0	52
5	52
0	0
0	48
0	50
0	5
0	16
0	0
0	2
0	10
0	5
0	5
0	38
0	4
0	5
0	10
0	4
0	0
0	1514
0	1531
0	1563
0	1514
0	1579
0	1510
0	1563
0	1573
7	1224
0	148
7	532
0	39
0	70
0	45
0	2
0	0
0	0
27	79
0	26
0	13
0	0
0	0
0	0
0	7
0	166
0	151
0	153
2	155
0	15
3	150
0	11
0	32
0	6
16	82
0	10
0	5
0	5
0	14
0	15
0	0
0	0
0	0
0	0
0	0
0	0
0	0
0	0
0	0
0	0
0	0
0	0
0	0
0	0
0	0
0	0
0	0
0	0
0	0
0	0
0	0
0	0
0	0
0	0
0	0
0	0
0	0
0	0
0	0
0	0
0	0
0	0
0	0
0	0
0	0
0	0
0	0
0	0
0	0
6	348
0	348
0	28
0	0
0	19
0	0
0	8
0	0
0	19
0	0
0	0
0	0
0	0
0	0
0	0
0	0
0	0
0	0
155	787
1	787
0	228
2	202
0	188
0	107
0	67
215	0
0	0
0	0
0	0
0	0
0	0
121	9
0	9
0	7
0	0
36	16
2	8785
0	8781
8	5690
0	1546
10	100
0	0
0	730
0	2041
227	6002
0	8773
87	7513
0	59
0	920
0	1532
0	677
328	4493
16	335
0	303
0	0
0	0
0	0
0	0
0	0
0	0
0	0
0	0
0	0
0	0
0	0
0	0
0	0
0	0
0	0
0	0
0	0
0	0
0	0
0	0
0	0
0	0
0	0
0	0
0	0
0	0
0	0
0	0
0	0
0	0
0	0
0	0
0	0
0	0
0	0
12	987
31	987
0	90
0	0
0	73
0	59
0	98
0	59
0	91
0	112
0	142
0	100
1	203
0	0
0	0
0	0
0	0
0	0
0	0
0	0
0	0
0	0
0	0
0	0
0	0
0	0
0	0
0	0
0	0
0	0
0	0
0	1
0	0
0	1609
7	2291
87	1599
2	1404
0	286
0	144
0	1146
0	5
5	159
0	66
0	105
0	127
19	48
21	175
8	185
0	130
0	77
0	94
0	0
0	0
0	0
0	0
0	0
0	0
0	0
0	0
0	0
0	0
0	0
0	0
0	0
0	0
0	0
0	0
0	9
31	27
0	3
0	24
0	0
0	0
0	15
0	1
0	2
0	15
0	4
0	1
0	0
0	0
0	0
1	1271
6	874
7	1017
12	1012
3	447
26	421
0	501
0	0
0	0
0	0
0	0
0	0
0	0
0	0
0	0
0	0
0	0
0	0
0	0
0	0
0	0
0	0
0	0
0	1
211	1
20	0
6	0
25	2
65	0
0	2
0	0
0	50
0	55
0	14
0	4
0	5
0	1
0	1
0	1
0	5
0	0
0	0
0	0
448	1282
50	1157
0	43
0	119
4	164
0	46
0	22
0	134
0	0
0	119
0	186
14	155
0	106
0	61
0	0
0	0
0	0
0	0
0	0
0	0
0	0
0	0
0	0
0	0
0	0
0	0
0	0
0	0
0	0
0	1
0	0
0	0
0	0
30	0
0	1
0	0
0	0
0	0
313	176
25	72
0	39
49	105
0	4
0	0
216	18
0	14
0	0
0	0
0	0
0	0
0	0
0	41
0	540
0	0
0	0
142	1183
0	1223
0	503
18	19
0	1130
0	621
2	1146
14	314
14	241
0	241
0	163
29	330
0	883
0	93
0	27
0	144
0	35
2	204
19	661
0	684
10	580
0	515
0	0
0	0
0	441
0	441
0	0
0	0
0	0
0	0
0	0
0	0
0	0
0	0
0	0
0	0
0	0
0	0
0	0
0	0
0	0
0	0
0	0
0	0
0	0
0	0
0	0
0	0
0	0
0	0
0	0
0	0
0	0
0	0
0	0
0	0
0	0
0	0
0	0
0	0
0	0
0	0
0	0
0	114
0	114
0	104
0	83
0	26
0	6
17	2488
0	458
173	3990
0	3841
0	2300
190	2136
25	797
0	9
449	586
72	340
0	392
0	0
0	0
0	0
0	0
0	0
0	0
0	0
0	0
0	0
0	0
0	0
0	0
0	0
0	0
0	0
0	0
0	0
0	0
0	0
0	0
0	0
0	0
0	0
0	0
0	0
0	0
0	0
0	0
0	0
0	0
0	0
0	0
0	0
99	301
1046	717
156	416
17	1305
0	1392
0	1282
927	1146
47	1023
40	1602
0	660
0	1438
81	1444
0	485
18	345
0	38
46	63
0	15
0	17
0	60
0	59
0	0
0	0
0	0
81	1409
12	1409
0	241
0	140
0	121
0	0
5	1049
18	1087
0	358
0	366
0	42
0	1050
0	626
8	654
0	656
6	659
7	660
0	87
10	101
0	38
0	44
0	21
0	2
0	0
0	1
0	0
0	137
11	140
0	26
117	312
0	155
0	3
0	145
3	14
17	298
0	42
0	112
10	420
3	147
8	125
0	4
11	122
17	23
93	0
102	125
0	54
203	353
0	108
113	337
7	66
124	72
1	3289
0	3129
0	1481
0	543
0	10
0	2234
0	2979
0	688
0	466
0	2096
0	2343
0	406
0	2654
24	3534
2	822
0	3894
0	2320
0	857
12	3055
146	3249
7	2430
2	1544
0	9
0	11
0	9
0	294
1	316
4	244
2	298
13	328
6	340
0	37
0	51
0	14
134	124
0	40
0	107
0	49
0	30
0	46
0	30
0	47
0	46
0	4
0	0
0	0
0	0
0	0
0	0
0	4
0	4
0	0
0	0
37	3216
0	3195
12	331
3	2568
42	3017
0	8
0	901
0	60
6	1371
5	1165
9	898
0	164
0	341
0	164
0	845
0	779
0	551
0	0
0	0
0	0
0	0
0	0
0	0
0	0
0	0
0	0
0	0
0	0
0	0
0	0
0	0
0	0
0	0
0	0
0	0
0	0
0	0
0	0
25	750
10	631
56	2009
0	3
0	0
0	175
6	1543
0	0
0	0
0	0
0	0
0	0
0	0
0	0
0	0
0	0
0	0
0	0
0	0
0	0
0	0
0	0
0	0
0	0
0	0
0	0
0	0
0	0
0	0
0	0
0	0
0	0
0	0
0	0
289	2265
0	3
444	2182
2	806
0	336
0	381
22	60
62	90
0	25
0	29
0	4
0	32
0	0
0	0
0	0
0	0
0	0
0	0
16	1638
33	1464
3	1428
11	183
0	1622
19	1475
2	1368
0	1064
0	188
0	578
0	1
0	200
98	826
2	718
1	495
8	410
0	117
0	0
3	1137
390	1324
1	1782
50	1793
0	497
0	1779
0	1952
5	2017
0	384
0	200
5	1940
22	64
1	2178
0	50
0	2176
1	24
0	1927
0	1882
0	1125
47	1555
0	1689
0	392
0	107
37	247
10	108
0	0
11	2027
4102	10513
885	23360
219	20355
5674	20523
0	18369
0	0
0	16285
239	13240
0	12449
717	607
0	70
7	678
0	1387
12	988
4	488
4	152
8	568
0	0
0	0
1848	17
0	0
0	17
0	0
867	0
86	8253
10	8405
0	6995
94	5644
27	9737
30	4751
23	5218
121	562
63	682
16	438
33	606
6	494
0	338
0	153
77	265
0	87
2	142
7	2944
0	3361
0	2308
44	2762
0	742
5	2562
0	177
0	3097
0	3137
3	772
0	77
0	367
0	1989
0	1122
0	157
51	1053
10	2110
0	70
0	3
0	0
0	0
0	2266
0	1675
0	1621
3	1665
3	2142
0	297
0	201
0	194
4	573
25	201
23	690
0	694
14	306
0	363
0	294
0	271
0	224
0	0
0	0
0	0
0	0
0	0
0	0
0	0
0	0
0	0
0	0
0	4
34	4
0	4
0	4
0	0
0	10
101	83
2	78
15	75
0	2
15	33
0	26
0	3
0	6
181	20
0	1
0	0
0	0
0	0
0	0
0	0
0	0
0	0
0	0
0	0
0	0
0	0
0	0
0	0
0	0
0	0
0	0
0	0
0	0
0	0
0	0
0	0
0	0
0	0
0	0
0	0
0	0
0	0
0	0
0	0
0	0
0	0
0	0
0	0
0	0
0	0
0	0
0	0
0	0
0	0
0	0
0	0
0	0
0	0
0	0
0	109
46	219
0	110
0	57
0	7
0	0
0	30
0	30
0	15
0	6
0	2
0	0
0	0
0	0
2	230
71	229
7	157
0	148
0	17
2	61
0	38
0	46
0	25
0	0
0	0
0	0
0	0
0	0
0	0
0	0
46	0
0	0
0	0
0	0
0	0
0	0
0	0
0	0
0	0
0	0
0	0
0	0
0	0
0	0
0	0
0	0
0	0
0	47
0	143
0	12
0	65
0	48
0	151
0	50
0	82
0	46
0	68
0	74
20	68
0	0
0	0
0	0
0	0
0	0
0	0
0	0
0	0
0	0
0	0
0	0
0	0
0	0
0	0
0	0
0	0
0	0
0	0
0	0
0	0
0	0
0	0
0	0
0	0
0	0
0	0
0	0
0	0
0	0
0	6
0	16
0	6
0	2249
0	30
0	2248
0	26
0	105
0	1172
0	2080
0	2170
0	2120
2	2055
28	2008
0	2086
2	1174
0	362
6	18
0	55
0	1
0	319
0	0
0	2
0	0
0	0
18	721
4	707
0	710
0	719
0	707
6	719
6	661
3	545
0	26
0	50
0	28
0	26
0	4
0	4
0	0
0	0
0	0
0	0
0	0
0	0
0	0
0	0
0	0
0	0
0	0
0	0
0	0
0	0
0	0
0	0
0	0
0	0
0	0
0	0
0	0
0	0
0	0
0	0
0	0
0	0
0	0
0	0
0	0
0	0
0	0
0	0
0	0
0	0
0	0
0	0
0	0
0	0
0	0
0	0
0	0
0	0
0	0
0	0
0	0
0	0
0	0
0	0
0	0
0	0
0	0
0	0
0	0
0	0
0	0
0	0
0	0
0	2
0	0
0	7
11	7
0	0
0	0
0	0
0	0
0	0
0	0
0	0
0	0
0	0
0	130
0	0
0	0
0	0
0	0
0	0
0	0
0	0
0	0
0	0
14	44
0	0
0	0
0	0
0	0
0	0
0	0
0	0
0	0
0	0
0	0
0	0
0	0
0	0
0	0
0	0
0	0
0	0
0	0
15	892
0	1309
0	1303
18	854
14	90
0	449
0	3
0	0
0	0
0	0
0	0
0	0
0	0
0	0
0	0
0	0
0	0
0	0
0	0
0	0
0	0
0	0
0	0
0	0
0	0
0	0
355	200
11	200
0	30
0	68
0	7
0	539
13	6515
20	6203
0	6203
0	2875
2	2828
0	2213
0	534
32	592
0	680
0	490
0	454
0	282
0	234
0	82
0	34
0	0
0	0
0	0
0	0
0	0
1	0
0	0
0	5
0	6
0	0
0	0
0	0
0	1
0	0
31	1
0	0
0	2
3	2
0	0
0	0
0	0
0	0
0	0
10	86
8	36
0	24
0	18
0	10
0	4
0	14
0	0
0	153
4	895
27	720
0	56
0	85
0	173
0	2
0	7
0	754
0	216
0	0
211	65
29	51
79	483
0	701
17	741
0	122
15	287
8	115
1	81
0	77
0	84
0	31
0	93
0	5
1146	6987
4	6955
0	42
0	852
80	1154
0	330
60	1669
0	629
4	1325
0	0
0	0
1	966
0	1398
0	1690
0	802
1	483
0	1383
0	570
2	1127
0	514
13	697
0	182
4	1269
0	216
5	1258
8	522
0	469
13	379
2	3
0	266
0	198
5	198
0	9
0	0
0	3
0	0
0	1
0	1
0	2
0	1
0	0
626	388
8	388
0	0
0	0
0	0
0	0
0	0
0	29
0	20
0	0
0	0
0	0
0	0
0	0
0	0
0	0
0	0
0	0
0	0
0	0
0	0
0	0
0	0
0	0
0	0
0	0
0	0
0	0
0	0
0	0
0	0
0	0
0	0
0	0
0	2
7	2
0	0
0	0
0	1
0	1
0	2
0	0
0	0
0	0
0	0
0	0
0	0
0	0
0	0
0	0
0	0
1	0
0	0
0	0
0	0
0	0
0	0
0	0
0	0
0	0
0	0
0	0
0	0
0	0
0	0
0	0
0	0
0	0
0	0
0	0
0	0
0	0
0	0
0	0
0	0
0	0
0	0
0	0
0	0
0	0
0	0
0	0
0	0
0	0
0	0
0	0
0	0
0	0
0	0
0	0
0	0
0	0
0	0
0	0
0	0
0	0
0	0
0	0
0	0
0	0
0	0
0	0
0	0
0	0
0	0
0	0
0	0
0	0
0	0
0	0
0	0
0	0
0	0
0	0
0	0
0	0
0	0
0	0
0	0
0	0
0	0
0	0
0	0
0	0
0	0
0	0
0	0
0	0
0	0
0	0
0	0
0	0
0	0
0	0
0	0
0	0
0	0
0	0
0	0
0	0
0	0
0	0
0	0
0	0
0	0
0	0
0	0
0	0
0	0
0	0
0	0
0	0
0	0
0	0
0	0
0	0
0	0
0	0
0	0
0	0
0	0
0	4
0	0
0	0
0	0
0	0
0	0
0	131
0	0
0	0
0	0
0	0
0	0
0	0
0	0
0	0
0	0
0	0
0	0
0	0
0	0
0	0
0	0
0	0
0	0
0	0
0	0
0	0
0	0
0	0
0	0
0	0
0	0
0	0
0	0
0	0
0	0
0	0
0	0
0	0
0	0
0	0
0	0
0	0
0	0
0	0
0	0
0	0
0	0
0	0
0	0
0	1
0	194
0	20
635	194
0	0
0	0
0	0
0	0
0	0
0	0
207	78
0	57
0	0
45	21
11	0
0	0
0	0
0	0
0	0
0	0
0	360
0	378
0	21
17	375
0	380
14	375
59	0
0	0
0	0
2	93
7	259
0	33
0	89
12	247
0	247
7	247
0	0
0	0
0	0
0	0
0	0
0	162
0	0
2	167
39	11
107	172
0	0
0	0
0	0
41	235
0	234
0	51
14	2
91	1
35	0
16	0
0	0
10	81
0	98
0	54
0	0
0	0
0	0
0	0
0	0
0	519
0	507
0	530
0	0
0	0
0	0
0	0
0	0
0	0
0	0
0	0
0	0
41	653
0	626
0	31
2	585
0	607
0	0
0	0
0	13
0	0
13	1
0	0
0	1
0	402
0	340
21	71
16	95
0	95
0	0
0	0
0	0
0	0
0	0
0	0
604	442
37	442
76	1065
67	360
1	952
0	857
0	758
0	60
8	213
3	142
0	38
0	41
0	13
0	152
0	90
0	110
0	0
0	0
0	0
0	0
24	681
8	253
0	167
3	582
0	714
13	280
0	572
9	198
0	0
0	61
6	290
15	1078
24	1118
0	326
0	85
15	534
0	50
0	136
0	0
8	5
0	1
0	0
0	4
0	0
0	0
146	29
0	6
0	0
11	68
7	70
0	0
10	12
5	365
0	12
0	3
8	4
0	0
0	0
0	2
0	0
0	0
0	0
0	0
0	0
0	0
0	0
14	8
12	8
0	0
0	0
206	175
54	210
0	11
67	55
0	15
3	0
0	8
0	0
0	0
0	3
5	374
2	358
0	281
0	41
0	360
0	254
0	275
0	7
0	369
18	10
0	40
1	1022
0	0
0	0
0	0
15	1012
0	1471
0	1086
15	16
20	827
0	1246
0	1218
0	1015
0	547
1	169
183	300
0	0
0	0
0	324
0	0
0	0
11	0
0	0
420	0
0	0
871	791
9	120
30	643
0	25
0	160
0	71
41	277
0	0
113	1116
0	972
0	505
0	340
0	168
0	23
41	498
0	56
0	443
0	52
0	491
0	143
0	0
0	0
0	0
0	3
0	29
98	3
0	0
389	189
54	178
56	129
0	0
16	23
0	0
0	0
0	0
0	0
0	0
0	0
0	0
0	0
0	0
0	0
0	0
0	0
0	0
0	0
0	0
0	0
0	0
0	0
0	0
0	0
0	0
0	0
0	0
0	0
0	0
0	0
0	0
29	626
0	592
16	604
0	38
0	17
0	14
4	19
0	0
0	0
0	526
1	302
0	56
0	0
0	510
0	532
0	34
0	312
0	12
0	0
0	0
0	46
0	37
0	0
0	22
0	59
0	0
0	0
4	77
0	71
0	0
0	0
0	0
0	0
0	0
0	0
0	0
0	0
0	0
0	0
0	0
0	0
0	0
0	0
0	0
0	0
0	0
0	0
0	28
18	82
0	25
0	0
0	0
0	0
5	277
6	462
2	238
0	278
2	181
0	0
0	2
0	5
106	2584
0	4171
0	2472
0	4102
4	2365
0	0
16	489
1	119
0	125
0	145
0	116
0	16
0	20
0	329
622	679
0	744
23	498
0	517
6	386
0	0
0	0
0	0
3	135
0	0
0	28
0	28
0	26
0	34
0	18
0	255
0	26
0	11
0	5731
0	3636
0	0
38	2820
132	1301
41	731
0	84
0	99
0	99
15	1225
0	1779
1	675
27	449
0	566
15	622
4	559
0	19
0	102
0	0
0	0
0	0
0	0
0	0
0	0
0	0
0	0
0	0
0	0
0	3
0	0
0	0
0	0
0	0
579	3550
257	3550
0	150
0	0
0	646
0	759
10	926
0	704
0	877
16	375
0	140
0	233
0	313
0	23
0	144
0	85
0	96
0	48
70	591
0	548
0	554
8	566
3	544
0	410
0	405
0	317
8	168
5	198
13	155
0	0
0	108
3	104
0	69
0	54
0	63
0	49
0	79
0	39
0	1
0	1
0	0
0	0
0	0
0	0
0	0
0	0
0	0
0	0
0	0
0	0
0	0
0	0
0	0
0	0
278	37
34	37
22	5480
0	628
0	1489
0	994
0	596
0	748
9	1433
63	1392
0	751
0	4015
36	4148
59	4291
0	1178
0	2189
0	1439
0	1042
81	1008
1	21
0	19
0	4
0	3
0	0
0	9
0	2
0	3
0	5
0	9
0	2
0	8
0	1
0	4
0	0
0	0
6	3
0	3
0	31
0	39
0	35
0	40
0	11
0	7
0	6
0	10
0	2
0	9
0	1
0	0
0	0
0	0
0	0
0	0
0	0
0	0
0	0
0	0
0	0
0	0
0	0
0	0
0	0
0	0
0	0
0	0
0	0
0	0
0	0
0	0
0	0
0	0
0	0
0	0
0	0
0	0
0	0
0	0
0	0
0	0
0	0
0	0
0	0
0	0
0	0
0	0
0	0
0	0
0	0
0	0
0	0
0	0
0	0
0	0
0	0
0	0
0	0
0	0
0	0
0	828
1	829
0	710
31	821
0	15
0	148
2531	650
0	33
54	10425
0	1185
378	10850
0	725
0	758
0	0
10	298
8	3707
1	3939
3	107
0	359
69	1537
0	161
53	3023
316	3684
20	184
7	1102
1	1020
0	1055
30	1230
0	303
0	345
0	367
0	361
0	515
0	419
1	396
0	206
3	356
0	8
0	0
4	292
1	300
0	158
0	34
0	2
0	2
0	3
0	2
0	13
6	81
0	75
0	80
2	73
0	51
0	24
0	5
0	0
0	0
0	0
0	0
4	6
11	6837
56	6905
4	6834
82	6904
6	954
0	173
0	2
0	59
0	512
10	830
0	404
9	225
0	0
0	995
0	87
9	404
5	351
0	50
43	1990
0	689
0	2
0	2
0	1
0	3
6	3
0	1
2	747
9	678
164	386
86	943
12	200
0	633
0	0
1036	10392
0	5540
63	5847
19	5538
6	2267
10	771
0	1572
5	2310
0	1370
10	184
43	483
0	261
0	75
0	184
0	168
22	0
4	123
3	195
1	35
0	8
0	0
23	1235
752	1419
0	937
4	1093
0	856
0	221
0	0
0	123
0	289
0	180
0	185
13	195
0	272
0	0
0	158
0	35
584	4087
0	1954
0	5442
0	682
0	3488
0	3335
0	176
0	68
0	788
0	0
0	0
0	0
0	8
0	26
0	131
5	85
0	913
0	734
0	3
0	0
0	0
0	0
0	0
0	0
0	204
0	121
0	121
1	64
0	75
0	26
0	24
0	124
0	2
0	20
0	8
0	108
0	44
0	13
0	23
2	507
0	655
0	6
12	0
0	0
0	0
1	23
0	1
0	19
0	21
0	14
0	19
103	16
0	2
188	389
0	164
0	40
0	102
0	71
0	2
2	196
38	1828
79	4264
2	2216
0	164
0	312
0	236
0	100
11	312
0	9
0	31
0	29
4	40
5	40
0	75
1	87
0	90
0	53
0	51
0	49
0	0
0	0
20	215
0	199
0	94
0	15
0	4
0	0
0	0
0	0
0	0
0	0
0	0
0	0
0	0
0	0
0	34
0	40
31	333
0	346
0	335
0	0
6	105
0	281
0	40
0	65
0	100
19	561
0	47
0	0
0	57
0	486
0	71
0	83
0	81
0	2
0	2
0	139
0	452
0	334
0	19
0	0
0	7
0	94
0	329
0	95
0	51
0	31
0	209
0	0
0	0
0	0
17	289
0	234
0	29
0	42
2	227
8	38
0	8
0	272
0	99
0	0
0	134
3	102
0	112
0	40
0	3
0	719
0	1435
17	1433
0	751
13	266
0	734
134	1382
0	679
6	1117
1	200
2	466
0	0
63	0
176	7769
0	6361
189	1476
0	91
0	4750
0	158
65	1006
9	0
0	0
0	0
0	0
0	0
0	0
0	0
0	0
0	0
0	0
0	0
0	0
0	0
0	0
0	0
0	0
1121	1026
64	807
10	911
6469	0
0	0
1	15
0	19
17	147
0	143
0	107
0	56
0	58
0	9
0	39
0	9
0	15
0	0
0	536
0	8
0	18
0	460
5	526
0	67
0	25
1	554
0	2
0	39
0	25
0	47
0	453
0	53
0	6
0	271
14	238
0	139
0	0
0	0
0	0
0	0
0	0
0	0
0	0
0	0
0	0
50	98
4	96
0	39
40	45
0	34
4	0
0	0
0	64
7	105
0	33
0	81
0	12
0	9
0	0
0	0
0	0
119	264
0	161
4	71
0	2
0	0
0	0
0	0
0	111
0	0
0	6
0	8
0	6
0	0
0	44
0	0
13	23
0	29
0	0
0	6
14	33
0	0
0	27
0	17
0	1
0	2
0	6
0	5
3	0
0	0
0	0
0	191
10	298
39	426
17	97
0	72
0	60
0	59
0	25
0	3
0	1
0	237
0	0
0	2
0	0
0	0
0	0
189	1336
0	107
0	0
0	104
0	1101
12	1128
0	182
0	105
0	0
0	117
0	0
0	66
0	21
0	190
0	130
0	1
8	15
0	1
65	1
0	25
0	24
459	513
25	513
0	123
0	81
0	43
0	71
224	0
5	1505
0	1182
0	1606
0	712
0	395
0	1459
0	311
0	1495
6	375
0	294
0	4
0	92
0	0
0	0
0	0
0	0
0	0
0	0
0	0
0	0
0	0
0	0
0	0
0	0
0	0
0	0
0	0
0	0
0	0
0	0
0	0
0	0
0	0
0	0
0	0
0	0
0	0
0	0
0	0
0	0
0	0
0	0
0	0
0	0
0	0
0	0
0	0
0	0
0	0
0	0
0	0
0	0
0	0
0	0
0	0
0	0
0	0
0	0
0	0
0	0
0	0
0	0
0	0
0	0
0	0
0	0
0	0
0	0
0	0
0	0
0	0
0	0
0	0
0	0
0	0
0	0
0	0
0	0
0	0
0	0
0	0
0	0
0	0
0	0
0	0
0	0
0	0
0	0
0	0
0	0
0	0
0	0
0	0
0	0
0	0
0	0
0	0
0	0
0	0
0	0
0	0
0	0
0	0
0	0
0	0
0	0
0	0
0	0
0	0
0	0
0	0
0	0
0	0
0	0
0	0
0	0
0	0
0	0
0	0
0	0
0	0
0	0
0	0
0	0
0	0
0	0
0	0
0	0
0	0
0	0
0	0
0	0
0	0
0	0
0	0
0	0
0	0
0	0
0	0
0	0
0	0
0	0
0	0
0	0
0	0
0	0
0	0
0	0
0	0
0	0
0	0
0	0
0	0
0	0
0	0
0	0
0	0
0	0
0	0
0	0
0	0
0	0
0	0
0	0
0	0
0	0
0	0
0	0
0	0
0	0
0	0
0	0
0	0
0	0
0	0
0	0
0	0
0	0
0	0
0	0
0	0
0	0
0	0
0	0
0	0
0	0
0	0
0	0
0	0
0	0
0	0
0	0
0	0
0	0
0	0
0	0
0	0
0	0
0	0
0	0
0	0
0	0
0	0
0	0
2	2
0	2
0	0
0	0
0	0
0	0
0	0
0	0
0	0
0	0
0	0
0	0
0	0
0	0
0	0
0	0
0	18
0	18
0	11
0	0
0	0
0	0
0	0
0	0
0	0
0	0
0	0
0	0
0	0
0	0
0	0
0	0
0	0
0	0
0	0
0	0
0	0
0	0
0	0
0	0
0	0
0	0
0	0
2	87
0	0
0	0
0	0
0	0
0	0
0	0
0	0
0	0
0	0
0	0
1	1
0	0
1	1
0	0
0	0
0	0
0	0
0	0
9	74
0	56
10	72
0	70
0	0
0	57
0	5
0	9
0	12
0	11
0	1
0	0
0	0
0	0
0	0
4	1086
0	977
0	1084
0	1080
0	39
1	986
0	1
0	23
4	1012
0	945
0	27
0	0
0	21
0	76
0	65
0	546
0	229
0	33
0	20
0	1070
0	0
0	0
0	3
0	50
0	0
3	20
0	1048
0	102
0	0
0	59
0	66
0	0
44	76
11	91
74	676
3	376
0	132
96	460
8	1813
14	1814
7	261
0	432
0	12
17	0
0	176
4	60
0	0
13	135
0	129
0	79
0	33
21	24
0	77
0	11
0	348
10	30
43	364
0	250
0	24
0	0
0	29
0	9
0	194
0	189
1	191
0	186
0	14
0	4
0	7
0	90
0	66
0	16
0	0
3	123
0	124
2	118
0	57
0	10
0	17
0	24
0	9
0	5
0	0
0	2
0	0
0	0
0	0
0	0
0	0
0	0
0	0
0	0
0	0
0	0
0	0
581	318
0	86
2	83
39	251
15	0
0	0
9	60
0	65
27	1901
10	2164
0	195
169	2053
7	237
0	797
0	419
0	30
3	424
0	57
0	11
0	154
1	173
0	408
0	147
0	19
0	29
0	5
0	0
61	1855
27	492
37	795
24	1291
52	1895
23	1702
5	856
119	1245
6	155
0	258
0	0
0	0
0	0
0	0
0	0
0	0
0	0
0	0
0	0
0	0
0	0
0	0
0	0
0	0
0	0
0	0
0	0
0	0
0	0
0	0
0	0
0	0
0	0
0	0
0	0
0	0
0	0
0	0
0	0
0	0
0	0
0	0
0	0
0	0
0	0
0	0
0	0
0	0
1	11
0	10
0	1
0	0
0	0
0	0
0	0
0	0
0	0
0	0
0	0
0	0
0	0
0	0
0	1
0	0
0	0
0	0
0	1
0	0
2	1
0	0
1	0
0	0
0	0
0	0
0	0
0	0
0	0
0	0
0	0
0	0
0	78
0	32
0	69
0	38
15	196
25	574
3	81
0	8
0	531
0	15
1	90
0	0
0	110
0	141
12	556
0	13
0	0
0	91
12	527
0	0
0	0
0	0
0	59
0	0
0	0
0	0
0	0
0	0
0	32
0	0
0	28
0	28
0	28
12	675
0	4
0	22
3	672
5	676
0	639
0	62
0	27
0	32
0	0
0	0
0	0
0	0
0	0
0	0
0	0
0	0
45	0
0	0
0	0
0	0
0	0
0	0
0	0
0	0
40	433
6	433
42	428
0	118
0	100
0	0
0	0
2	1957
0	473
0	467
0	112
0	1154
0	1879
0	35
0	1
0	47
42	1173
0	122
59	705
0	152
0	125
0	36
0	8
402	3916
32	2282
0	584
0	214
0	0
0	3916
0	0
0	0
0	0
0	0
0	0
31	919
3	674
7	894
0	653
1	803
0	788
6	643
0	91
0	76
0	232
7	98
0	143
0	46
0	33
0	22
0	33
0	31
0	22
0	63
2	62
0	47
0	48
0	34
0	9
0	24
0	0
0	0
1293	1223
0	135
0	145
0	0
0	85
6	864
0	25
0	0
0	0
0	0
0	0
569	271
0	253
0	7
20	250
0	43
30	27
0	27
16	14
0	26
0	11
0	29
0	3
8	621
7	791
109	409
0	35
3	739
0	635
0	10
0	13
0	59
0	25
15	120
31	120
0	13
0	0
21	482
0	516
8	388
17	391
0	135
9	35
0	0
0	11
0	14
0	15
0	0
23780	3784
0	1604
4	2448
0	25
0	58
0	0
0	0
0	0
0	0
0	0
0	0
8	1411
32	1402
0	807
104	2168
8	2053
5	2034
0	340
0	146
0	116
0	19
0	233
0	40
0	0
0	0
0	0
0	0
0	0
0	137
0	526
18	500
0	20
0	438
0	37
0	46
0	28
0	11
0	13
0	338
0	4
20	183
0	42
0	3
0	11
0	5
0	32
0	60
0	39
0	0
0	0
0	0
0	0
0	0
0	0
0	0
0	0
0	0
0	0
0	0
0	0
0	0
0	0
1	46
0	0
0	0
0	0
29	10
0	9
0	1
0	0
0	0
45	0
7	0
20	153
2	11
9	3
7	631
0	322
0	488
0	122
0	0
0	0
7	10
37	10
0	0
0	0
0	0
0	0
0	0
0	0
0	0
0	0
0	0
0	0
0	0
0	0
0	0
0	0
0	0
0	0
0	0
0	1
15	34
0	3
0	0
4	30
0	27
0	48
0	83
0	95
0	114
0	127
0	38
0	108
0	34
0	8
0	2
0	116
0	93
0	104
0	126
0	88
0	79
0	60
0	116
0	66
0	104
0	93
0	103
0	85
0	50
0	79
0	51
0	98
0	56
0	89
0	95
0	101
0	80
0	103
0	77
0	78
0	111
0	74
0	104
0	81
0	50
0	58
0	55
0	88
0	81
0	93
0	95
0	82
0	81
0	63
0	82
0	90
0	0
0	80
0	70
0	69
0	96
0	96
0	106
0	82
0	82
0	96
0	88
0	92
0	54
0	62
0	78
0	86
0	85
0	47
0	75
0	86
0	52
0	73
0	9
0	46
0	87
0	88
0	90
0	56
0	25
0	85
0	82
0	95
0	83
0	36
0	25
0	31
0	18
0	17
0	44
0	40
0	30
0	4
0	5
0	0
0	0
0	4
0	14
6	477
0	181
0	164
0	28
0	7
0	453
0	470
17	68
0	23
0	0
0	0
0	0
0	0
0	0
0	0
0	0
0	0
0	0
0	0
0	0
0	0
0	0
0	0
0	0
0	0
0	0
0	0
0	0
0	0
0	0
0	0
0	0
0	0
0	0
0	0
0	0
0	0
0	0
0	0
0	0
0	0
0	0
0	0
0	0
0	0
0	90
0	70
0	80
0	91
0	91
0	23
0	40
0	3
0	10
0	7
0	14
0	8
0	11
0	0
0	0
0	0
0	2
0	2
0	0
0	0
0	0
0	0
0	0
0	0
0	0
0	0
0	0
0	0
0	0
0	0
0	0
0	0
0	0
0	0
0	0
0	0
0	0
0	0
0	0
0	0
0	0
0	0
0	0
0	0
0	0
0	0
13	327
1	325
0	38
0	22
0	23
0	8
5	28
0	0
0	0
0	0
0	0
0	0
0	0
0	0
0	0
0	0
0	0
0	0
0	0
0	0
0	140
0	19
0	20
0	20
0	21
0	0
0	0
382	417
0	0
0	26
0	211
0	0
0	0
0	389
0	430
0	6
0	346
670	538
66	98
0	17
0	0
0	0
0	0
0	0
0	0
0	0
0	0
0	0
0	0
0	0
0	0
0	0
0	0
0	0
0	0
0	0
131	162
23	5
19	108
56	156
0	0
0	0
0	0
0	0
0	0
0	0
0	0
0	0
0	0
0	0
15	2855
47	2855
0	2481
0	2696
0	2687
2	2399
0	2248
15	2832
0	2509
6	2226
2	2412
4	517
10	231
0	721
0	448
2	487
0	301
0	22
0	14
0	5
0	0
0	0
0	0
0	0
0	0
0	0
0	0
0	0
40	0
0	0
0	0
274	43
38	0
0	0
0	0
0	0
0	0
387	6
0	6
6	58
0	58
1	31
0	31
0	30
0	0
6	31
0	14
0	0
0	0
0	0
0	0
0	0
0	0
0	0
0	0
0	0
0	0
0	0
0	478
0	24
76	506
0	5
0	341
0	0
5	0
161	75
0	0
0	66
0	14
0	0
0	0
19	15794
0	0
0	0
0	0
0	0
0	0
0	0
0	0
0	0
0	0
0	0
0	0
0	0
0	0
0	16
27	3234
0	3272
0	3283
0	3273
27	3155
100	1379
0	97
16	22
0	14
0	0
0	0
0	0
11	447
2	447
0	49
0	26
0	0
0	0
0	0
0	0
0	0
0	0
0	0
0	0
0	0
0	0
0	0
5	34549
0	7189
0	1131
0	933
0	218
0	394
9	244
57	37901
0	7104
39	42878
147	45328
15	19074
16	41396
0	4399
0	21
346	18461
0	30195
41	40364
87	40499
7	42663
10	42691
0	45108
0	10607
0	15496
0	12813
0	4802
0	0
101	19765
179	7648
0	4451
0	0
1831	1479
408	1474
0	0
0	0
5	1023
0	289
14	589
80	990
0	261
0	175
3	221
20	380
0	175
0	0
76	299
0	49
0	35
0	21
0	8
6	252
0	3
0	0
0	903
13	584
8	910
0	175
0	376
0	204
0	203
0	173
57	269
0	80
0	11
50	8
28	104
0	0
0	0
0	0
0	81
75	1313
0	1314
9	70
367	1259
0	81
229	795
4	365
0	0
0	0
0	2
33	48
2	94
0	3
17	27
0	64
0	13
0	24
0	4
31	84
0	1
29	38
0	0
0	16
4	252
7	227
0	25
133	218
0	219
0	48
4	420
2	350
0	422
71	384
41	133
10	133
12	277
0	238
9	272
0	63
0	37
0	52
0	259
1	321
0	19
0	35
19	235
0	45
0	28
0	606
0	229
0	104
0	43
0	59
0	13
0	12
0	597
4	214
0	573
26	473
1	572
0	24
0	0
1	6
0	6
0	0
3	358
12	259
0	368
0	1
0	37
0	23
0	348
0	126
0	15
2	306
0	0
0	0
0	5
0	0
0	0
0	5
0	0
17	10
0	3
0	5
0	0
0	0
0	0
0	0
0	0
0	0
0	0
0	0
0	0
0	0
0	0
0	0
0	0
0	0
0	0
0	0
0	0
0	0
0	0
0	0
0	0
0	0
0	0
0	0
0	0
0	0
0	0
0	0
0	0
0	0
0	0
0	0
0	0
0	0
0	0
0	0
0	0
0	0
0	0
0	0
0	0
5	57
0	221
3	244
26	69
0	13
0	0
0	0
0	0
0	0
0	0
0	0
0	0
0	0
0	0
0	0
0	0
0	0
0	0
3	2710
11	2958
5	182
0	510
0	85
0	2879
0	464
2	387
0	107
7	393
0	114
0	281
2	550
1	549
1	600
0	444
0	80
0	122
17	148
0	50
0	57
0	46
0	24
0	19
0	10
0	34
398	1896
0	32
0	1
50	1796
0	243
0	242
8	583
0	711
0	675
0	97
0	3984
0	3798
0	4229
0	2007
0	3751
0	4091
0	647
0	281
0	1143
0	1111
0	125
0	117
0	3
0	0
0	0
0	0
0	52
0	109
0	173
0	197
0	218
0	73
0	9
0	78
0	149
0	66
32	380
0	167
0	2
0	28
0	29
0	48
0	5
0	1319
4	1572
0	1532
0	1544
0	1532
11	1447
0	69
0	456
0	504
0	386
0	294
0	131
0	279
0	63
0	258
0	105
0	0
0	5
0	7
0	0
36	39
0	0
0	9
0	31
0	32
12	1
0	1
0	0
0	0
17	830
0	591
0	434
0	602
0	0
0	99
13	789
0	396
14	602
0	78
11	602
0	1
0	484
15	1087
0	691
41	1101
0	614
0	1084
0	371
0	600
55	165
0	5
0	0
0	36
0	36
4	38
0	25
0	17
0	2
0	6
0	4
0	0
0	0
0	0
0	0
0	0
0	415
0	415
0	416
0	431
0	0
0	416
0	0
0	409
0	0
0	0
0	0
0	416
1	416
0	15
0	0
0	7
0	376
29	417
106	362
11	79
0	44
0	41
0	11
0	3
0	1
0	8
0	39
0	0
0	17
0	8
0	0
107	402
0	0
0	30
66	33
365	5
0	0
76	120
0	16
0	37
0	30
0	0
10	30
0	0
0	89
8	403
0	62
33	345
0	31
8	264
56	124
0	216
1	184
0	90
0	129
0	158
0	154
0	18
0	80
0	27
0	29
2	81
0	86
0	19
14	36
0	27
0	20
0	30
0	34
0	15
0	18
8	61
0	37
0	28
0	49
0	8
0	11
0	1
0	218
40	965
2	172
134	965
0	2
0	159
0	182
8	189
17	43
0	122
0	1
101	48
0	39
0	0
0	281
11	1093
0	265
6	820
0	0
7	507
0	0
0	0
0	0
0	0
0	0
0	0
0	0
21	162
0	79
160	1280
85	1049
30	392
0	0
0	5
0	5
0	6
0	1
15	2781
532	1314
10	2090
0	3470
67	4878
0	1267
140	4292
0	210
0	0
0	67
0	213
28	209
0	4
0	8
0	16
0	2
23	16
0	1
0	9
0	9
0	9
0	0
0	0
0	1
0	0
0	0
0	0
0	0
0	0
0	0
0	0
0	1
0	0
4	107
0	72
0	23
0	74
0	112
1	117
0	76
0	49
0	131
0	95
3	102
0	73
0	131
0	53
2	131
0	6
0	14
0	19
0	27
0	7
0	0
0	0
0	0
0	0
0	0
0	0
0	0
20	2872
1	1659
0	2550
0	2545
0	2298
21	2104
0	2871
0	1458
4	663
6	2872
0	83
0	2302
0	1305
80	950
67	950
0	7
0	38
0	29
0	0
282	219
8	219
0	0
0	0
0	0
0	0
0	0
0	0
0	0
0	0
0	0
0	0
0	0
0	0
0	0
0	0
0	0
0	0
0	0
0	0
0	0
0	0
0	0
0	209
0	6
0	104
1	172
0	30
0	288
0	64
0	25
60	250
48	207
0	79
4	105
0	27
0	12
0	0
170	568
0	1
0	155
0	457
0	128
0	478
5	153
0	97
29	70
14	78
0	3523
0	3656
0	94
0	3478
0	3677
0	213
0	79
24	42
2	268
0	112
6	1845
0	179
0	0
0	223
0	217
0	346
0	85
0	197
0	0
0	3
0	1
0	3
0	3
0	3
0	1
0	3
0	1
0	3
0	1
0	3
0	0
0	0
0	0
0	0
0	0
0	0
0	0
0	0
0	0
0	0
0	0
0	0
0	0
0	10
0	10
0	7
2	10
0	10
0	10
21	0
1	0
0	0
0	0
0	0
0	0
0	0
1882	182
0	87
0	36
0	80
225	0
445	660
0	341
51	585
0	343
0	611
0	0
0	0
0	0
0	0
0	0
0	0
0	0
0	0
0	0
0	0
0	0
0	0
0	0
1	0
18	682
411	1706
0	8
0	126
0	112
0	30
0	343
0	16
0	761
0	21
0	102
0	172
0	314
0	209
0	29
0	26
335	368
29	144
41	246
11	392
0	320
437	320
0	275
0	56
0	113
0	120
35	128
0	122
30	506
0	508
19	519
0	498
0	498
224	741
0	760
0	131
0	275
0	0
0	0
0	0
0	0
43	0
6	93
0	133
0	114
1	128
0	91
0	90
0	72
0	83
0	29
0	1
0	16
0	0
0	0
0	0
0	0
0	0
0	0
0	0
0	0
0	0
2	463
0	295
0	288
0	98
0	483
0	2
0	336
0	483
0	436
0	295
0	410
0	280
0	280
0	214
0	215
0	208
0	64
0	465
0	441
0	36
0	24
0	0
0	223
0	0
0	0
0	0
0	0
0	0
0	0
0	0
0	0
0	0
0	0
0	34
257	78
1	44
0	0
0	0
0	0
1	45
0	49
0	269
2	275
55	459
0	408
13	190
0	395
0	313
4	55
0	36
0	79
0	0
0	0
0	0
0	9
0	1857
1	1919
22	326
0	156
16	1816
0	246
0	966
0	129
0	995
36	154
2	93
0	9
67	216
0	148
0	62
13	153
0	0
0	48
16	123
0	38
0	49
0	0
0	0
875	502
0	779
0	3
0	0
0	556
0	891
4	385
0	1061
0	657
0	108
0	864
0	1309
0	0
1	746
0	1514
0	1664
1	700
0	436
0	314
0	1251
0	295
2	240
0	991
0	169
20	54
9	456
0	132
0	64
0	48
0	26
65	1039
740	310
2	957
0	1058
0	742
0	918
0	526
0	10
0	8
0	37
0	2
106	1401
13	1071
0	942
0	668
0	921
0	487
0	12
0	149
1	17
0	79
0	194
0	81
0	83
0	22
0	62
0	33
0	1362
2	710
6	1320
0	49
0	33
1	572
0	462
3	344
1	43
3	88
0	24
4	86
0	60
0	15
0	42
0	4
0	0
0	0
0	0
0	0
0	0
0	0
0	0
0	0
0	0
0	0
0	0
0	0
0	0
0	0
0	0
0	0
0	0
0	0
0	0
0	0
0	0
0	0
0	0
0	0
0	942
0	1117
0	977
0	1179
0	1024
0	1134
6	429
0	385
5	47
0	330
4	340
0	0
11	244
11	325
0	313
0	154
0	122
0	21
2	80
0	18
0	23
0	9
1	0
0	0
0	0
0	15
0	14
0	11
0	15
0	4
3	9
0	0
77	2271
41	2165
6	583
0	1476
34	1337
1	1877
173	1989
15	88
0	577
25	1005
1	835
4	138
0	748
0	40
0	126
0	124
0	8
0	284
9	68
0	430
62	430
3	1797
0	1626
11	245
11	1476
0	1
0	0
0	0
0	0
0	0
0	0
0	0
0	0
0	0
0	0
0	0
0	0
0	0
0	0
0	0
0	0
0	0
0	0
0	0
0	0
0	0
0	0
0	0
0	0
0	0
0	0
0	0
0	576
0	502
0	45
0	253
0	30
7	193
0	29
0	39
0	0
0	0
11	2350
0	0
0	0
0	0
0	0
0	0
0	0
0	0
0	0
0	0
0	0
0	0
15	29
21	29
0	0
21	0
0	0
43	0
0	1854
20	1801
9	1734
0	251
0	22
0	215
3	552
0	39
0	373
0	0
0	42
0	399
0	3
4	79
9	74
0	19
1	0
10	1
13	67
15	959
14	947
0	542
0	41
12	324
0	715
0	155
0	79
0	103
0	79
0	2
0	0
0	0
0	0
0	0
0	0
0	31
0	0
0	0
0	352
245	486
0	501
0	8
0	0
0	19
0	0
89	1055
0	198
0	35
0	71
2	934
0	0
0	60
0	222
0	0
0	0
0	0
0	49
0	49
0	20
35	0
0	6
0	1
0	1
0	1
0	1
0	1
0	0
0	0
0	0
0	0
0	0
0	0
0	0
0	0
0	0
0	0
0	0
0	0
0	0
0	0
0	0
0	0
0	0
0	0
0	0
0	0
0	0
0	0
288	4041
0	4025
0	1195
0	1747
0	1159
0	594
0	0
0	0
0	0
4732	5597
20	33
61	3605
0	1723
0	24
44	1422
64	1296
0	1279
0	1011
1	1278
0	661
0	351
0	121
0	0
0	0
0	0
0	0
0	0
0	0
0	0
65	62
4	62
0	0
0	0
0	0
0	0
0	0
1	201
0	242
0	34
12	242
0	0
0	0
0	0
0	0
0	0
0	0
0	0
0	0
0	0
0	0
15	1117
0	16
0	90
27	1120
0	0
0	0
0	66
0	706
0	69
47	629
14	542
0	112
0	40
0	111
0	11
0	0
56	1179
0	886
9	597
0	111
0	14
0	1
0	69
0	94
0	123
0	0
0	0
0	0
0	0
0	0
0	0
0	6
0	97
8	129
1	106
12	102
0	150
0	22
0	37
9	17
0	0
0	60
0	0
6	445
0	196
0	52
0	10
2	91
0	45
0	196
0	113
0	127
0	69
0	154
12	304
0	6
28	417
3	121
0	62
0	0
0	0
0	0
0	0
0	0
0	0
0	0
0	0
0	0
0	0
0	0
0	0
0	0
0	0
0	0
0	0
0	0
0	0
0	0
0	0
0	0
2	3
0	3
0	3
473	782
0	44
0	55
3	728
0	41
0	81
0	163
0	371
0	0
0	0
0	0
0	0
0	0
0	0
492	2391
0	22
14	1869
29	2065
0	296
105	2131
60	1995
0	271
0	272
0	373
0	223
0	117
0	111
0	158
0	0
0	0
0	0
0	0
0	0
0	0
0	0
0	0
0	0
0	0
0	0
0	0
0	0
0	0
0	0
0	0
0	0
0	0
0	0
0	0
0	0
0	0
0	0
0	0
0	0
0	0
0	0
0	0
0	0
0	0
0	0
0	0
0	0
0	0
0	0
0	0
0	0
0	0
0	0
0	0
0	0
0	0
12	700
16	814
5	811
0	773
16	810
4	606
0	75
0	122
0	73
0	22
0	129
0	21
14	935
0	0
550	541
1	441
16	230
10	210
0	1
0	69
11	94
622	67
0	67
0	9
0	0
0	0
0	0
0	0
0	0
0	0
0	0
0	0
0	0
0	0
0	0
0	0
0	0
0	0
0	0
0	193
3	198
0	50
0	41
6	164
0	74
0	56
0	27
0	16
0	19
0	0
0	0
0	0
0	0
0	0
0	0
0	0
0	0
0	0
0	0
0	0
0	0
0	0
0	0
0	0
0	0
0	0
0	0
0	0
0	0
0	0
0	0
0	0
0	0
0	0
0	0
0	0
0	0
0	0
0	0
25	792
51	756
0	48
7	273
0	96
0	337
0	107
0	0
0	0
0	0
0	0
0	0
0	0
0	14
0	466
0	579
0	1
0	30
0	9
5	652
0	118
0	50
0	86
0	585
0	86
0	52
14	108
0	279
0	65
0	21
0	0
0	4
0	0
10	4
0	0
0	1
0	0
0	0
0	0
316	328
20	319
0	137
7	82
0	44
0	24
0	2
312	171
0	171
0	52
0	0
0	0
0	0
0	1
0	2
0	2
0	1
0	1
0	1
0	0
0	0
0	0
169	645
14	638
0	275
0	7
0	0
0	0
0	0
0	0
0	0
0	0
0	0
0	0
0	0
0	0
0	0
0	0
0	0
0	0
0	0
0	0
0	0
0	0
0	0
0	0
0	0
0	0
0	0
0	0
0	0
0	0
0	0
0	0
0	0
0	0
0	0
0	0
0	0
0	0
0	0
0	0
0	0
0	0
44	4122
0	4122
0	879
0	3
0	0
17	540
0	381
0	414
0	0
0	0
0	0
0	0
0	0
0	0
0	0
0	0
0	0
0	0
0	0
0	0
0	0
0	0
0	0
0	0
0	0
0	0
0	0
0	0
0	0
0	0
0	7
1	1770
0	258
0	132
0	475
0	53
0	1621
2	110
0	180
0	1
20	357
0	136
0	0
0	0
0	0
0	0
0	0
0	0
0	0
0	0
0	0
0	0
0	0
0	0
0	1
0	0
0	0
0	1
0	0
0	1
0	0
17	8
0	6
0	2
0	4
0	0
0	0
0	280
0	36
0	96
0	292
0	0
5	280
0	41
0	67
2	280
0	0
0	0
0	0
0	0
0	0
0	0
0	0
0	0
0	0
0	0
0	0
0	0
0	0
0	0
1156	1193
0	65
68	620
0	0
0	383
168	1090
0	0
0	374
0	0
0	501
0	478
0	43
0	0
0	0
0	0
0	0
0	53
0	1720
282	1751
0	2055
0	574
0	2011
0	1766
0	499
0	33
1	1493
0	72
0	1881
0	1925
3	97
3	890
0	16
0	20
0	1642
0	558
0	142
0	14
0	1840
0	1884
0	300
3	1439
0	775
0	140
0	265
0	7
0	0
0	146
0	0
0	0
0	0
0	0
0	0
0	0
0	0
0	0
0	0
0	0
0	0
0	0
0	0
0	0
0	0
0	0
0	0
0	0
0	0
0	0
0	0
0	0
0	0
0	0
0	0
0	0
0	0
0	0
0	0
0	0
0	0
0	0
0	0
0	0
0	0
0	0
0	0
0	0
0	0
0	0
0	0
0	0
0	0
0	0
0	0
0	0
0	0
0	0
0	0
0	0
0	0
0	0
0	0
0	0
0	0
0	0
0	0
0	0
0	0
570	339
188	141
114	245
8	1
0	0
0	0
0	0
0	0
0	0
0	0
0	0
0	0
0	0
0	0
0	0
0	0
0	0
0	0
0	0
0	0
0	0
362	30
0	30
0	21
0	0
0	0
374	397
0	200
0	377
0	118
0	87
0	78
0	99
85	317
5	53
23	280
3	52
4	251
0	109
0	0
0	0
0	0
0	0
0	0
0	0
0	0
0	0
0	0
0	0
0	0
0	0
0	0
0	0
0	0
0	0
862	401
12	65
0	174
0	141
0	0
0	0
0	0
0	0
0	0
0	0
0	0
0	0
0	0
0	0
0	0
0	0
0	0
0	0
0	0
0	0
0	0
10	6
0	5
0	5
0	4
0	4
0	5
0	0
0	0
0	0
0	0
0	0
0	0
0	0
0	0
0	0
0	0
0	0
0	362
0	378
0	361
0	119
16	405
0	340
0	293
0	13
0	0
0	0
0	0
0	0
0	0
0	0
0	0
0	0
0	0
0	0
0	0
0	0
0	0
0	0
0	0
0	0
0	0
0	0
0	0
0	0
1	243
0	0
0	0
0	0
0	0
0	0
0	0
0	0
0	0
0	0
0	0
0	0
0	4
0	0
0	0
0	0
0	0
0	0
0	0
0	0
52	2428
175	2434
1	2284
17	1951
0	2413
5	605
23	621
0	596
0	115
1	11
0	3
0	0
0	0
0	0
0	0
0	0
0	0
0	0
0	0
0	0
0	0
0	0
0	0
0	0
0	0
0	0
137	0
34	0
0	0
0	0
0	0
0	0
0	0
0	0
0	0
0	0
0	0
0	0
0	0
0	0
0	0
0	0
0	0
0	0
0	0
0	0
0	0
0	0
0	0
0	0
0	0
0	0
0	0
0	0
9	83
0	895
5	848
0	53
12	596
7	392
4	414
0	12
0	44
0	46
0	2
0	1
0	79
6	144
0	45
0	83
0	88
0	83
0	0
0	0
1	0
0	0
0	0
0	0
35	0
0	0
0	0
0	0
37	0
0	0
0	0
0	0
0	0
0	0
0	0
0	0
0	0
0	0
0	0
0	0
0	0
0	0
0	0
0	0
0	0
0	0
0	0
0	0
0	0
0	0
0	0
0	0
0	0
0	0
0	0
0	0
0	0
0	0
0	0
0	0
41	3
11	493
0	514
0	328
0	230
0	89
0	43
0	30
20	0
30	0
163	0
0	0
977	99
0	99
0	50
35	2075
33	1522
0	632
0	58
14	993
0	45
0	286
0	0
0	0
0	0
0	0
0	0
0	0
0	0
0	0
0	0
0	0
0	0
0	0
0	0
29	1510
0	6
0	6
0	7
0	9
0	9
0	7
0	89
883	1447
0	90
0	1
0	2
0	0
0	24
0	27
19	4
0	0
0	0
0	0
0	0
0	0
0	0
0	0
0	0
0	0
0	0
0	0
351	806
46	348
40	692
0	57
12	110
20	141
0	30
23	40
0	38
0	0
0	0
0	0
0	0
0	0
0	0
0	0
0	0
0	1084
0	923
0	1245
0	1331
10	1202
0	1332
0	1226
33	1330
0	1119
0	1049
0	45
0	402
0	55
0	78
14	116
0	102
0	90
0	0
0	0
17	252
9	1545
679	2457
62	915
0	888
13	42
0	21
37	708
12	1019
0	391
436	910
0	0
0	0
0	76
178	0
3	205
2	63
183	219
0	0
76	25
37	5
15	0
74	0
73	34
0	0
0	0
0	5
0	19
80	23
0	20
0	5
0	10
0	4
0	0
0	0
0	0
0	0
0	0
0	0
0	0
0	0
0	0
0	0
0	0
0	0
0	0
0	2079
3	2197
0	2437
0	1597
0	1222
1	252
0	0
25	0
0	0
0	0
0	0
0	0
0	0
0	0
0	0
0	0
0	0
0	0
0	0
0	0
0	0
0	0
0	0
0	0
0	0
0	0
0	0
0	10
0	0
3	43
0	36
0	33
0	35
0	8
0	19
745	959
17	953
26	0
0	0
0	0
35	4167
48	543
0	694
0	2404
4	2064
0	610
14	365
40	812
5	4231
0	232
8	4193
0	13
26	3390
10	2313
11	3123
0	0
0	4726
1	4588
49	3578
2	3327
0	3142
0	0
0	0
1	2
0	2
0	0
0	0
0	0
0	0
0	0
0	97
1884	5394
0	186
115	5208
22	50
0	0
38	9
0	8
0	2
0	2
0	0
0	109
1	109
0	5
0	3
1	52
0	49
0	8
0	49
0	4
0	6
0	4
0	8
0	0
0	82
34	59
4	59
0	5
0	0
0	0
0	0
0	0
77	0
6	450
67	0
0	73
0	385
0	358
0	450
0	423
0	0
0	0
0	0
0	0
0	0
3163	358
11	129
0	159
0	16
8	192
0	24
0	31
0	0
0	31
0	0
0	0
0	0
0	0
0	0
4	385
0	349
0	275
0	338
4	311
0	122
0	118
0	3
0	67
0	1
0	24
0	0
671	62
4	8
4	62
0	6
0	0
0	0
1811	2991
0	2951
2	2467
0	3
0	3
0	411
0	3
0	0
0	0
0	0
0	0
0	0
0	0
0	0
0	19
0	22
0	0
0	1
0	2
0	1
0	1
0	0
0	11
0	1
0	2
0	0
0	0
0	0
0	0
0	0
0	0
0	0
0	0
0	0
0	0
0	0
0	0
0	0
0	0
0	0
0	0
0	0
0	0
0	0
0	0
0	0
0	0
8	650
1	707
5	264
8	219
0	309
0	20
0	12
0	132
0	98
1	105
0	70
0	24
0	33
0	3
0	0
0	17
0	24
0	16
0	0
0	0
0	0
0	110
0	88
0	95
0	87
0	9
0	14
0	109
0	25
0	113
0	105
0	108
0	18
0	15
0	5
0	0
0	21
0	3
0	0
0	0
117	285
0	89
0	188
0	0
0	0
0	0
0	0
0	0
0	0
0	0
0	0
0	0
0	10
0	41
15	43
3	46
6	52
0	46
0	0
0	0
0	0
0	0
0	7
0	0
0	2
0	0
0	0
0	10
0	2
0	9
0	19
0	10
0	67
0	2
0	28
0	18
0	9
0	28
0	9
0	24
3	30
0	4
1	18
0	3
0	1
0	12
0	9
0	0
0	9
0	0
3	594
0	99
0	60
0	61
0	82
284	1090
54	603
1	580
0	278
0	52
0	0
3	27
0	0
50	20
0	5
0	16
0	14
0	5
0	6
43	270
35	16
0	4
0	10
0	11
0	0
0	6
0	2
0	1
0	0
1	2424
0	0
0	0
0	0
0	0
0	0
0	0
0	0
0	0
0	0
0	0
0	0
0	0
0	0
0	0
0	0
0	0
0	0
0	0
0	0
0	0
0	0
981	1720
0	1278
0	937
0	723
0	128
0	186
0	0
783	41847
0	0
3	79
0	961
0	1022
1187	1791
0	942
0	0
0	172
0	143
0	98
0	192
0	0
0	0
0	144
0	181
0	144
0	180
0	286
0	0
0	129
0	85
0	163
0	162
0	1
0	106
0	72
0	0
0	0
0	0
0	0
0	0
0	0
0	0
0	0
582	133
0	103
1	17
0	73
0	0
0	0
0	0
0	0
686	3478
0	3348
3	3351
0	77
0	1761
0	430
0	1113
0	1078
0	679
0	678
0	1083
0	679
0	333
0	306
0	0
0	0
0	0
0	0
0	0
0	0
29	0
53	427
2	426
0	421
0	30
0	0
0	0
0	7
0	5
0	7
0	0
0	0
0	6
0	0
0	5
0	8
0	13
0	0
0	0
0	0
0	0
0	14
0	14
0	8
0	7
0	1
0	0
0	1
0	3
0	0
0	1
0	47
0	35
1	36
0	8
35	26
28	36
18	7
18	156
0	24
0	1075
4	1329
16	1371
43	1170
21	1164
68	375
12	279
3	429
0	149
0	0
20	209
0	190
0	0
0	0
1641	468
0	0
18	177
2	1984
0	2056
204	1392
7	261
2	172
0	62
4	146
0	29
4	81
0	0
0	0
0	0
0	2
0	0
0	0
0	0
0	0
0	0
0	1132
0	1143
0	759
0	1106
0	743
0	39
4	388
20	720
0	732
0	88
0	68
0	50
0	3
1396	3069
0	41
0	156
43	2860
0	117
0	85
6	1064
53	988
0	190
0	200
0	0
0	0
8	14
0	0
1455	0
47	14
0	0
0	0
0	0
1	0
0	0
0	0
0	0
0	0
0	0
0	0
0	0
0	0
0	0
0	0
0	0
228	1245
500	1074
0	171
0	1
0	0
0	0
0	0
0	0
0	0
0	0
0	0
0	0
0	0
0	0
0	0
0	0
0	0
0	0
0	0
0	0
0	0
17	0
0	0
0	0
0	0
0	0
0	0
0	0
0	0
0	0
0	0
0	0
0	0
0	0
0	0
0	0
0	0
0	0
0	0
0	0
0	0
32	190
0	74
0	220
0	225
15	236
0	18
0	11
0	25
0	155
0	41
0	19
14	0
1	0
0	0
14	4403
0	3562
0	3315
0	331
12	728
0	383
1	193
0	47
0	96
0	0
0	0
0	0
0	0
0	0
0	0
0	0
0	0
0	0
0	0
0	0
0	0
0	0
0	0
0	0
0	0
0	0
0	0
0	0
0	0
0	0
0	0
0	0
109	548
0	573
0	182
0	0
0	30
0	61
0	0
0	0
0	0
0	0
0	0
0	0
0	0
0	0
0	0
0	0
0	0
0	0
0	0
0	0
0	0
0	0
0	0
0	0
0	0
0	0
0	0
0	0
0	0
0	0
0	0
0	0
0	0
0	0
16	44
2	44
0	0
211	0
836	1810
15	1694
0	286
0	973
0	0
1	140
0	75
0	3
0	29
9	81
0	160
0	36
0	87
0	110
0	7
0	0
0	0
0	0
0	0
0	7
246	132
5	28
0	99
0	0
3	22
0	22
0	16
0	21
48	51
37	2017
0	10
0	3121
1	79
134	3079
0	2832
0	3008
30	1056
0	2784
3	1327
75	2172
0	0
0	0
0	0
0	0
0	0
0	0
0	0
0	0
0	0
166	960
0	843
173	930
0	0
0	0
0	0
0	0
0	0
0	0
0	0
0	0
0	0
0	0
0	0
0	0
0	0
0	0
0	0
0	0
0	0
0	0
0	0
0	0
0	245
11	229
6	220
0	35
0	31
0	0
0	24
0	10
0	9
0	3
0	27
0	0
12	63
0	63
0	6
0	0
21	0
0	0
0	0
0	0
0	0
0	70
3	188
0	203
0	221
0	127
1	116
0	43
0	43
0	26
0	21
0	6
0	67
0	16
0	0
0	3
0	13
0	7
0	14
0	33
0	24
0	14
0	30
0	16
0	13
0	15
0	0
0	0
0	0
0	0
0	0
0	0
0	0
0	0
0	0
0	0
9	1869
10	1677
0	698
0	1112
28	205
14	280
0	144
6	685
0	813
0	351
0	261
0	181
0	94
0	63
0	27
0	114
0	0
0	0
0	0
0	0
0	0
0	0
0	0
0	0
0	0
0	0
0	0
0	0
0	0
51	524
0	443
0	351
0	116
0	188
0	555
0	1005
0	1166
0	35
3	811
0	254
0	587
26	652
0	578
0	545
1	532
12	544
0	0
0	543
15	512
13	0
716	788
0	370
0	331
0	381
1	563
0	344
1	368
0	361
0	30
0	321
0	110
0	150
0	184
0	367
0	11
0	122
0	5
0	13
0	82
0	43
0	110
0	0
0	0
0	0
36	749
8	710
0	232
21	648
0	233
0	647
54	555
102	556
0	517
0	0
0	67
4	67
0	1
0	0
0	0
0	0
0	0
0	0
0	0
0	0
548	7798
9	7420
219	4479
0	200
0	812
0	4
0	2289
0	797
0	86
0	337
0	1161
3	0
1	399
66	399
47	0
9	29
0	22
0	22
0	29
0	25
0	4
0	0
0	4
0	4
0	0
0	0
0	0
0	0
198	2209
2	2041
13	15
65	1557
39	1539
0	1661
8	1377
0	1732
0	15
0	1154
0	1089
0	9
0	2020
0	23
39	2039
0	0
36	0
0	0
0	0
0	0
0	0
0	0
0	0
0	0
0	0
0	0
0	0
0	0
0	0
0	0
0	0
0	0
0	0
0	0
0	0
0	0
0	0
0	0
0	0
0	0
0	0
0	0
0	0
0	0
0	0
0	0
0	0
0	0
0	0
0	0
0	0
0	0
0	0
0	0
0	0
0	0
0	0
0	0
0	0
0	0
0	0
0	0
0	0
0	0
0	0
0	0
0	0
0	0
0	0
0	0
0	0
0	0
0	0
0	0
0	0
0	0
0	0
0	0
0	0
0	0
0	0
0	0
0	0
0	0
0	0
0	0
0	0
0	0
0	0
0	0
0	0
0	0
0	0
0	0
0	0
0	0
0	0
0	0
0	0
0	0
0	0
0	0
0	0
0	0
0	0
0	0
0	0
0	0
0	0
0	0
0	0
0	0
0	0
0	0
0	0
0	0
0	0
0	0
0	0
0	0
0	0
0	0
0	0
0	0
0	0
0	0
0	0
0	0
0	0
0	0
0	0
0	0
0	0
0	0
0	0
0	0
0	0
0	0
0	0
565	0
0	0
0	0
0	0
0	0
0	0
0	0
0	0
0	0
0	0
0	0
0	0
0	0
0	0
0	0
0	0
0	0
0	0
0	0
0	0
0	0
0	0
0	0
0	0
0	0
0	0
0	0
0	0
0	0
0	0
0	0
0	0
0	0
0	0
0	0
0	0
0	0
0	0
0	0
0	0
0	0
0	0
0	0
0	0
0	0
0	0
0	0
0	161
19	736
0	652
8	1181
0	642
102	952
9	50
27	758
10	30
0	0
0	0
0	0
0	0
0	0
0	0
0	0
0	0
0	0
0	0
0	0
0	1234
0	1402
0	143
0	273
4	625
0	107
1	675
0	0
0	0
0	0
0	0
0	0
0	0
0	0
0	0
0	0
0	0
0	0
0	0
0	0
0	0
0	0
0	0
0	0
15	0
8	1559
0	188
0	377
0	92
20	1324
6	1510
0	244
0	332
0	353
0	27
0	0
0	0
0	0
0	0
0	0
0	0
0	0
1	0
0	0
0	0
0	0
0	0
0	0
0	0
0	1
0	0
0	24
0	0
0	0
2	445
0	865
0	328
1	1125
0	183
0	685
0	667
0	667
379	786
1	522
0	458
0	458
0	535
0	0
2	28
0	5
0	5
7	5
3	872
0	1135
0	1128
10	160
0	88
0	166
0	0
0	1
3	454
428	721
3	683
0	563
0	56
0	44
0	40
0	5
0	0
0	0
0	0
0	0
0	0
0	0
0	0
0	0
0	0
0	0
0	0
0	0
0	0
0	0
0	0
0	0
0	0
0	0
0	0
0	0
0	0
0	0
0	0
0	0
0	0
0	0
0	0
0	36
0	36
332	689
0	10
0	14
7	106
0	111
6	11
0	0
0	0
0	12
0	0
0	0
0	190
3	146
0	97
0	32
0	35
0	108
0	3
0	3
0	0
26	9
0	0
0	0
0	34
10	972
0	149
1	146
0	191
0	12
7	14
0	10
0	111
0	8
0	17
0	0
0	0
0	54
11	963
5	256
3	159
0	0
0	0
0	0
0	0
0	0
0	0
0	179
0	200
7	205
1	205
0	137
0	26
0	15
0	9
0	2
0	10
0	2
0	0
0	0
60	0
5	1
0	0
0	0
0	0
0	0
0	0
0	0
0	0
0	0
0	0
0	0
0	0
0	0
0	0
0	0
0	0
0	0
0	0
0	0
0	0
0	0
0	0
0	0
0	0
0	0
0	0
0	0
0	0
0	0
0	0
0	0
0	0
0	0
0	0
0	0
0	0
0	0
0	0
0	0
0	0
0	0
0	0
0	0
0	0
0	0
0	0
0	0
0	0
0	0
0	0
0	0
0	0
0	0
20	4
1	2042
7	2437
103	2437
0	1855
0	0
22	1104
1	1065
0	1398
16	1258
7	1288
0	1022
0	1250
0	2
0	644
12	429
0	0
0	0
0	0
0	0
0	0
0	0
4	0
5954	834
28	644
0	190
0	0
0	0
4	113
4	113
58	11
0	9
0	4
0	1
0	0
220	307
0	35
4	307
0	231
0	255
0	0
355	320
0	319
0	0
0	43
236	49
0	6
0	29
0	17
0	14
380	70
0	80
3	77
0	2
0	3
0	0
3	10
0	2
0	2
0	4
0	17
3	9
0	0
0	0
0	1
0	0
0	0
325	0
5	83
0	94
0	91
0	3
354	27
11	42
26	46
0	31
0	1
0	3
0	16
0	0
8	162
4	160
0	7
0	149
0	137
0	0
0	18
0	4
0	0
0	0
0	0
0	0
0	0
0	0
0	0
0	0
0	0
0	0
0	0
0	0
0	0
193	112
0	0
0	12
0	19
0	0
0	0
0	0
0	81
0	23
6	23
0	16
0	269
0	280
0	326
0	327
0	2
7	285
0	101
0	294
4	19
0	323
0	34
0	21
0	26
0	0
0	0
0	0
0	17
0	0
0	0
0	0
0	0
0	0
11	207
0	179
0	53
0	43
1	21
0	0
0	0
17	50
0	187
21	280
0	140
162	0
0	23
1	40
0	17
0	34
0	28
0	0
1	0
0	126
0	45
2	1810
0	1839
0	1763
0	318
0	650
0	339
40	149
0	300
0	415
0	63
0	123
0	120
0	51
0	21
18	61
66	153
19	1754
0	22
0	20
2	17
30	31
14	32
0	0
81	20
0	15
0	0
3	4
0	1
0	4
3	20
321	77
75	77
211	0
0	0
0	1
65	0
0	0
4	19
0	19
0	10
0	5
0	2
0	0
0	0
47	874
4	874
6	175
0	0
0	0
759	0
0	0
24	4
0	0
1	174
10	170
18	170
0	137
7	153
0	0
0	1
0	29
0	0
0	0
0	20
0	21
0	20
0	20
0	20
0	16
0	0
0	0
0	0
0	0
0	0
0	0
0	0
0	0
0	0
0	0
0	0
0	0
0	0
0	0
0	0
0	0
0	0
0	0
0	0
0	0
0	0
0	0
0	0
0	0
0	0
0	0
0	0
0	0
0	0
0	0
0	0
0	0
0	0
0	0
0	0
0	0
0	0
0	0
0	0
0	0
0	0
0	0
0	0
0	0
0	0
0	0
0	378
0	3
0	437
0	308
0	1
0	63
0	0
0	0
0	18
0	71
11	385
0	289
5	349
0	228
12	231
0	2
0	0
0	4
0	0
0	73
0	56
38	118
0	0
0	0
0	0
0	0
0	0
0	0
0	0
0	0
0	0
0	0
691	1159
45	657
0	423
0	4
0	75
0	18
0	144
6	492
0	363
0	12
0	19
0	15
0	19
0	7
0	347
0	348
0	11
0	4
0	13
0	18
0	10
0	12
12	29
1	57
0	17
0	670
16	520
4	11
30	563
0	603
0	785
0	659
1	452
0	472
0	678
0	491
4	237
0	8
0	91
0	153
0	157
7	61
36	586
17	586
5	584
0	543
0	540
0	338
0	260
0	51
0	419
0	224
0	195
0	533
2	532
0	70
0	95
0	90
0	167
0	22
0	5
0	46
0	33
0	9
0	19
0	0
0	0
0	0
0	42
0	11
0	17
0	0
0	243
0	0
0	212
0	0
0	0
0	0
0	0
0	0
0	0
0	0
0	0
0	0
0	11
46	1172
68	1161
0	78
123	844
0	665
0	0
0	13
3	920
535	920
22	116
0	0
0	1
0	27
0	28
9	75
0	28
0	5
0	50
0	18
0	26
0	12
0	3
0	1
0	5
0	2
0	1
0	15
0	0
123	2302
0	2327
0	896
12	2235
0	729
12	626
0	448
0	750
0	350
0	281
0	230
0	2
0	7
0	0
0	0
0	0
0	0
0	0
0	0
0	0
0	0
0	0
0	0
0	0
0	0
0	0
0	0
0	0
0	0
0	0
0	0
0	0
0	0
305	377
54	363
2	319
0	213
0	0
0	77
0	0
0	0
0	1207
6	1250
0	1197
0	740
0	159
0	33
0	94
0	188
81	234
0	98
0	159
0	94
0	0
0	0
0	0
0	0
0	0
0	0
0	0
0	0
0	0
0	0
0	0
0	0
0	0
0	0
0	0
0	0
0	0
0	0
0	0
0	0
0	0
0	0
0	8
86	1785
0	128
0	219
0	627
0	179
2	1692
0	404
0	400
0	335
0	262
0	404
0	101
0	0
0	0
0	0
111	1955
0	2690
0	2690
20	1448
0	2145
0	52
0	139
0	14
0	13
0	26
0	4
0	5
0	0
0	0
0	0
0	0
0	0
0	0
0	0
0	0
20	0
0	0
0	0
0	0
1	2
0	0
168	418
8	418
0	0
0	0
0	0
0	163
1	244
11	214
0	4
0	177
0	0
0	0
0	0
0	1
73	1
0	0
0	0
0	0
0	0
0	0
0	0
0	0
0	0
0	0
0	0
0	0
0	0
0	0
0	0
0	0
0	0
0	0
0	0
0	0
0	0
0	0
0	0
276	192
4	117
35	100
12	154
0	348
11	338
11	152
0	348
14	334
0	16
0	132
0	0
0	21
0	56
0	0
106	0
0	0
0	0
0	0
0	0
0	0
0	0
0	0
0	0
42	16
0	16
0	0
0	0
0	0
79	0
0	14083
1084	17453
10	288
38	4345
0	8973
93	575
0	0
0	0
0	0
0	0
0	0
0	0
0	2
0	6
0	5
0	7
0	4
0	33
0	32
0	11
0	0
0	26
36	21
0	33
6	59
0	0
4	223
33	2202
9	175
0	553
5	168
7	474
0	42
0	11
2	1530
0	35
0	0
0	0
0	0
0	0
0	0
0	0
0	0
0	0
0	0
0	0
0	0
0	0
0	16
0	35
58	48
0	15
0	1
0	1
0	0
0	0
1	0
0	39
0	0
0	87
0	20
1	87
0	85
0	75
0	87
0	41
0	70
0	16
0	0
0	11
0	0
0	0
66	54
0	4
115	3379
0	11
0	3219
0	2786
130	2701
63	2075
0	242
0	408
0	90
0	71
0	21
0	175
0	200
0	221
0	15
0	31
0	16
0	33
0	24
0	0
0	0
0	0
746	165
0	19
0	20
8	38
0	15
11	19
0	24
0	78
0	0
0	0
0	42
11	42
0	0
0	0
0	0
0	0
0	0
0	0
0	0
0	0
0	0
77	390
0	60
0	60
0	3
0	17
18	310
434	100
0	119
0	3
0	0
0	0
0	0
0	0
0	0
0	550
1	1283
5	2017
0	467
4	709
65	1837
1	429
6	720
0	397
0	56
0	282
0	182
0	1
0	781
0	71
0	324
20	517
0	0
0	0
0	0
0	0
0	0
0	12
0	12
0	12
0	12
0	2
0	0
0	0
0	0
0	0
0	0
0	0
0	0
0	0
0	0
0	0
0	0
0	0
0	0
0	0
1	2025
16	2493
4	2452
30	1847
14	2004
46	2300
0	112
0	114
0	235
0	221
0	0
0	0
547	1471
54	1408
12	738
1	1171
0	151
0	24
96	622
0	49
2	499
4	499
0	90
0	0
0	0
0	0
0	0
0	0
0	0
0	0
0	0
0	0
0	0
0	0
0	0
0	0
0	0
0	0
0	0
0	0
0	2
0	2
0	0
0	5
0	29
0	2
0	29
0	5
0	5
0	6
0	34
0	7
0	0
0	1
0	2
0	3
0	1
0	0
0	0
0	0
0	0
0	4
0	0
0	2
0	0
0	21
0	234
0	221
61	220
0	212
0	11
0	15
0	16
0	0
0	4
0	0
0	0
0	0
0	0
0	0
0	0
0	0
0	325
0	28
0	0
27	0
237	495
14	28
18	166
34	4
10	55
0	5
0	143
0	0
0	0
0	0
0	0
0	0
0	0
0	0
0	0
0	0
0	0
0	0
0	0
0	0
0	0
0	0
0	0
0	0
0	0
0	0
0	0
0	0
0	0
0	0
0	0
0	0
0	0
0	0
0	0
0	54
0	0
0	0
341	237
0	208
0	207
0	213
0	90
0	212
6	222
16	147
0	27
0	58
0	0
0	0
34	180
0	180
8	41
0	129
0	93
0	27
0	0
0	43
0	46
0	41
0	46
0	3
0	14
0	14
0	0
0	13
1	42
0	0
0	0
0	0
0	0
0	8
0	0
0	0
0	0
0	0
0	0
0	0
0	59
0	59
0	0
0	0
0	0
0	0
0	0
0	0
0	1
0	2
1	30
0	13
9	48
0	0
0	1
0	0
0	0
0	0
0	0
0	0
0	0
0	0
0	0
0	0
0	0
0	0
0	0
0	0
0	0
0	0
0	0
0	0
0	0
0	0
0	0
0	0
0	0
0	0
0	0
0	0
0	0
0	0
0	0
0	0
0	0
0	0
0	0
0	49
0	0
0	0
0	0
0	0
0	0
0	0
0	0
0	0
0	0
0	0
0	0
0	0
0	0
0	0
17	34
16	41
0	31
229	656
65	460
4	380
0	0
3	38
0	33
15	25
0	0
0	0
0	0
0	0
0	0
0	0
0	3
0	0
8	3
0	3
0	187
1364	3207
17	3206
1	768
7	0
0	306
0	0
15	278
0	0
0	0
0	0
0	0
0	0
0	0
0	0
0	0
0	0
0	0
0	0
0	0
0	0
0	0
0	0
0	0
0	0
0	0
0	0
0	0
0	0
0	0
0	0
0	0
0	0
0	0
0	0
0	0
0	0
0	0
0	0
0	0
0	0
0	0
0	0
0	0
0	0
0	0
0	0
0	0
0	0
0	0
0	0
0	0
0	0
0	0
0	0
0	0
0	0
0	0
0	0
0	0
0	0
0	0
0	0
0	0
0	0
0	0
0	0
0	0
0	0
0	0
0	0
0	0
0	0
0	0
0	0
0	0
0	0
0	0
0	0
0	0
0	0
0	0
0	0
0	0
0	0
0	0
0	0
0	0
0	0
0	0
0	0
0	0
0	0
0	0
0	0
0	0
0	0
0	0
0	0
0	0
0	0
0	0
0	0
0	0
0	0
0	0
0	0
0	0
0	0
0	0
0	0
0	0
0	0
0	0
0	0
0	0
0	0
0	0
0	0
0	0
0	0
0	0
0	0
0	0
0	0
0	5
140	5
0	1
0	0
0	1
0	0
0	0
0	0
0	0
0	0
0	0
0	0
13	13
0	0
0	7
0	0
0	0
49	12
0	2
0	3
0	1
0	14
0	0
16	13
0	697
8	697
0	0
0	0
0	0
0	0
0	0
0	0
0	0
0	0
0	0
1	4
0	4
0	0
0	0
0	0
806	48
0	21
0	43
0	0
0	0
0	0
0	0
0	0
0	0
0	0
0	683
0	683
9	310
0	17
0	59
0	29
0	14
0	0
0	0
0	0
0	0
0	0
267	181
0	181
0	8
0	0
0	0
0	0
0	0
0	0
0	0
0	0
0	0
0	0
0	0
0	0
0	0
0	0
0	0
0	0
0	0
0	0
0	0
0	0
0	0
0	0
0	0
0	0
0	207
0	1115
3802	3107
744	264
0	0
0	2602
0	286
0	1
0	206
0	245
0	0
0	20
0	83
25	165
0	0
0	0
0	0
0	0
0	0
0	0
0	0
0	0
0	0
0	0
0	176
0	56
6	73
0	3
0	21
0	146
0	44
0	146
0	4
0	0
0	0
0	0
0	0
0	0
0	0
0	0
0	0
0	0
0	0
0	0
0	0
0	0
0	0
0	0
0	0
0	0
0	0
0	0
0	0
0	0
0	0
0	0
0	0
0	0
0	0
0	0
0	0
0	0
0	0
0	0
0	84
0	0
0	0
19	272
36	234
7	94
0	87
0	0
0	21
0	3
0	8
0	0
0	0
0	0
0	0
0	5
100	1
101	5
0	0
0	0
63	0
94	0
0	0
0	0
0	0
0	0
0	0
0	0
0	0
0	0
0	7
0	7
233	322
2	305
5	195
0	4
14	2
0	0
0	0
0	0
0	0
0	0
0	0
0	0
0	0
0	0
0	0
0	0
0	0
0	1
0	0
0	1
0	0
0	1
0	18
5	18
0	0
0	2017
462	2219
0	190
120	2029
12	58
0	509
27	601
86	15
61	0
151	0
0	15
0	0
0	0
0	0
0	0
0	0
0	0
0	0
0	0
0	0
0	0
0	0
0	0
9	436
0	442
0	395
0	37
0	98
8	442
5	153
0	0
0	7055
0	7632
0	7623
0	1448
0	7256
12	7666
0	4479
106	4893
0	2706
0	6384
24	2851
323	6538
0	22
1	40
22	6627
0	7058
0	2
54	6202
0	6598
0	530
0	1533
0	1197
0	6213
0	4455
0	1364
0	512
0	3
0	0
0	34
143	691
0	478
0	380
0	386
11	680
0	531
0	657
0	665
0	648
0	21
0	94
0	30
0	67
0	155
0	146
0	140
0	125
0	120
0	112
0	112
0	103
0	67
0	73
0	64
0	78
0	46
0	18
0	17
0	22
0	9
0	0
0	0
0	0
0	0
0	0
0	0
0	0
0	0
0	0
0	0
0	0
0	0
0	0
0	0
3	0
0	0
0	0
0	0
0	0
0	0
0	0
0	0
0	0
0	0
0	0
0	0
0	0
0	0
0	0
0	0
0	0
0	0
0	0
0	0
0	0
0	0
0	0
0	0
0	0
0	0
0	0
0	0
0	0
0	0
0	0
0	0
0	0
0	0
0	0
0	0
0	0
0	0
0	0
0	0
0	0
0	0
0	0
0	0
0	0
0	0
0	0
0	0
0	0
0	0
0	0
0	0
0	0
0	0
0	0
0	1
0	0
0	0
0	0
2	0
0	0
0	0
0	0
0	0
0	0
0	0
0	0
0	0
0	0
53	728
0	677
0	157
0	206
0	475
14	324
0	67
0	18
0	46
0	0
0	0
0	0
0	0
0	0
0	0
0	0
0	1
0	0
0	0
0	0
0	0
0	0
0	1
0	0
0	0
0	0
0	0
0	0
0	0
0	0
0	0
0	0
0	0
0	0
0	0
0	0
0	0
0	0
0	0
0	0
0	0
0	0
0	0
0	0
0	0
0	0
0	0
0	0
0	0
0	0
0	0
0	0
0	0
0	0
0	0
0	0
0	0
0	0
0	0
0	0
0	0
0	0
0	0
0	0
0	0
0	0
0	0
0	0
0	0
0	0
0	0
0	0
0	0
0	0
0	0
0	0
0	0
0	0
0	0
0	0
0	0
0	0
0	0
0	0
0	0
0	0
0	0
0	0
0	0
0	0
0	0
0	0
0	0
0	0
0	0
0	0
0	0
0	0
0	0
0	0
0	0
0	0
0	0
0	0
0	0
0	0
75	34
0	3
0	28
0	0
0	6
0	0
0	0
0	0
373	38
0	0
12	37
0	1
1982	866
31	62
225	837
6	689
35	406
0	33
6	341
0	22
0	214
0	22
0	189
0	17
0	185
27	583
15	28
61	404
0	28
0	394
29	347
0	0
18	142
0	17
0	0
0	0
6	6
0	6
0	1
0	1
0	1
0	1
0	0
0	1
0	0
0	0
0	13
0	6
0	15
0	15
0	15
0	4
0	0
0	0
0	0
0	0
0	0
0	0
0	0
0	0
0	0
0	0
0	0
0	0
0	0
0	0
0	0
0	0
0	0
0	0
0	0
0	0
0	0
0	0
0	0
0	0
0	0
0	0
0	0
0	0
0	0
0	0
0	0
0	0
0	0
0	0
0	0
0	0
0	0
0	0
0	0
0	0
0	0
0	0
0	0
0	0
0	0
0	0
0	0
0	0
0	0
0	0
0	0
0	0
0	0
0	0
0	0
0	0
0	7339
98	6165
0	168
0	40
0	2127
14	1556
33	205
2	1151
116	7069
0	5953
0	15
5	372
0	172
0	264
11	298
178	2974
12	173
0	0
10	96
35	784
0	1
5	191
9	235
0	1481
0	1481
0	1355
0	1403
0	1429
0	651
0	1354
7	1436
1	1350
8	1430
0	2277
4	1366
3	1304
0	1426
0	1244
0	1399
0	1951
3	1260
0	1471
0	1040
0	982
0	1317
0	963
0	1170
0	1333
50	1292
0	1261
0	1277
0	1314
0	1225
0	1224
0	964
0	1281
3	1071
0	1282
0	1246
0	1130
0	1140
0	855
0	857
0	254
0	0
0	134
0	311
0	2
0	207
0	82
0	102
17	149
0	154
0	111
518	1534
0	1593
0	183
0	979
0	424
0	214
0	220
0	269
0	219
0	219
0	169
0	170
0	9
0	59
0	25
0	0
0	1
0	0
0	0
0	0
0	0
0	0
0	0
0	0
0	83
5	166
0	165
3	182
0	0
0	29
0	12
0	182
0	165
12	130
0	0
0	0
0	0
0	0
0	0
0	0
0	0
0	0
0	0
0	0
0	0
0	0
0	0
0	0
0	0
0	0
0	0
0	0
0	0
0	0
0	0
0	0
0	0
0	0
0	0
0	0
0	0
0	0
0	0
0	0
0	0
0	0
0	0
0	0
0	0
0	0
0	0
0	0
0	0
0	0
0	0
0	0
0	0
0	0
0	0
0	0
0	0
0	0
0	0
0	0
0	0
0	0
0	0
0	0
0	0
0	0
0	0
0	0
0	0
0	0
0	0
0	0
0	0
0	0
0	0
0	0
120	523
0	14
0	41
0	14
0	45
0	33
10	45
0	118
0	0
19	88
2	142
0	52
0	14
0	73
0	39
0	101
0	98
0	0
18	68
0	0
0	0
0	0
0	0
0	0
0	0
0	0
0	0
0	0
0	0
0	0
0	0
0	0
0	0
0	0
0	0
0	0
0	0
0	0
334	1584
21	1584
0	137
0	152
0	271
0	0
0	0
0	0
0	0
0	0
0	0
0	0
0	0
0	0
0	0
0	0
0	0
0	0
0	0
0	0
0	0
0	0
0	0
0	0
0	0
0	0
0	0
0	0
0	0
0	0
0	0
0	0
0	0
0	0
0	0
0	0
0	0
0	0
0	0
0	0
0	0
0	0
7	29
0	19
0	23
0	14
2	12
0	6
142	1870
0	137
0	34
0	231
0	0
0	1860
0	0
0	247
0	8
0	15
0	83
15	87
2	31
0	75
0	17
0	75
0	33
0	19
0	53
0	16
0	25
0	3
0	0
0	0
0	0
0	0
0	0
0	0
0	0
0	0
0	0
0	0
0	0
0	0
0	0
0	0
0	0
0	0
0	0
0	0
0	0
0	0
0	0
0	0
0	0
0	0
0	0
0	0
0	0
0	0
0	0
0	65
2	215
20	2
71	929
32	1053
0	161
0	30
0	65
0	33
0	23
30	340
0	99
0	198
51	579
39	579
0	0
0	0
0	0
0	0
0	0
0	0
0	0
0	0
0	0
1	567
51	612
0	289
0	314
19	275
0	103
0	61
0	0
0	0
0	0
0	0
0	0
0	0
0	0
0	0
0	0
0	0
0	0
0	0
0	0
0	0
0	0
0	0
0	0
0	0
0	0
0	0
0	0
0	0
0	0
0	0
0	0
0	0
0	0
0	0
0	0
0	0
0	0
0	0
0	0
0	0
0	0
0	0
0	0
0	0
0	0
0	0
0	0
0	0
0	0
6	3625
0	949
1368	3626
0	1310
0	1506
12	0
0	0
0	0
0	0
0	0
0	0
30	1800
0	39
0	562
19	1937
0	826
0	39
0	3
0	95
0	136
0	103
0	203
0	116
0	0
0	0
4	544
9	1066
16	942
0	953
0	137
0	261
0	260
0	169
0	0
11	32
0	2
0	2
6	66
1	14
1	57
0	5
0	2
0	6
0	3
0	0
0	1
0	23
0	0
0	5
0	21
0	52
0	19
0	6
0	11
0	7
0	15
0	0
0	0
1	7
0	20
0	20
0	8
0	20
1	19
0	0
0	4
0	6
0	6
0	15
0	16
0	10
0	19
0	5
0	7
0	2
0	8
0	11
0	3
0	5
0	37
0	2
0	26
1	154
0	146
0	166
0	15
0	136
0	1
0	2
14	3724
0	173
1	82
120	3458
0	186
0	215
2	179
23	3076
2	478
0	99
0	2802
0	1021
11	1323
0	1485
48	215
0	477
15	362
3	385
0	371
10	242
0	140
0	48
0	44
0	32
0	34
0	0
0	0
0	0
21	175
0	170
57	192
0	145
0	22
0	0
0	0
92	0
0	0
0	0
0	1
0	0
8	0
0	0
0	0
0	0
0	0
11	243
7	1045
0	129
0	0
5	1438
16	1469
0	35
0	111
0	10
53	2181
110	2669
0	1226
3	898
12	165
0	186
0	172
0	57
0	0
0	0
0	0
0	1
0	1
7	5
0	3
0	2
236	0
0	2
17	18
0	14
0	0
0	3
0	0
0	0
0	0
0	0
0	0
9	571
0	571
31	64
18	541
0	7
0	13
1	126
0	437
0	69
0	9
0	0
0	498
0	551
45	658
2	645
0	278
0	219
0	325
0	136
0	15
17	11
0	3
0	3
0	2
0	2
0	2
0	2
0	2
0	0
0	4
0	2
0	2
0	1
0	1
0	0
0	0
0	0
0	90
0	627
0	41
334	725
11	106
0	701
12	594
1	58
0	76
0	25
0	116
0	0
0	0
0	0
23	210
0	31
10	149
0	193
0	1
1	100
0	37
0	168
0	6
0	6
0	22
0	16
0	0
0	94
0	0
0	0
36	5
0	5
0	0
0	0
0	0
0	0
0	0
0	0
0	0
0	0
0	0
0	0
0	0
0	0
0	0
0	0
0	0
0	0
0	0
0	0
0	0
0	0
0	0
0	0
0	0
0	0
0	0
0	0
0	0
0	0
0	0
0	0
0	0
0	0
0	0
0	0
0	0
0	0
0	0
0	0
0	0
0	0
0	0
0	0
0	0
0	0
0	0
0	0
0	0
0	0
0	0
0	0
0	0
0	0
0	0
0	0
0	0
4	4
0	0
0	2
0	0
0	0
0	3
0	0
0	1
0	1
0	1
0	0
0	7
24	7
0	0
748	868
0	718
0	245
0	120
0	13
0	174
0	0
0	179
0	22
0	0
0	0
61	1460
0	7
11	1460
0	246
5	1232
0	0
0	0
0	0
0	0
0	0
0	0
0	0
0	0
0	0
0	0
183	765
0	49
0	134
0	221
28	126
0	144
0	51
0	1
0	21
0	146
0	111
0	245
5	647
0	6
0	156
0	235
38	363
0	139
0	27
0	24
12	451
3	300
55	345
9	30
141	192
0	192
1746	1817
0	998
0	677
0	1236
17	919
140	1783
2	417
0	0
0	0
0	0
0	0
0	0
0	0
0	0
0	0
0	0
0	0
0	0
0	2221
0	34
266	2221
0	1108
0	0
0	127
0	43
0	0
0	0
0	0
0	0
0	0
0	0
0	0
0	0
0	0
0	0
0	0
0	0
0	0
0	0
0	0
0	0
0	0
0	0
0	16
0	0
0	0
0	0
0	0
0	0
0	0
0	0
0	0
0	0
0	0
443	126
0	43
0	50
2	47
6	13416
0	2
0	568
0	1004
11	13407
0	14014
0	1699
62	2084
48	0
0	13652
0	542
31	859
140	5618
0	296
0	1
16	142
16	347
0	0
0	0
0	0
0	0
0	0
0	0
0	0
0	0
0	0
0	0
0	0
0	0
0	0
0	144
0	15
0	81
0	91
0	136
5	140
4	127
0	25
0	38
47	1
0	9
0	8
0	0
0	0
0	0
0	0
0	0
0	0
0	0
0	0
0	0
0	0
0	0
0	0
0	0
0	0
0	0
0	0
0	0
0	0
0	0
0	0
0	0
0	0
0	0
0	0
7	1697
1	1669
26	1019
0	243
0	527
63	473
0	277
5	86
0	27
0	51
0	39
8	182
0	8
0	0
0	145
561	536
11	460
0	82
17	278
0	218
0	71
0	147
0	0
222	381
3	292
8	171
0	116
0	0
0	0
0	0
0	0
0	0
0	0
0	0
0	0
0	0
334	8
0	8
0	51
10	1027
1	167
19	1054
0	958
0	941
0	698
10	190
0	782
0	772
0	732
0	107
0	80
0	42
0	60
0	203
0	45
6	225
0	150
0	0
0	0
19	15
0	0
0	108
0	648
139	403
0	798
42	2033
0	170
274	2021
0	1982
1	414
1	410
1	339
0	258
10	158
0	1
0	0
3	2082
16	36
1	68
0	12
11	66
0	54
0	16
0	13
1	9
0	12
0	0
0	0
0	0
0	0
0	0
0	764
0	63
5	746
0	0
0	0
0	0
0	0
0	151
0	6
0	0
0	0
179	507
0	31
0	17
0	24
0	23
0	19
0	33
56	347
0	24
10	2
0	1
0	0
0	1
0	748
0	823
9	756
0	761
12	129
0	633
0	73
0	74
0	13
0	24
0	80
0	298
0	167
0	109
0	75
0	8
0	56
0	39
0	28
0	0
0	0
0	216
0	11
1	87
0	89
0	74
45	210
0	33
0	89
0	132
0	17
0	88
8	106
0	6
0	2
104	0
10	3
0	0
0	0
19	0
0	30
1084	529
6	48
0	379
0	450
0	303
0	1
0	0
0	1
0	0
0	0
0	0
0	0
0	0
9301	2195
32	2195
0	0
17	0
0	0
0	0
0	0
0	0
0	0
0	0
0	0
0	0
0	0
0	0
0	0
0	0
0	0
0	0
0	0
0	0
0	0
0	0
48	3153
0	2698
22	2886
16	2510
0	2580
0	810
0	588
9	913
0	215
0	901
0	377
0	293
0	164
0	34
0	31
363	151
5	53
22	89
0	153
185	139
0	120
0	97
0	12
0	0
0	1
0	0
124	668
1	440
0	94
0	279
0	396
0	50
0	0
0	0
0	0
0	0
0	0
0	0
2	1927
0	1894
0	0
0	0
0	0
0	1
0	0
0	1
0	1
0	0
0	0
0	0
0	0
0	0
0	0
0	0
0	0
0	0
0	0
0	0
0	0
0	0
0	0
9	1
0	0
0	0
833	449
0	2
0	310
0	383
1	161
0	0
0	0
0	0
157	1650
3	1495
0	709
0	600
3	662
10	725
0	371
0	220
5	63
0	0
0	0
1	76
0	76
0	46
4	50
0	6
0	33
0	15
0	0
0	1
302	436
0	88
0	64
0	3
0	91
0	32
0	144
0	138
0	2
0	0
0	0
0	0
0	0
0	1
0	0
0	0
0	0
0	0
333	515
0	515
0	23
0	0
0	0
0	0
0	0
0	0
0	0
0	0
0	0
0	0
0	0
0	0
0	0
0	0
0	0
0	0
0	0
0	0
0	0
0	0
0	0
0	0
0	0
0	0
0	0
0	0
0	0
0	0
0	0
0	0
0	0
0	0
0	0
0	0
0	0
0	0
0	0
0	0
0	0
0	0
0	0
0	0
1	32
27	32
0	0
0	0
0	0
0	0
0	0
0	0
9	0
94	960
0	814
0	40
0	90
23	592
0	64
0	506
0	270
59	221
0	51
0	95
0	0
0	94
0	450
35	380
33	380
7	291
0	48
435	199
0	1
0	32
0	86
0	0
0	0
0	0
0	0
0	0
264	0
0	0
0	0
0	0
0	0
0	0
0	0
0	0
0	0
0	0
0	0
0	0
0	0
0	0
0	0
0	0
0	0
0	0
0	0
0	0
0	0
6	3945
0	0
0	0
0	0
0	0
0	0
0	0
0	0
0	0
0	0
0	640
0	0
0	0
0	0
0	0
0	0
0	0
0	0
0	0
0	0
0	0
0	0
0	0
0	0
0	0
0	0
0	0
0	0
0	0
0	0
0	0
0	0
0	0
0	0
0	0
0	0
0	0
0	0
0	0
0	0
0	0
0	0
0	0
0	0
0	0
0	0
0	0
0	0
0	0
0	0
0	0
0	0
0	0
0	0
0	0
0	0
0	145
0	12
6	78
0	126
596	256
0	122
0	141
0	193
0	61
5	240
0	58
0	4
1498	493
6	125
0	251
0	244
0	51
1	113
0	26
0	64
0	132
0	0
0	107
0	40
14	222
34	115
0	18
0	10
86	1927
21	2082
3	611
0	251
0	230
0	483
0	711
0	0
0	0
0	0
0	0
0	0
0	0
0	0
0	0
0	708
83	708
0	0
0	0
44	1306
0	1218
0	58
0	1087
41	1333
25	1193
0	92
0	5
0	140
0	193
0	33
0	364
0	0
0	0
0	0
0	0
0	0
0	176
70	637
10	427
0	549
26	350
0	218
0	62
1	265
365	318
0	51
0	0
0	87
19	1089
0	73
2	130
7	59
0	73
0	40
0	33
0	109
12	1066
0	208
0	95
14	108
14	51
0	171
6	778
20	200
0	262
0	7
0	146
0	47
0	48
0	11
0	4
0	755
0	813
0	38
0	90
0	192
0	224
0	244
0	100
0	1
24	288
34	82
1	320
96	125
0	39
0	19
781	1569
1	1489
6	133
6	1359
0	16
0	21
170	1306
0	320
181	12
4	357
0	12
0	0
0	0
0	0
17	0
0	3
11	7
0	16
0	18
0	19
0	13
0	16
0	16
0	11
0	5
0	10
0	4
0	3
0	0
0	2
0	0
0	0
0	524
0	535
0	532
0	480
0	493
0	513
0	18
0	468
0	478
0	454
0	491
0	432
0	372
0	65
0	348
0	44
0	90
0	191
0	77
0	35
0	2
0	49
0	0
0	0
0	81
0	94
0	6
0	53
0	58
0	26
0	15
0	38
0	21
0	10
0	21
0	9
0	14
0	3
0	0
0	0
0	0
0	0
0	0
0	0
0	0
0	0
0	0
0	0
0	0
0	0
0	27
0	0
0	6566
0	6750
0	0
2	1362
0	0
0	2421
0	225
0	224
10	1248
0	228
0	172
0	100
0	519
5	10452
155	9094
0	287
0	2687
0	595
0	130
0	27
0	260
2	1252
5	1595
0	5430
0	1895
0	9
7	8053
0	233
0	442
0	0
0	0
0	0
6	1980
0	1679
1499	4519
53	278
15	3411
0	142
0	65
0	511
0	209
7	382
2	0
0	363
9	343
36	265
7	63
0	86
0	20
0	1
0	30
5	51
0	29
0	335
0	337
306	4866
1	4607
0	4507
4	4631
0	248
0	116
0	190
0	0
0	0
0	0
0	8
0	8
0	7
0	0
0	0
52	8
0	0
0	0
0	0
0	0
0	0
0	0
0	0
0	0
0	0
0	0
0	0
0	0
0	0
0	0
0	0
0	0
0	0
0	0
0	0
0	0
0	0
0	0
0	0
0	0
0	0
0	0
0	0
0	0
0	0
0	0
0	0
0	0
0	0
0	0
0	0
0	0
0	0
0	0
0	0
0	0
0	0
0	0
0	0
0	0
0	0
0	0
0	0
0	0
0	0
0	0
0	0
0	0
0	0
0	0
0	0
0	0
0	0
0	0
0	0
0	0
0	0
0	0
0	0
0	0
0	0
0	0
0	0
0	0
0	0
0	0
0	0
0	0
0	0
0	0
0	0
0	0
0	0
0	0
0	0
0	0
0	0
0	0
0	0
0	0
0	0
0	0
0	0
0	0
0	0
0	0
0	0
0	0
0	0
0	0
43	2137
154	6692
124	5862
0	1459
2	6486
9	2404
0	1041
0	0
1	1037
0	188
7	55
0	147
0	103
13	287
0	966
0	59
0	106
0	0
0	81
2	156
0	49
0	170
498	1053
23	219
25	323
0	81
95	300
54	130
101	105
38	211
30	117
0	110
0	0
0	0
0	39
0	32
0	32
0	9
0	15
0	8
0	10
0	12
0	2
0	5
0	8
0	3
0	0
0	0
0	0
0	0
0	0
0	0
0	0
0	0
0	0
0	1750
0	1738
0	1749
1	370
0	503
0	30
0	22
0	45
0	0
0	0
0	0
0	0
0	0
0	0
6	1681
0	1681
0	267
36	1686
0	79
0	404
0	413
0	153
0	0
0	0
0	361
0	101
0	16
0	100
0	58
0	22
0	84
0	0
0	0
0	0
0	0
0	0
0	0
0	0
0	0
0	0
0	0
0	0
0	0
0	0
0	0
0	0
0	0
0	0
0	0
0	0
0	1011
0	1158
0	1138
0	56
0	823
0	9
0	170
0	539
0	804
0	437
0	829
16	1211
0	8
46	1085
0	34
0	372
0	705
7	988
0	19
8	758
0	183
0	1
0	89
0	0
35	360
0	5
8	64
0	30
0	4
0	307
0	107
1	578
0	215
2	289
0	21
0	0
0	90
10	443
0	205
10	216
5	226
0	33
0	168
0	0
0	35
6	123
0	98
0	0
0	0
18	425
1	1198
0	1238
8	786
0	25
8	1020
0	565
0	2263
1217	3210
0	868
0	10
77	241
45	87
0	86
0	72
0	16
0	8
0	18
0	15
0	13
0	9
0	7
0	7
24	3
0	0
0	3
0	0
0	0
29	568
0	0
26	776
57	569
0	243
0	211
10	184
0	292
0	1
0	0
0	0
0	0
0	0
0	0
4	15
0	15
0	0
0	0
0	0
66	333
3	268
0	66
0	1
0	102
0	680
0	726
0	270
0	186
0	226
4	140
0	56
0	1
0	0
0	0
1334	276
0	178
0	20
0	25
0	11
0	64
0	0
0	359
0	33
10	1231
14	1154
0	237
0	563
0	44
20	233
0	245
2	192
0	161
17	853
1	513
27	798
3	282
0	0
0	34
0	9
13	34
138	0
259	236
0	1
0	42
0	22
0	40
0	171
0	5
0	21
0	0
0	49
0	0
0	0
0	0
0	0
0	0
1	0
0	0
0	0
0	0
0	0
0	0
0	0
0	0
0	0
0	0
0	0
0	0
0	0
0	0
0	0
0	0
0	0
0	0
0	0
0	0
0	0
0	0
0	0
0	0
0	0
0	0
0	0
0	0
0	0
0	0
0	0
0	0
0	0
0	0
0	0
0	0
0	0
0	0
0	0
0	0
0	0
0	0
0	0
0	0
0	0
0	0
0	0
0	0
1	3
0	0
0	0
0	0
0	0
0	0
0	0
3	527
1	491
0	40
12	402
2	55
0	46
0	245
0	385
0	24
0	108
20	352
6	102
0	434
0	89
0	484
0	11
0	24
0	0
7	309
6	288
0	290
0	286
0	117
0	83
0	28
0	9
0	2
0	0
0	0
0	0
0	0
0	0
0	0
11	0
383	9123
0	8920
0	261
46	928
0	349
0	76
0	34
0	247
0	131
0	17
0	59
0	0
0	0
0	454
28	7597
3	7577
0	0
0	142
0	200
0	1070
0	988
0	886
3	597
0	1149
0	686
14	441
14	350
11	269
0	1011
0	0
468	899
46	726
28	881
28	126
100	393
0	890
0	274
0	633
0	0
0	0
0	0
0	0
0	0
338	0
0	0
0	0
0	0
0	0
0	0
0	0
0	0
0	0
0	0
0	0
0	0
0	0
0	0
0	0
0	0
0	0
0	0
0	0
0	0
0	0
0	0
0	0
0	0
0	0
0	0
0	0
0	0
0	0
0	0
0	0
0	0
0	0
0	0
0	0
0	0
0	0
0	0
0	0
0	0
0	0
0	0
0	0
0	0
0	0
0	0
0	0
0	0
0	0
0	0
0	0
0	0
0	0
0	0
0	0
0	0
0	0
0	0
0	0
0	0
0	0
0	0
0	0
0	0
0	0
0	0
0	0
0	0
0	0
0	0
0	0
0	0
0	351
32	506
7	158
0	312
0	53
14	0
20	65
1	66
0	45
0	0
56	0
9	0
0	0
0	0
0	0
0	0
0	0
0	0
0	0
0	0
0	0
0	0
0	0
0	0
0	0
0	0
0	0
0	0
0	0
0	0
0	0
0	0
0	0
0	0
0	0
0	0
0	0
0	0
0	0
0	0
0	0
0	0
0	0
0	0
0	0
0	0
0	0
0	984
8	969
0	1
0	20
0	106
0	22
0	30
0	1
0	24
0	1
0	0
0	0
0	0
0	0
0	0
0	0
0	0
0	0
0	0
0	0
0	0
0	0
0	0
0	0
0	0
0	0
0	0
0	0
0	0
0	0
0	0
0	0
1	901
0	148
0	73
0	73
0	880
0	1073
0	141
15	935
12	822
0	65
0	66
0	73
0	49
0	120
0	80
0	72
0	70
0	138
0	0
0	807
0	695
0	807
0	647
0	80
1	136
3	696
24	808
39	0
0	322
0	0
0	0
0	0
2	24381
145	27675
19	22326
0	10102
0	3818
0	11638
0	8353
0	2041
0	1272
0	866
252	421
0	940
0	954
0	0
0	0
0	0
0	0
0	2702
0	2459
0	2217
0	1203
0	372
0	403
0	456
0	1
0	71
0	308
24	41
0	305
0	86
0	45
0	5
0	0
79	733
0	319
0	538
0	0
0	0
0	0
0	0
0	0
0	0
0	0
0	0
0	0
0	0
0	0
0	0
0	0
0	0
0	0
0	0
0	0
0	0
0	0
0	0
0	0
0	0
0	0
0	0
0	0
0	0
0	0
0	0
0	535
0	325
0	552
0	446
1	325
0	86
1	89
0	56
0	90
0	189
0	42
0	38
0	51
0	109
0	92
8	101
0	89
0	0
0	0
23	544
63	544
0	54
369	7744
3640	7314
0	964
0	738
0	0
0	0
0	0
0	0
0	0
1	173
43	30261
3	30261
9871	38330
9	24777
0	2905
10	23742
7	10874
15	3449
71	5110
15	8562
0	11779
0	4022
0	0
0	0
0	0
0	0
0	0
67	23
0	23
0	16
0	21
0	0
94	168
9	293
0	308
0	2
0	0
0	0
21	9
6	37
0	21
6	38
3	103
0	334
3	289
0	296
0	50
0	52
0	104
4	135
0	0
0	0
0	0
0	0
0	0
0	0
0	0
0	0
0	0
0	0
0	0
0	0
0	0
0	0
0	0
0	2
12	2
0	0
0	0
0	0
0	0
0	0
0	0
0	0
0	0
0	0
0	0
0	0
1	0
0	0
0	0
0	0
0	0
304	34
85	33
0	1
0	0
0	0
0	0
0	0
0	0
0	0
0	0
0	0
0	0
0	0
0	0
0	0
0	0
0	0
0	0
0	0
0	0
0	0
0	0
0	0
0	0
0	0
0	0
0	0
0	0
0	2
15	2
0	2
0	0
0	0
0	0
0	0
0	0
0	0
0	0
0	0
0	0
0	0
0	0
309	107
0	64
0	29
1	110
0	68
21	60
0	0
0	0
0	0
0	1
17	1277
0	1231
0	1198
0	712
5	1169
0	537
0	317
0	170
0	1169
0	283
0	121
0	121
412	4573
5	4383
0	470
0	446
0	255
9	385
0	14
0	14
0	656
0	0
0	471
0	354
8	1139
0	125
0	120
0	389
0	199
1	8
0	0
41	0
0	0
0	0
0	0
0	0
0	0
0	0
0	0
0	0
0	0
0	0
0	0
0	0
0	0
0	0
0	0
0	0
0	0
0	0
0	0
0	0
0	0
0	0
0	0
0	0
0	0
0	0
0	0
0	0
0	0
0	0
1836	1716
95	1513
0	0
68	641
0	1350
31	544
0	0
0	68
0	285
61	1322
0	236
0	764
0	0
0	0
0	0
0	0
0	0
745	768
0	6
4	420
0	409
0	33
0	9
0	53
1	84
0	12
28	12
0	24
0	47
0	0
0	0
0	21
0	0
0	20
0	3
96	21
6	12
8	72
0	0
0	52
0	72
0	15
0	5
0	2
0	0
0	2
0	26
2	134
0	0
0	0
0	0
34	65
0	35
0	1
0	2
0	0
0	0
0	1
0	3
0	6
0	37
0	34
0	30
0	34
0	25
0	21
0	4
0	14
0	2
0	0
0	6
0	1
14	6
0	0
0	0
0	0
0	5
0	0
0	0
0	0
0	0
0	0
0	0
0	0
0	0
0	0
0	0
0	0
0	0
0	0
0	0
0	0
0	0
0	0
0	0
0	0
0	0
0	0
0	0
0	0
0	0
0	0
0	0
0	0
0	0
0	0
0	0
0	0
0	0
0	0
0	10
0	10
0	0
11	151
135	572
0	1
0	361
0	206
0	139
0	0
0	77
0	0
0	0
0	0
0	0
0	0
0	1955
0	1909
18	2024
0	39
0	80
0	870
20	1171
0	1928
0	794
0	81
0	5
0	113
0	894
0	48
0	852
0	8
0	0
0	0
0	0
0	0
0	0
0	0
0	0
0	0
0	0
0	0
0	0
0	0
0	0
0	0
0	0
0	0
0	0
0	0
0	0
0	0
0	0
0	0
0	0
0	0
0	0
0	0
0	0
0	0
0	0
0	0
0	0
72	0
7	82
194	82
0	0
0	0
0	0
0	0
0	0
0	0
0	0
0	0
77	0
0	0
50	1275
0	1112
0	301
0	234
0	133
0	135
0	7
1	30
0	14
0	61
0	134
0	39
0	112
0	112
0	18
0	15
0	11
8	6
1	2
0	1
2	0
0	0
404	1172
6	1107
34	521
34	18
0	104
0	9
0	6
0	34
0	0
0	0
1	0
0	0
0	0
0	0
19	0
0	0
0	0
0	0
0	0
0	0
0	0
0	0
0	0
0	0
0	0
0	0
671	7
0	8
0	6
0	6
0	14
0	7
0	5
0	15
0	5
0	0
0	1
0	1
0	6
0	0
0	0
0	13
0	0
0	1
0	2
0	0
0	0
0	0
0	0
0	0
0	0
0	0
0	0
0	0
0	0
0	0
0	0
0	0
0	0
0	0
0	0
0	0
44	66
0	26
0	57
0	0
0	1
0	1
7638	0
0	0
0	2
0	38
0	42
0	4
0	0
0	58
0	1
0	42
0	5
0	31
0	5
0	58
0	2
0	1
0	0
18	3
0	2
3	24
1	10
1	29
0	2
0	0
0	0
0	67
0	0
0	0
0	0
0	0
0	0
10	248
537	468
103	35
0	199
21	69
0	0
0	0
0	0
0	0
0	0
0	0
0	0
0	0
0	0
0	0
0	0
0	0
0	11
0	0
0	0
0	0
11	165
469	793
13	866
0	597
63	674
2	798
0	580
0	308
0	145
0	7
0	8
0	5
0	0
0	0
0	11
48	259
0	3
0	106
0	225
1	79
0	34
0	0
0	0
137	1433
0	177
476	1876
0	349
2	250
4	237
0	840
0	69
0	0
0	0
0	0
0	0
0	0
0	0
0	0
0	0
0	0
0	0
0	0
0	0
0	0
0	0
0	0
0	0
0	0
0	0
0	0
0	0
0	0
0	0
0	0
0	0
0	0
0	0
0	0
0	0
0	0
0	0
0	0
0	0
0	0
0	0
0	0
0	0
0	0
0	0
0	0
0	246
0	0
0	0
0	0
0	0
0	0
0	0
0	0
0	0
0	0
0	0
0	0
0	0
0	0
0	0
0	0
0	0
0	0
0	0
0	0
0	0
0	0
0	0
0	0
0	0
0	0
0	0
0	0
222	350
4	327
1	226
0	279
0	156
0	125
0	6
0	4
0	0
0	0
0	0
8	56
8	56
0	13
44	13
0	0
0	0
0	0
0	0
0	0
0	0
0	0
0	0
0	0
0	0
229	497
0	455
0	168
0	15
0	0
0	54
0	0
0	0
0	0
0	0
0	0
0	0
0	0
0	0
24	2503
108	2729
5	202
0	341
0	242
0	691
0	0
0	0
0	0
0	0
0	0
0	0
11	249
63	249
0	3
0	5
0	0
0	0
0	0
0	0
0	0
0	0
0	0
0	0
0	0
0	0
0	0
0	0
0	0
0	0
0	0
0	0
0	0
0	0
0	0
0	0
0	0
0	0
0	0
0	0
0	0
0	0
0	0
0	0
0	0
0	0
0	0
0	0
0	0
0	0
0	0
0	0
0	0
0	0
0	0
0	0
0	9
29	99
0	18
341	265
0	74
0	73
17	9
0	14
0	0
1	120
0	0
1363	423
7	355
0	236
0	0
0	3
0	3
10	0
0	0
0	0
0	42
0	0
0	0
0	0
0	0
0	0
0	0
0	0
0	0
0	0
0	0
0	0
164	1507
722	2040
0	106
0	70
0	424
0	243
0	1125
0	0
0	0
0	0
27	0
24	14
0	14
0	0
0	0
0	0
0	0
0	0
0	0
7	49
13	36096
6865	36357
1015	36253
4	36090
9	3930
28	14058
24	11733
47	11
0	3
0	4
0	10
0	0
0	0
0	0
0	0
0	0
0	0
0	0
0	0
0	0
0	495
3	552
0	31
0	335
6	395
19	84
14	870
0	817
0	779
1	513
0	500
1	453
0	365
0	282
0	81
0	37
2	153
8	151
0	126
0	45
0	12
0	122
0	21
0	70
0	33
0	44
0	22
0	21
0	0
0	0
0	0
0	0
0	0
0	0
37	307
0	230
663	2176
7	2014
0	1657
0	1646
0	173
0	87
0	0
0	0
0	0
33	72
0	815
0	820
0	663
37	792
0	700
5	693
2	608
77	707
27	423
0	1
0	0
43	306
0	66
289	250
0	45
0	194
0	0
0	34
0	7
79	51
17	51
0	0
0	0
0	0
0	0
0	0
0	0
4	2
0	0
0	2
0	29
0	25
143	96
0	72
0	0
0	15
0	72
0	0
0	0
0	0
0	0
0	0
0	0
0	0
0	0
0	48
0	0
0	0
0	0
0	0
0	0
0	0
0	0
0	0
0	0
0	0
0	0
0	0
0	0
0	0
0	0
0	0
0	0
0	0
0	0
0	0
0	0
0	0
0	0
0	0
0	0
0	0
0	0
0	0
0	0
0	0
0	0
0	0
0	0
0	0
0	0
0	0
0	0
0	0
0	0
0	0
0	0
0	0
0	0
0	0
0	0
0	0
0	0
0	0
0	0
0	0
0	0
0	0
247	1638
18	1362
238	1597
6	726
50	76
0	64
0	0
0	0
0	0
0	0
0	0
0	0
0	0
0	0
0	0
0	0
57	67
4	67
0	17
0	0
134	42
0	5
0	27
0	10
0	0
0	6
1	181
2	140
0	150
0	122
0	6
0	4
4	94
0	44
0	12
74	0
0	138
23	0
0	0
0	0
0	0
0	0
0	0
0	0
0	0
4	144
0	134
0	61
0	52
0	37
0	15
0	1
0	10
0	0
0	0
0	0
0	0
0	0
693	905
10	774
0	388
96	133
60	471
0	136
74	63
81	36
0	63
0	932
46	0
5	0
8	2210
0	2248
1	2054
0	2085
0	1970
0	1889
0	2172
1	1192
0	459
0	515
36	835
1	631
0	303
0	211
0	420
0	206
0	226
0	3
0	323
0	451
0	256
0	44
0	121
0	130
0	0
0	0
0	0
0	0
0	0
0	0
0	0
0	0
0	0
0	0
0	0
0	0
0	0
0	0
0	0
0	1
6	81
0	141
0	109
0	127
0	90
47	0
0	0
2	9
0	0
0	0
0	0
0	0
0	0
0	0
0	0
0	0
0	0
0	0
0	0
0	0
0	0
0	0
1175	81
0	72
0	9
0	0
0	0
0	0
0	0
0	0
0	0
0	0
0	0
0	0
0	0
523	1930
0	1459
11	263
0	485
0	0
0	0
0	0
0	0
0	0
0	0
0	0
0	0
0	0
0	0
1	214
0	0
0	0
0	0
0	0
0	0
0	0
0	0
299	316
0	216
1	264
0	177
0	125
0	74
0	115
0	47
0	1
0	69
2	123
0	75
0	73
0	0
28	0
32	747
4	871
0	1049
0	910
0	273
0	237
0	459
0	346
0	423
0	251
0	206
0	278
0	385
0	250
0	162
0	42
0	213
0	193
0	115
0	53
0	33
0	157
0	31
0	1
0	0
141	0
0	0
9	89
0	98
0	54
0	47
0	15
0	0
0	6
0	19
0	6
0	13
0	11
0	3
0	0
0	0
0	0
0	0
3	2942
0	0
0	0
0	0
0	0
0	0
0	0
0	0
0	0
0	0
0	0
0	0
0	0
0	0
0	0
0	0
0	0
0	0
0	0
0	0
0	0
0	0
0	0
0	0
0	0
0	0
0	0
0	0
0	0
0	0
0	0
0	0
0	0
9	146
4	84
0	9
0	109
0	112
3	146
0	0
0	0
24	617
0	677
62	683
0	343
5	550
0	36
7	167
0	201
0	0
71	819
24	361
0	731
0	143
52	447
2	186
29	438
9	471
0	48
4	3
0	5
10	82
0	57
0	0
0	0
0	0
0	0
4	0
0	0
0	0
0	0
0	0
0	0
0	0
0	0
0	0
0	0
0	0
0	0
0	0
0	0
0	0
0	0
0	0
0	0
0	0
0	0
0	0
0	0
0	0
0	0
0	0
0	0
0	0
0	0
0	0
0	0
0	0
0	0
0	0
0	0
0	0
8	18
0	9
0	7
0	4
0	3
0	0
0	0
0	0
0	0
0	0
0	0
0	0
0	0
0	0
0	0
0	0
0	0
0	0
0	0
0	0
0	0
0	0
0	0
0	0
0	0
0	0
0	0
0	0
0	0
0	0
0	0
0	0
0	0
0	0
86	715
0	66
0	676
0	324
0	96
0	54
0	60
1	130
0	73
0	0
10	0
3	48
0	1
0	265
0	160
422	719
16	321
0	508
0	119
13	620
0	58
0	144
0	94
12	130
0	7
0	148
0	169
0	9
0	78
0	55
0	0
0	0
165	3421
0	455
0	199
0	1
0	0
0	234
0	235
0	81
0	332
0	1
0	96
9	2705
0	0
0	0
0	0
0	0
0	0
0	0
0	0
0	0
0	0
0	0
0	0
0	0
0	0
0	0
0	0
0	0
0	0
0	0
0	0
0	0
0	0
0	0
0	0
0	0
0	0
0	0
0	0
0	0
0	0
0	0
0	0
0	0
0	0
0	0
0	0
0	0
0	0
0	0
0	0
0	0
0	0
0	0
0	12
0	0
0	0
0	0
0	0
50	5
21	24
0	7
0	0
3	4
302	985
57	985
0	41
0	0
0	0
0	0
0	0
28	1225
27	1242
3	161
0	3079
3	2962
20	2907
0	242
0	21
0	1
0	126
0	299
0	45
0	143
0	54
0	299
56	844
6	341
0	252
0	449
5	322
0	635
0	7
0	332
17	790
0	9
0	72
6	351
0	321
0	52
0	166
0	186
0	181
0	27
0	0
0	0
0	0
0	0
0	0
0	0
0	0
0	0
0	0
0	0
0	0
0	0
0	0
0	0
0	0
0	0
0	0
0	0
0	0
0	1174
84	1231
0	269
0	60
0	0
0	0
0	0
0	0
0	0
0	0
0	0
0	5
0	0
0	0
0	0
0	0
0	0
0	0
19	5
96	171
0	41
25	122
17	112
0	92
0	0
0	0
0	0
0	0
1	41
244	41
0	1588
0	1463
1	1588
0	686
0	209
0	618
0	0
55	10
0	2
0	7
0	0
0	3
0	0
0	0
0	6
0	0
0	0
0	0
0	0
0	0
0	0
0	0
0	0
0	0
0	0
0	0
0	0
0	0
0	0
0	0
0	0
0	0
0	0
0	0
0	0
0	0
0	0
0	0
0	0
0	0
0	0
0	0
0	0
0	0
0	0
0	0
0	0
0	0
0	0
0	0
0	0
0	0
0	0
0	0
0	0
0	0
0	0
0	0
0	0
0	0
0	0
0	0
0	0
0	0
0	0
0	0
0	0
0	0
0	0
0	0
0	0
0	0
0	0
0	0
0	0
0	0
0	0
0	0
0	0
0	0
0	0
0	0
0	0
0	0
0	0
0	0
0	0
0	0
0	0
0	0
0	0
0	0
0	0
0	0
0	0
0	0
0	0
0	0
0	0
0	0
0	0
0	0
0	335
0	312
14	321
0	141
2	178
0	167
0	143
0	164
0	144
1	64
0	71
0	36
0	16
0	1
0	36
0	28
0	13
0	22
0	2
0	10
0	0
0	3
0	0
0	155
0	0
0	0
0	0
0	0
0	0
0	0
0	0
0	0
0	0
0	0
0	0
0	0
0	0
0	95
3	139
0	231
3	606
0	108
0	298
0	188
0	61
8	195
0	175
0	43
41	348
0	136
0	78
0	0
0	80
8	93
14	28
0	19
42	0
17	0
43	762
0	685
0	7
0	369
0	59
0	39
6	50
0	25
1	39
0	0
0	0
0	29
18	83
0	1
0	1
0	64
0	13
2	55
0	11
0	9
0	12
0	7
0	3
0	13
0	80
0	4
0	5
0	0
0	1
0	17
0	28
0	1
0	1
0	0
0	0
0	0
3	220
0	0
0	137
0	3
0	222
0	11
0	105
0	27
0	15
0	0
0	0
0	1
0	0
0	0
0	0
0	0
0	0
0	0
0	0
0	0
0	0
0	194
0	216
0	22
0	44
0	13
0	0
46	1100
0	47
7	75
0	447
0	47
0	81
0	81
91	197
0	844
13	826
6	138
225	0
318	2567
9	955
0	1297
9	161
0	120
3	132
0	81
35	1672
0	29
0	0
0	0
11	0
0	0
0	0
0	0
0	0
0	0
0	0
0	0
0	0
0	0
0	0
0	0
0	0
0	0
0	0
0	0
0	0
0	0
0	0
0	0
0	0
0	5
0	10
271	90
0	5
0	25
1	0
0	21
0	13
0	18
0	11
0	136
0	25
5	86
11	73
0	39
28	1191
0	1591
3	945
1	1249
0	1215
55	1139
0	154
0	92
0	57
0	0
0	31
0	130
0	0
0	23
0	0
0	266
0	258
14	83
7	25
0	26
0	17
0	4
0	1
0	0
0	0
0	38
8	107
0	29
0	108
0	0
61	0
1	110
0	76
0	51
17	91
0	27
0	22
0	0
0	94
0	67
0	22
0	0
0	0
0	0
35	1040
18	1040
112	21
0	21
0	0
0	0
129	4
0	4
0	0
1096	565
0	565
0	0
0	0
0	0
0	0
0	0
67	0
0	0
0	0
0	0
0	0
0	0
0	0
0	0
0	0
0	0
0	0
0	0
0	0
1054	7002
1301	6448
23	6623
42	1563
134	1319
2804	4882
0	1842
199	4669
236	2159
0	0
12	494
6	364
0	179
0	566
0	9
293	16350
1210	15345
535	1844
544	3133
0	5726
0	2315
0	0
0	0
0	0
0	0
0	0
0	0
0	0
0	0
0	0
0	0
0	0
0	0
0	1
0	0
0	0
0	0
0	0
0	0
0	1
0	2
5	2
0	0
0	0
0	0
360	0
0	0
0	0
4243	3608
152	3379
19	670
0	525
18	331
0	181
0	0
0	0
0	59
0	59
0	34
0	11
0	0
0	0
0	0
0	0
0	0
0	0
0	0
0	0
0	0
0	0
0	0
0	0
0	0
0	0
0	0
0	0
0	0
0	0
0	0
0	0
0	0
0	0
104	2480
10	3125
91	13246
755	2984
21	6498
2719	15116
0	224
0	9044
12	4144
0	23
37	3
109	2580
0	92
201	206
0	0
0	0
142	23
0	23
151	299
7	275
1	280
2	215
0	151
0	0
0	118
208	831
3	831
0	44
0	766
4	735
0	117
0	3
0	39
0	19
0	0
0	47
0	0
0	0
0	0
0	0
0	409
1	526
0	481
0	39
0	60
0	60
0	88
0	13
0	0
0	42
0	0
0	0
0	0
0	98
0	0
19	1
0	0
0	0
0	0
0	0
0	0
0	0
0	0
0	0
0	0
0	0
0	0
0	0
0	0
0	0
0	0
0	0
0	0
0	0
0	0
0	0
0	0
0	0
0	0
0	0
26	0
0	0
0	0
0	173
0	340
9	1034
0	1031
0	76
0	0
0	11
0	9
0	2
0	13
0	12
69	255
0	0
0	0
0	0
0	0
0	0
0	0
0	0
0	0
0	0
0	0
0	0
0	0
331	2450
0	2450
27	2450
0	2331
0	0
59	2121
0	2329
0	2117
0	2101
53	1139
0	1070
0	0
0	0
0	0
0	0
0	0
0	0
0	0
0	0
0	0
0	0
0	0
0	0
0	0
0	0
0	0
0	0
0	0
0	0
0	0
0	0
0	182
15	174
29	151
601	404
12	78
7	326
4	229
0	494
2	217
0	482
0	13
0	26
0	19
0	0
0	0
0	0
160	3126
47	2989
3	272
0	366
0	29
3	10
0	159
0	342
0	307
0	201
0	6
0	131
3	152
0	31
0	13
0	0
0	0
0	0
0	0
0	0
0	0
33	0
34	0
20	0
10	161
5	519
6	497
1	515
0	73
0	119
0	63
0	46
0	39
3	26
1	28
0	23
0	0
0	0
0	0
0	0
0	0
0	0
0	0
0	0
0	0
0	0
0	1
521	8135
2392	45545
145	40682
185	36864
7	9344
9	1668
0	6763
1	27395
7	5350
0	4784
413	17223
174	8428
0	7517
59	14162
125	4753
12	1971
0	3449
6	3058
0	5015
17	1662
0	162
0	1033
0	980
0	0
0	0
0	0
0	0
0	0
0	10560
0	0
95	16996
0	16990
29	16399
6	16114
254	16105
0	2148
9	7235
0	7252
0	2909
0	4727
0	3379
0	4369
0	4271
0	2432
13	3651
0	2882
0	2853
0	1596
0	1370
0	1243
0	893
0	501
23	11
0	0
0	0
0	0
0	0
0	0
0	0
0	0
0	0
15	0
4	169
0	1
266	1075
15	298
0	613
124	1028
0	609
158	1095
51	1101
7	479
0	296
11	1
15	9
0	27
0	0
0	0
0	0
0	0
0	0
0	0
0	0
0	1
0	1
0	0
0	0
0	0
0	0
0	0
0	0
0	0
0	0
0	0
0	0
0	0
0	0
0	0
0	0
0	1464
0	1439
0	1456
0	863
0	757
0	412
0	405
0	129
1	104
0	91
0	87
0	82
0	77
0	76
0	69
0	70
0	67
0	37
0	30
0	27
0	39
0	2
0	0
0	5
0	0
0	0
0	0
0	0
0	0
0	0
0	3
0	0
0	0
0	0
0	0
766	1161
0	1162
0	590
0	226
0	1
0	84
0	340
0	22
6	79
0	102
16	16
5	38
114	141
0	0
588	10154
0	10165
219	1135
61	2535
14	9462
42	18
19	18
18	563
0	4
0	333
0	249
0	49
0	93
0	0
0	0
0	0
0	0
0	0
0	0
0	0
261	0
0	0
0	0
0	0
0	0
160	2065
12	2065
28	0
0	0
0	0
0	3
31	3
1888	5206
223	5109
0	619
0	0
0	579
46	972
0	683
0	517
0	475
0	88
0	0
0	4
0	2
0	3
0	0
0	0
0	0
5	0
0	0
0	0
0	0
0	2
0	44
66	42
0	0
0	2
3	22
0	0
0	0
0	0
0	0
15	0
0	0
0	0
0	410
186	554
3	405
15	554
6	141
11	90
0	0
0	0
0	0
0	0
0	0
0	0
0	0
0	0
0	0
0	0
0	0
0	0
0	0
0	0
0	0
0	0
0	0
0	0
0	0
0	0
0	0
0	0
0	0
0	0
0	0
0	0
0	0
0	0
2	75
0	78
0	67
0	22
0	54
0	41
0	53
0	0
0	0
0	0
0	0
0	0
0	0
476	5343
1	4729
0	4969
2	2211
0	165
0	1470
0	1472
0	118
0	183
0	186
0	398
0	1407
0	470
8	1246
0	6
10	0
0	0
0	0
0	0
0	0
0	0
0	0
0	0
0	0
0	0
0	0
0	0
0	0
0	0
0	0
0	0
0	0
0	0
0	0
0	0
0	0
1	0
0	0
0	0
0	0
0	0
0	0
0	0
0	0
0	0
0	0
0	0
0	0
0	0
0	0
0	0
0	0
0	0
0	0
0	0
0	0
0	0
0	0
0	0
0	0
0	38
0	38
13	57
0	0
0	19
0	0
0	0
0	0
0	0
0	0
0	0
0	0
0	0
0	0
0	0
0	0
0	0
0	0
0	0
0	0
0	0
0	0
0	0
0	0
0	0
0	0
0	0
0	0
0	0
0	0
0	0
0	0
0	0
0	0
0	0
0	0
0	0
0	0
0	0
1	4
7	4
0	1159
0	1309
0	881
0	30
0	0
11	461
1	480
36	1320
0	392
0	146
0	742
1	664
11	529
0	263
0	16
0	0
0	34
0	0
0	0
0	0
0	0
0	0
0	0
0	0
0	0
0	0
0	0
0	0
0	0
0	0
0	0
0	0
0	0
0	0
0	0
0	0
0	0
0	0
0	0
0	0
0	0
0	0
189	2687
15	5737
0	35862
395	28817
12	29715
119	11923
21	10910
0	38
35	12579
0	1742
1005	7190
0	8723
0	4242
0	3517
0	39
12	2325
0	0
0	0
0	0
0	0
0	97
65	1034
0	188
11	366
0	192
0	436
12	481
0	0
0	0
0	0
0	0
0	0
0	0
0	0
0	0
0	0
52	1077
34	1044
8	1070
0	474
0	0
0	200
58	437
0	708
0	458
0	193
9	145
64	24
2	275
0	4
1	398
10	52
168	147
9	309
0	189
0	277
2	384
0	730
20	730
0	20
0	77
0	39
0	261
0	211
0	112
35	493
0	418
3	365
0	246
0	263
0	38
0	316
0	327
0	327
0	320
0	327
0	327
0	320
4	285
0	331
0	327
0	330
0	330
0	330
0	320
0	330
2	327
0	244
0	263
0	33
0	49
0	21
0	35
0	3
0	0
0	24
0	15
0	14
0	0
0	17
0	13
0	13
0	14
0	13
0	11
0	4
0	6
0	3
0	3
0	3
0	0
0	0
0	0
0	0
0	0
0	0
0	0
0	0
0	0
0	0
0	0
0	0
0	0
0	0
0	0
0	0
0	0
0	0
0	1
0	0
0	0
0	0
0	0
0	0
0	0
0	0
0	0
0	0
0	0
0	0
0	0
0	0
0	0
0	0
0	0
0	0
0	0
0	0
0	0
0	0
0	0
0	0
0	0
0	0
0	0
0	0
0	0
0	0
0	0
0	0
0	0
0	0
0	0
0	0
0	0
0	20
0	20
0	14
0	5
0	10
0	1
0	8
0	3
0	0
0	0
0	0
0	0
0	0
0	0
0	0
0	0
0	0
0	0
273	11343
1786	11074
0	11142
13	2301
0	3960
15	4094
18	2894
200	2116
0	170
277	539
0	759
0	192
549	169
0	24
0	63
0	22
0	52
0	9
5	106
0	1
0	1
2250	2018
8	1077
0	477
7	798
0	711
5	699
0	686
0	302
0	283
0	151
4	33
0	0
0	0
0	0
0	0
0	0
0	0
0	0
0	0
0	0
0	0
0	0
0	0
0	0
0	0
0	0
0	0
0	0
215	109
4	87
0	84
0	18
0	0
63	68
6	66
0	2
0	11
159	84
0	49
0	17
0	9
0	0
0	23
0	23
0	12
0	0
0	0
0	0
0	0
0	0
5	9
0	9
1	0
0	0
0	0
0	0
0	0
0	0
0	0
0	0
0	0
0	0
0	0
0	0
0	0
0	0
0	0
0	0
0	0
0	0
0	0
0	0
0	0
0	0
0	15
0	15
0	6
1	8
0	14
0	16
0	0
0	2
0	2
0	0
0	0
194	310
92	246
0	50
0	58
0	18
0	0
0	33
0	2
0	15
457	48
0	48
0	0
0	0
0	0
0	0
0	1
0	1
0	0
0	0
0	0
0	0
0	0
0	0
0	0
0	0
0	0
0	0
0	0
0	0
0	0
0	130
0	860
0	265
112	1177
0	265
12	426
0	3
0	1
0	3
0	13
19	5
136	9
0	0
0	0
0	0
337	309
0	307
0	133
0	8
0	7
0	0
0	0
0	2
0	0
0	0
0	0
0	0
0	0
0	0
0	0
0	0
0	0
0	0
0	0
0	0
0	0
0	0
0	0
0	0
0	0
0	0
0	0
0	0
0	0
0	0
0	0
0	0
492	80
0	80
0	0
0	0
0	0
0	0
0	0
1868	6051
209	4647
169	4822
31	1555
0	1261
82	1260
0	223
2	390
0	22
0	288
0	348
0	111
0	330
0	285
0	59
0	34
0	39
55	37
0	219
0	50
0	62
0	0
0	0
0	0
0	0
0	0
0	0
0	0
0	0
0	0
0	0
0	0
0	0
0	0
0	0
0	0
0	0
0	0
78	781
0	146
4	234
0	763
0	405
0	29
0	0
4	653
0	196
0	0
0	553
6	544
0	44
0	375
25	0
0	70
0	17
0	2
0	0
0	0
0	0
0	1633
6	2050
0	1617
0	1675
0	1084
0	0
0	114
0	1
0	0
0	0
0	0
0	0
3	181
0	163
3	88
0	16
0	94
1	96
1	54
0	66
1	105
33	32
0	9
0	17
0	24
0	15
10	15
0	0
0	0
0	0
0	0
0	0
0	0
0	0
0	0
0	0
0	0
0	0
0	762
141	1288
2	1210
0	3
0	42
0	71
0	58
26	1
0	0
0	0
0	0
0	0
0	0
0	0
0	0
0	0
0	0
0	0
0	0
178	0
481	116
0	80
0	89
139	7
0	0
1	7
728	77
0	77
0	256
1	457
0	634
0	546
0	78
0	494
26	453
0	59
0	335
0	287
0	339
0	234
0	381
6	233
15	225
0	258
0	119
0	114
0	71
0	26
0	0
41	3
64	1493
0	781
0	753
0	956
0	1037
0	468
0	0
2	147
4	160
0	98
0	53
0	87
3	59
0	48
0	71
0	26
0	10
0	5
0	29
0	0
0	7
0	1
0	0
0	0
0	1
0	0
0	0
0	0
0	0
0	0
0	0
0	0
0	0
0	0
0	0
0	0
0	0
0	0
0	0
0	0
63	0
0	0
148	2705
767	2700
0	472
3	557
0	0
0	98
11	150
52	1198
15	1110
0	36
0	175
0	10
0	41
0	15
0	0
0	149
2	160
2	172
1	233
0	323
0	11
0	84
18	277
0	67
0	43
13	46
0	188
0	41
0	0
0	0
85	354
0	280
0	6
76	337
0	0
0	0
0	0
0	0
0	0
0	0
0	0
0	0
0	0
0	0
0	0
0	0
0	0
0	0
0	0
0	0
0	0
0	0
0	0
0	0
0	0
0	0
0	0
0	0
0	0
0	0
0	0
0	0
0	0
0	0
0	0
0	0
0	0
0	0
0	0
0	0
0	0
0	0
0	0
0	0
0	0
0	0
0	0
0	0
0	0
0	0
0	0
0	0
0	0
0	0
0	0
0	0
0	0
0	0
0	0
0	0
0	0
0	0
0	0
0	0
0	0
0	0
0	0
0	0
0	0
0	0
0	0
0	0
0	0
0	0
0	0
0	0
0	0
0	0
0	0
0	0
0	0
0	0
0	0
0	0
0	0
0	0
0	0
0	0
0	0
0	0
0	0
0	0
0	0
0	0
0	0
0	0
0	0
0	0
0	0
0	0
0	0
0	0
0	0
0	0
0	0
0	0
0	0
0	0
0	0
0	0
0	0
0	0
0	0
0	0
0	0
0	0
0	0
0	0
0	0
0	0
0	0
0	0
0	0
0	0
0	0
0	0
0	0
0	0
0	0
0	0
0	0
0	0
0	0
0	0
0	0
0	0
0	0
0	0
0	0
0	0
0	0
0	0
0	0
0	0
0	0
55	174
0	60
0	0
0	0
0	0
0	0
0	0
0	3
0	3
0	0
0	0
0	0
0	0
7	2126
0	1
0	1045
0	382
0	4912
0	4909
12	4516
0	248
0	3509
0	77
0	0
0	0
25	104
0	0
0	69
20	70
0	13
15	81
0	78
0	0
0	0
97	123
21	61
0	49
16	20
0	1
0	0
0	1
0	0
67	5
45	10
0	0
0	1
0	22
0	0
0	0
0	0
0	0
0	0
0	0
0	0
0	0
0	0
0	0
0	0
0	0
0	124
0	0
0	0
859	0
0	0
0	0
0	0
0	0
0	0
0	0
0	0
0	0
0	0
0	0
0	0
0	0
0	0
0	0
0	0
0	0
0	0
0	0
0	0
0	0
0	0
0	0
0	0
0	0
0	0
0	0
0	0
0	0
0	0
0	0
0	0
0	0
55	1461
0	1443
0	1409
5	1414
18	1527
19	1175
10	1313
12	1474
30	1532
0	1064
0	6
0	115
0	416
0	347
0	388
0	60
0	107
0	93
0	120
0	218
0	219
5	67
0	25
0	22
0	16
0	49
0	12
0	1
0	0
0	0
0	0
0	0
0	0
0	0
0	0
0	0
17	496
0	503
0	432
0	431
0	109
0	36
0	32
0	1
0	24
0	4
0	1
0	3
0	0
0	3
0	1
0	0
0	0
0	0
0	0
0	0
0	0
0	0
0	0
0	0
0	0
0	0
0	0
0	0
0	0
0	0
0	0
0	0
11	1412
0	82
0	709
0	0
4	1411
0	107
1	370
6	404
0	0
0	0
0	0
0	0
0	0
0	0
0	0
0	0
0	0
0	0
0	0
0	0
0	0
0	0
0	0
0	0
0	0
0	0
0	0
0	0
0	0
0	0
0	0
0	0
0	0
0	0
0	0
0	0
0	0
0	0
0	0
0	0
0	0
0	0
0	0
0	0
0	0
0	0
0	0
0	328
0	338
6	148
0	106
0	135
0	482
6	42
0	149
0	137
0	90
0	16
0	472
0	87
0	4
10	70
26	37
0	26
1	259
0	10
2	170
0	0
0	0
0	23
0	0
0	0
0	0
0	0
0	0
0	0
0	0
0	0
0	0
0	0
0	0
0	0
0	0
0	0
0	0
0	0
0	0
0	0
0	0
0	0
0	0
0	0
0	0
0	0
0	0
0	0
0	0
0	0
0	0
0	0
0	0
0	0
0	0
0	0
0	0
0	0
0	0
0	0
0	0
0	0
0	0
0	0
0	0
0	0
0	0
0	0
0	0
0	0
0	0
0	956
0	848
0	63
0	613
0	657
7	727
0	848
0	923
0	121
0	305
0	13
0	0
0	26
0	128
0	219
0	52
0	126
0	110
0	79
0	111
0	102
0	102
0	90
0	78
0	12
0	2
0	58
0	28
0	7
0	0
0	0
0	286
5	281
0	282
0	102
0	9
0	9
0	4
0	10
0	9
0	9
0	9
0	16
0	7
0	8
0	0
0	0
0	0
0	0
0	0
0	0
0	0
0	0
0	0
0	0
0	0
0	0
0	0
0	0
0	0
0	1667
0	2288
3	1923
0	2314
0	2291
7	2118
410	1543
0	2234
0	473
0	1644
0	0
13	470
0	44
0	507
0	26
0	91
0	67
0	12
0	0
0	0
0	0
0	0
25	0
0	0
0	0
0	0
0	0
0	0
0	0
0	0
0	0
0	0
0	0
0	0
0	0
0	0
0	0
0	0
0	0
0	0
0	0
0	0
0	0
0	0
0	0
0	0
0	0
0	0
0	0
0	0
0	0
0	0
0	0
0	0
0	0
0	0
0	0
0	0
0	0
0	0
0	0
0	0
0	0
0	0
0	0
0	0
0	0
0	0
0	0
0	0
0	0
0	0
0	0
0	0
0	0
0	0
0	0
0	0
0	0
0	0
0	0
0	0
0	0
0	0
0	36
0	0
0	0
0	0
0	0
0	0
0	0
0	0
0	1466
19	1217
19	1466
0	588
0	36
0	34
0	31
0	92
0	141
0	0
0	72
0	117
0	42
0	33
0	82
0	2
0	0
0	0
0	0
0	0
0	0
0	0
35	0
335	616
23	548
0	0
0	317
13	223
3262	1066
2	951
1	976
0	18
0	120
0	19
0	2
0	62
0	10
0	0
0	0
0	0
18	0
0	61
0	59
0	59
0	41
0	61
1	61
0	23
2	45
3	60
0	53
0	58
0	39
0	15
0	28
0	1
0	0
0	1
0	1
0	0
0	0
0	2
0	2
0	2
0	0
0	4
0	5
0	4
0	3
0	1
0	1
0	3
0	6
0	0
0	0
0	2
0	2
0	2
0	0
0	0
0	1
0	0
0	3
0	3
0	0
0	0
0	0
0	0
0	0
0	0
0	0
0	0
0	0
0	0
0	0
0	0
0	0
0	0
0	0
0	0
0	0
0	0
0	86
0	188
12	101
0	2366
0	2460
7	206
0	236
0	2274
0	2079
15	0
0	0
0	13
2	495
0	59
1	59
0	64
31	985
6	991
35	80
0	49
0	774
0	33
18	0
0	0
1	5
0	5
0	5
0	0
0	0
20	0
0	0
0	0
0	0
0	0
0	0
0	0
0	0
0	0
0	0
0	0
0	450
0	415
9	41
0	470
0	412
19	169
0	0
0	0
0	0
0	0
0	0
0	0
0	0
0	0
0	0
0	0
0	0
0	0
0	0
0	0
0	0
2	86
0	97
0	90
96	43
5	2
0	7
7	13
0	8
0	0
0	10
0	10
0	10
0	10
0	6
0	1
0	0
0	0
0	0
0	0
0	0
0	0
0	0
0	807
0	826
0	200
0	212
0	26
0	22
0	0
0	0
0	0
0	0
0	0
0	0
0	0
0	0
0	0
0	34
0	0
0	1
0	30
0	5
40	47
0	128
0	15
120	128
0	0
0	0
0	0
0	0
0	0
0	0
0	0
0	0
0	0
0	0
0	0
0	0
0	0
0	0
0	0
0	0
0	0
0	0
0	0
0	0
0	0
0	0
0	0
0	0
0	0
0	0
0	0
0	0
0	0
0	0
0	0
0	0
0	0
0	0
0	0
0	0
0	0
0	6885
365	7240
25	7023
0	6908
0	513
0	6924
11	3480
1	1859
4	4759
1	889
0	5211
1	3980
0	694
0	3417
0	0
3	36
0	6
0	6
0	16
0	30
0	3
0	1
0	3
0	0
0	0
0	0
0	0
0	0
0	0
0	0
0	0
0	0
41	429
427	366
0	1
0	0
1	434
0	0
0	3
1	24
0	57
0	23
0	13
0	55
0	6
0	5
0	3
2	47
0	28
41	39
0	1
2	12
0	0
0	0
0	1
0	1
13	1
0	0
0	1
0	0
0	0
0	34
6	375
0	33
0	355
0	354
0	351
0	191
0	213
0	161
0	147
0	25
0	41
0	35
0	13
0	13
0	4
0	0
0	0
0	0
0	0
0	0
0	0
0	27
0	27
11	14
0	0
0	0
0	0
0	0
399	0
0	0
0	0
0	0
2	478
0	4
14	173
0	476
4	479
21	394
0	74
0	221
0	133
48	378
13	172
0	248
0	43
0	76
0	176
2	88
0	1
0	1
0	1
0	0
0	1
0	0
0	1
4	0
0	0
0	0
0	0
0	13
0	15
0	70
2	232
1	268
7	36
19	145
5	248
2	230
0	140
0	112
0	85
2	68
0	34
0	20
28	739
0	18
0	5461
0	5607
0	5469
0	838
0	1243
2	3478
15	4395
3	5562
1	5145
4	5577
0	5744
0	3424
158	5884
50	5493
0	3287
0	4528
0	5214
0	1856
0	3738
0	3933
0	321
64	2362
0	2318
0	2251
0	2269
0	735
0	2078
0	1255
0	1246
49	1174
0	488
0	108
20	585
6	61
6	78
0	10
5	2
0	8
2	63
0	58
0	59
5	56
0	56
0	33
0	25
0	32
0	5
0	3
0	14
0	0
0	13
0	14
0	3
0	5
0	1
0	5
233	1
6	188
0	188
0	85
0	59
0	62
0	29
0	24
0	10
0	27
2	366
0	529
0	420
0	18
0	331
0	540
0	270
0	145
0	185
0	208
0	145
0	0
5	122
0	29
0	0
0	317
20	317
116	317
0	0
0	8
0	14
0	20
0	145
0	0
0	9
0	8
0	11
0	14
0	9
0	8
0	11
0	8
0	146
0	0
0	9
0	2
0	121
0	62
0	1
0	143
0	3
0	7
0	26
0	174
0	0
0	174
0	24
0	0
0	0
0	0
0	0
0	0
0	0
0	0
0	0
0	0
0	0
0	0
0	0
0	0
53	27
0	27
0	0
1	0
0	0
0	0
0	0
0	0
0	0
103	1310
0	1310
0	105
12	161
1	298
0	1216
0	20
0	31
0	0
0	2130
0	2122
0	2133
7	2112
0	2141
15	1948
0	1179
0	367
1	1039
0	1028
0	677
0	195
0	548
0	289
0	472
0	104
0	252
0	172
0	0
0	69
0	42
0	35
0	0
0	979
0	866
0	1029
0	758
2	614
0	124
0	274
0	270
0	106
0	173
0	0
0	0
16	1744
0	1744
0	1744
0	1743
4	1745
0	1744
0	1744
2	1764
0	1600
9	28
0	294
0	103
0	70
0	48
0	2
0	0
22	326
7	1120
0	1197
0	1151
0	1044
1	138
0	346
0	250
0	39
0	130
0	128
0	113
0	111
0	111
0	103
0	100
0	87
0	34
0	65
0	53
0	53
0	0
0	0
0	2860
0	910
46	2855
0	64
0	88
0	1293
0	116
0	679
80	1467
0	1159
27	54
0	54
0	0
0	1
85	14
0	2
0	6
0	7
0	9
85	164
0	40
0	144
0	347
0	106
0	1515
0	403
4	353
0	459
0	1336
0	301
0	473
0	85
0	360
0	308
3	233
8	202
1	644
0	53
7	309
0	307
74	2619
8	2629
0	295
0	267
0	33
85	403
4	373
10	143
0	268
0	54
14	236
14	13
0	32
0	0
1	1789
6	1596
6	1213
0	103
0	751
11	122
0	3
0	3
1	10
0	1
0	9
0	5
7	749
0	751
0	0
0	0
0	10
0	30
0	640
0	0
0	709
14	161
6	200
12	885
5	707
0	876
0	867
0	163
0	2
1	432
0	13
0	0
0	1066
0	0
0	0
0	741
0	745
0	9
0	49
0	340
0	30
0	213
0	640
0	590
0	177
0	154
0	1406
0	100
0	0
0	461
0	171
0	128
0	366
0	0
0	88
14	837
0	1148
0	50
0	314
4	748
0	209
0	75
0	168
2	565
0	46
0	64
9	77
0	185
0	6
64	152
0	3
1	95
10	101
0	7
0	20
2	66
0	9
0	0
0	0
0	0
0	0
0	0
0	34
0	8
0	2
0	399
0	335
0	64
0	397
0	148
0	398
1	445
0	112
0	84
0	445
0	76
0	115
17	224
15	212
16	213
8	259
0	80
3	47
0	27
0	39
0	7
0	12
0	35
0	20
2	59
5	63
0	0
0	7
0	6
33	160
12	171
0	752
8	710
0	16
0	56
0	41
0	52
11	0
11	16
0	27
0	4
0	39
0	92
0	0
0	0
0	0
0	30
0	50
2	94
0	108
0	106
0	106
0	104
0	0
0	0
0	677
0	812
0	621
6	164
0	756
2	301
0	306
2	485
0	462
6	371
11	262
0	444
0	28
0	95
19	34
0	2
785	393
2	397
0	47
0	0
0	457
8	268
1	260
0	154
46	334
0	158
1	75
1	76
2	78
0	38
0	14
0	15
0	8
0	101
0	102
0	51
0	102
0	2
0	10
0	0
0	20
0	13
0	38
0	0
2	96
0	8
0	0
0	8
0	122
0	8
0	3
0	105
0	20
0	9
2	33
0	45
0	39
0	0
0	0
0	0
0	0
0	0
0	0
0	0
0	0
0	0
0	0
41	39
0	24
0	16
0	12
2	779
0	779
2	120
0	116
0	19
5	228
1	184
0	48
0	71
0	2
0	0
1	77
3	295
141	380
0	15
0	56
12	72
9	77
0	0
1	28
0	13
0	13
25	163
5	113
8	144
0	15
0	0
0	0
0	0
0	0
0	0
0	0
0	0
0	0
0	0
0	0
0	0
0	0
0	0
0	0
0	0
0	0
177	18
8	18
16	9
0	68
3	72
0	57
0	20
0	2
0	0
22	6801
3	26804
250	21363
262	28514
7	8990
100	32260
7	9495
709	32933
55	31442
20	18631
9	14226
32	20011
33	4967
4	201
0	10
7	10
0	0
0	6
0	1
0	10
0	2
0	6
0	83
9	253
12	19
0	257
0	7
0	50
0	5
0	0
0	27
0	3
0	3
0	25
0	1
0	59
0	12
9	259
14	7
3	245
7	195
10	442
0	448
0	434
29	438
2	137
0	143
0	0
0	3
0	7
0	10
34	66
0	63
0	3
0	13
0	8
0	1
0	0
0	71
0	71
0	71
0	71
0	78
0	2
0	32
0	1
0	8
123	134
0	130
6	104
0	12
0	7
0	4
0	0
0	1
0	4
0	2
25	1
0	1
0	0
7	1005
10	283
0	49
0	1006
0	81
0	0
76	2079
0	0
23	76
0	0
0	0
0	0
0	0
0	0
0	0
0	0
0	0
0	0
0	0
0	0
0	0
0	0
0	0
0	0
0	0
0	0
0	1217
0	1225
4	260
0	602
0	923
94	706
0	981
0	792
0	995
1	919
0	989
0	450
0	283
0	476
0	99
0	761
0	377
0	7
0	3
0	42
0	346
0	6
0	2
0	566
0	4
0	241
0	2
0	248
0	552
0	0
0	3
0	736
0	3931
0	742
0	33
0	3939
0	99
0	750
25	1115
25	236
12	3452
5	3831
0	17
0	735
12	3048
0	162
0	31
0	0
0	0
0	0
0	0
0	0
0	0
0	0
0	0
0	0
0	0
0	0
0	0
0	0
0	0
0	0
0	0
0	0
22	440
0	0
0	0
0	440
0	425
4	269
0	440
12	436
0	123
0	105
0	0
0	0
0	0
0	0
0	0
0	0
0	0
0	0
0	0
0	0
0	0
0	0
0	0
0	0
0	0
0	0
0	0
0	0
0	0
0	0
0	0
0	0
0	0
0	0
0	0
0	0
0	0
0	0
0	0
0	0
0	0
0	0
0	0
0	43764
28	41188
0	378
27	9352
0	43249
0	1603
0	10278
6	6300
0	0
0	0
0	3253
196	43391
0	3781
0	40962
0	10173
0	0
0	43128
0	0
1	2632
0	3
0	1714
0	949
10	31446
0	0
0	1755
0	0
0	0
0	0
0	2229
0	13326
146	27210
0	0
0	2952
0	0
47	23558
0	5413
117	11516
0	2117
0	12906
0	2725
0	6084
0	3671
0	11520
21	12895
0	6668
21	13052
0	8477
0	5582
0	13031
0	5138
0	3688
0	4158
0	2982
0	3233
0	160
0	3259
0	0
0	3242
0	4183
0	3797
0	14
0	5487
0	2315
47	4387
0	136
0	37
0	0
0	0
0	0
0	0
0	1
0	2
0	192
0	0
114	1074
0	69
78	1074
0	58
0	0
0	14
1444	195
0	129
36	66
0	0
0	0
0	0
0	0
0	0
0	0
0	0
0	0
14	636
0	629
17	203
0	21
0	62
0	106
0	34
0	44
0	20
0	20
0	38
0	3
0	0
0	0
0	0
5	102
177	102
0	0
0	0
0	0
0	0
0	0
0	0
0	0
0	0
0	0
0	0
0	0
0	0
0	0
0	0
0	0
0	0
0	0
0	0
0	0
0	0
0	0
0	0
0	0
0	0
0	0
0	0
0	0
4349	513
0	21
0	492
0	1
0	3
0	4
0	6
0	0
0	6
0	3
0	4
0	0
28	6
0	2
0	1
0	12
0	0
232	12
0	0
0	0
16	149
194	149
0	52
100	5108
518	5135
0	2965
0	670
0	0
0	0
87	669
0	92
0	530
0	11
1	277
0	185
3	522
0	105
16	108
0	0
0	0
0	0
0	0
0	0
0	0
4	679
0	2
730	734
0	55
0	0
0	0
0	0
0	0
0	0
0	0
0	0
0	0
0	0
0	0
0	0
0	0
0	0
0	0
0	0
0	0
0	0
0	17
10	17
0	0
3	8
0	8
0	0
0	0
400	211
0	103
6	135
0	24
0	0
0	1613
72	1847
0	212
10	90
13	77
119	0
0	0
6	1427
0	2468
0	2541
0	1631
1	1081
3	897
0	109
0	0
0	451
0	398
0	473
0	406
88	447
0	127
0	0
0	35
0	0
2	367
5	366
20	283
4	47
0	0
3	0
0	0
0	0
0	0
0	0
0	0
2088	433
3	420
0	198
0	0
0	0
0	0
0	0
0	0
0	0
0	0
0	0
0	88
0	0
0	0
0	0
3	1327
0	199
33	1368
23	134
0	112
0	60
0	69
70	387
0	0
113	716
0	0
50	517
0	0
0	0
0	0
143	2792
8	448
3	1123
2	1486
0	1485
0	2723
0	1464
0	761
0	2594
2	1162
8	1342
0	226
0	2025
10	1323
0	18
0	22
0	253
0	18
2	345
4	303
0	152
0	20
0	0
0	0
0	0
0	0
145	0
0	0
0	0
8	0
0	0
0	0
14	111
2	111
14	7
20	4
0	861
15	848
0	239
4	1266
67	1551
0	290
0	890
0	23
0	0
0	1096
0	118
26	260
0	2
0	91
0	88
0	0
0	2
0	0
0	0
9	274
0	0
0	0
467	126
0	125
126	91
0	0
0	0
0	0
0	0
0	0
0	0
0	0
0	0
0	0
0	0
0	0
0	0
0	0
0	0
0	0
0	0
0	0
0	0
0	0
0	0
0	0
0	0
0	0
0	0
3	6213
0	0
0	20
0	0
0	0
0	0
0	0
0	0
0	0
0	0
0	0
0	0
0	0
0	0
0	0
0	0
0	0
0	0
0	0
0	0
0	0
0	0
0	0
0	0
0	0
0	0
0	0
0	0
0	0
0	0
0	0
0	0
0	0
0	0
0	0
0	0
0	0
0	0
0	0
0	0
0	0
0	0
0	0
0	0
0	0
0	0
0	0
0	0
0	0
0	0
0	0
0	0
0	0
0	0
0	0
0	0
0	0
0	0
0	0
0	0
0	0
0	0
0	0
0	0
0	0
0	0
0	0
0	0
0	0
0	0
0	0
0	0
0	0
0	0
0	0
0	0
0	0
0	0
0	0
0	0
0	0
0	0
0	0
0	0
0	0
0	0
0	0
43	0
0	0
878	0
6	0
0	0
0	0
0	0
0	0
0	0
0	0
0	0
0	0
0	0
0	0
0	0
0	0
203	5
0	0
0	0
0	0
0	70
0	0
2	84
0	74
7	84
0	23
0	63
0	62
0	42
0	0
0	1
0	0
0	0
485	757
0	653
8	653
4	775
0	106
0	11
0	88
0	0
0	7819
0	7820
21	6723
0	7517
0	7499
0	24
43	702
0	2056
0	1153
47	371
0	354
0	0
0	0
0	0
0	0
156	83
0	0
0	63
16	37
0	30
0	12
0	6
0	0
0	0
0	0
0	0
0	0
0	0
0	0
0	0
0	0
0	0
0	0
0	0
0	0
0	0
0	0
0	0
0	0
0	0
0	0
0	0
0	0
0	0
0	0
0	0
0	0
0	0
0	0
0	0
0	0
0	0
0	0
0	0
0	0
0	0
0	0
0	0
0	0
0	0
0	0
0	0
0	0
0	0
0	0
0	0
0	0
0	0
0	0
0	0
0	0
0	0
0	0
0	0
0	0
0	0
0	0
0	0
0	0
0	0
0	0
0	0
0	0
0	0
0	0
1057	0
891	612
46	610
0	137
0	0
0	0
0	0
0	0
20	368
1871	826
0	328
0	325
0	357
11	36
0	230
0	0
0	0
37	1905
0	1955
0	27
0	1703
0	1624
0	0
4	1296
176	1284
1	467
0	0
0	0
0	0
1	1629
13818	64271
16	8036
10	63027
8510	62587
115	1828
0	0
64	4
54	0
0	0
0	0
0	0
0	0
0	0
0	0
0	0
0	0
0	0
0	0
0	0
0	0
110	1367
0	1282
0	519
33	1058
0	53
0	90
0	270
0	79
0	68
0	493
0	0
0	0
0	0
0	0
0	0
3	2381
11	6
0	2381
0	105
0	57
0	73
3	1872
0	33
0	26
0	138
8	0
0	0
0	0
0	165
0	133
0	122
0	35
0	0
0	0
0	0
0	0
602	1
0	1
0	0
0	0
0	0
0	0
0	0
0	0
0	0
0	0
0	0
0	0
0	0
0	0
0	0
0	0
0	0
0	0
0	0
0	0
0	0
0	0
1405	0
0	0
0	0
0	0
0	0
0	0
0	0
0	0
0	0
0	0
0	0
0	0
0	0
0	0
0	0
0	0
0	0
0	0
0	0
34	752
0	253
0	4
0	751
139	252
31	403
0	230
0	0
0	35
0	2
0	71
0	3
0	16
0	47
0	60
0	0
0	0
11	0
0	0
0	0
0	0
2	139
2	156
0	60
0	102
0	74
0	18
0	46
0	8
0	7
0	3
0	0
0	8
0	3
0	0
0	0
0	0
0	0
0	0
0	0
0	0
0	0
0	0
0	0
0	0
0	0
0	0
0	0
0	0
0	0
0	0
0	0
0	0
0	0
0	0
0	0
0	0
0	0
0	0
0	0
0	0
0	0
0	0
17	0
0	0
0	0
0	17
0	0
0	0
0	0
0	0
0	0
0	0
0	0
0	0
0	0
0	0
0	0
0	0
0	0
0	0
0	0
0	0
0	0
0	0
0	0
0	0
0	0
0	0
0	0
0	0
0	0
0	0
0	0
0	0
0	0
0	0
0	0
0	0
0	0
0	0
118	361
0	334
0	85
5	121
0	33
0	38
0	0
0	0
444	1006
0	276
0	95
0	1010
0	16
0	71
0	281
0	66
0	267
0	45
0	267
10	287
0	45
7	145
0	43
0	0
0	23
0	0
0	0
0	0
0	0
0	0
0	0
0	0
0	0
0	0
0	0
0	0
0	0
0	0
0	0
0	0
0	0
0	0
0	0
40	0
0	0
0	0
0	0
0	0
0	161
0	161
13	148
2	132
0	64
17	40
0	40
0	39
0	0
0	0
0	0
0	0
0	0
0	0
0	0
0	0
0	0
0	0
0	0
0	0
0	0
0	0
0	0
0	0
0	0
0	72
0	0
0	6
0	0
0	0
0	0
0	0
0	0
0	0
0	0
0	0
0	0
0	0
0	0
0	0
0	0
0	0
0	0
0	457
13	457
3	457
7	354
20	354
51	750
11	750
0	0
0	0
34	36
1	35
13	1
18	4
0	1
0	1
383	536
35	261
0	275
0	0
0	1
0	14
0	4
27	0
0	0
0	0
0	0
0	0
0	0
0	0
0	0
0	0
0	0
1	1106
0	1241
0	1083
2	1188
0	919
0	1092
0	1082
0	1234
0	1184
0	713
0	723
0	865
0	815
0	1227
5	1157
2	951
3	518
0	799
0	647
0	526
0	608
2	311
0	161
0	330
2	302
4	319
10	288
0	187
0	115
1	42
0	10
14	3
0	0
0	0
0	0
8530	591
0	283
0	441
1715	0
0	0
0	410
6879	410
0	0
0	0
0	0
0	0
0	0
0	0
35	1134
16	404
0	403
0	1131
23	797
0	987
0	8
0	0
5	336
0	134
0	48
13	1189
381	1284
0	95
384	1433
4	1427
324	1259
0	18
0	92
25	6
0	0
0	0
0	0
0	0
0	0
0	0
0	0
0	0
0	0
0	0
0	0
0	0
0	0
0	0
0	0
0	0
0	0
0	0
0	0
0	0
0	0
0	13
0	7
0	6
0	2
0	4
0	2
0	0
0	0
12	1102
0	629
0	1549
0	1170
0	247
0	50
0	0
0	0
0	0
0	0
0	0
0	0
0	0
0	0
0	0
0	0
0	0
0	0
0	0
0	0
0	0
0	0
0	0
0	471
0	0
0	0
0	0
0	0
0	0
18	355
0	258
0	0
0	0
0	0
0	0
0	0
0	0
0	0
0	0
0	0
0	0
0	0
0	0
0	0
0	0
0	0
0	0
2576	0
0	0
0	0
5	3526
31	6593
0	6522
0	2856
22	4810
0	794
0	128
0	1161
0	1359
0	712
6	112
0	28
0	0
0	0
0	0
0	0
0	0
0	0
1734	445
0	113
0	332
0	257
0	181
0	0
1	0
0	0
8	570
1	760
0	624
23	495
2	747
0	0
0	0
0	1
0	0
0	0
0	0
33	269
0	269
0	0
0	0
247	1974
0	1982
0	1580
15	1982
47	0
0	0
0	0
0	0
0	0
0	0
0	0
0	0
0	0
0	0
0	83
0	86
0	7
0	85
0	83
0	84
0	87
0	4
0	0
0	0
0	0
0	0
0	0
0	0
0	0
0	0
0	0
0	0
0	0
0	0
0	0
0	0
0	0
0	0
0	0
0	0
0	0
0	0
0	0
0	0
19	370
41	370
0	260
0	189
4	142
0	234
0	312
86	370
0	207
0	0
0	10
0	163
0	57
0	0
0	2770
13	2553
7	2938
0	591
0	401
8	193
0	6
0	0
0	150
0	0
0	139
0	53
0	1
0	21
0	30
9	150
0	37
0	13
0	20
0	13
0	82
0	111
0	54
0	38
0	126
0	10
0	3
0	59
0	0
0	20
0	4
0	89
0	0
0	45
6	56
3	69
0	15
12	17
0	10
0	11
0	2
0	3
0	11
0	1
0	8
0	3
0	5
0	0
0	3
0	10
0	0
0	1
0	0
0	0
0	0
0	0
0	0
0	0
0	0
0	0
0	0
0	0
0	0
0	0
0	0
0	0
0	0
0	0
0	0
0	0
0	0
0	0
0	0
0	0
0	0
0	0
0	0
0	0
0	0
0	0
0	373
4	384
0	0
0	79
0	84
0	369
0	370
0	370
0	73
0	52
0	0
0	0
0	0
0	0
0	0
0	0
0	0
0	0
0	0
0	0
0	0
0	0
0	0
1547	8579
664	8570
0	48
60	1159
19	823
12	1405
8	905
1	123
4	158
0	13
0	0
98	38
16	49
0	4
0	6
1	516
2	517
9	467
1	684
4	425
0	94
0	131
0	88
0	0
0	2448
5	3092
1	3715
13	1204
15	25
4	329
0	385
1	385
2	385
2	385
0	385
0	381
0	0
0	3
0	0
0	589
0	562
0	468
0	587
0	603
0	424
0	424
0	26
4	479
0	474
0	29
0	0
0	0
0	10
0	10
0	0
0	0
0	0
5	100
0	100
0	19
0	0
0	0
0	0
0	0
0	0
0	0
0	0
0	0
0	0
0	534
0	534
5	439
0	55
0	21
0	7
0	0
0	208
0	116
2	105
0	89
0	18
0	38
0	15
0	1
0	3
0	1
0	10
0	0
0	0
962	6321
322	6369
175	5003
31	4352
0	0
1	181
12	144
2	200
12	268
14	69
0	260
0	366
5	578
82	667
46	227
0	8
9	63
0	0
0	0
0	0
0	0
0	0
0	0
0	0
0	0
0	0
0	0
0	0
0	0
0	0
0	0
0	0
0	0
0	0
15968	5164
69	1296
0	1472
0	804
0	376
0	469
5	288
0	1645
167	491
36	491
34	572
50	230
0	585
5	278
0	74
45	49
10	4
0	91
720	184
0	149
0	23
0	13
0	13
0	0
0	0
11	122
0	122
2	29
0	16
0	16
0	3
0	0
0	0
0	0
0	8
0	8
0	0
0	0
0	0
0	0
0	0
0	0
0	0
0	0
0	203
0	27
0	230
35	39
0	165
0	6
110	384
2	123
4	179
15	233
0	20
0	267
0	255
16	54
0	26
0	0
0	0
0	0
0	0
0	3
0	0
0	0
0	0
0	0
0	0
0	0
0	0
0	0
0	0
4	252
0	0
0	0
0	0
0	0
0	0
105	19
0	2
19	19
0	30
0	11
0	42
0	30
0	40
0	0
8	1431
0	1861
0	1875
259	2242
0	860
0	1867
0	1848
0	110
0	1807
0	1354
0	635
0	616
0	435
0	341
9	277
0	275
0	349
0	0
0	0
0	0
0	1112
25	1100
0	1062
0	1109
0	1105
0	1112
0	344
0	170
0	61
0	7
0	978
0	967
0	880
0	886
2	825
1	772
11	834
0	41
0	168
2	811
0	171
5	198
4	721
0	0
0	0
5793	1061
0	922
0	852
0	910
4	795
0	752
0	420
0	272
0	579
0	439
0	573
0	509
0	643
0	140
0	0
0	0
0	0
0	0
0	0
26	0
0	0
0	0
0	0
1368	646
4	196
0	0
1	11
5	175
6	158
15	572
0	0
31	985
0	992
9	189
0	992
3	314
28	228
0	198
8	311
0	198
0	0
0	0
0	0
0	0
0	0
7	529
29	1995
0	1698
0	62
0	1054
0	690
0	1341
26	533
0	1071
0	111
0	283
0	0
0	0
2472	0
0	0
0	1
4	1131
0	902
0	986
0	0
85	0
294	615
24	512
8	78
0	5
0	8
0	611
0	293
0	65
19	2
15	1167
693	1147
17	1026
0	380
0	1088
0	0
0	0
0	0
0	0
0	0
0	108
0	110
0	12
0	9
0	31
4	99
0	115
4	161
0	0
7	587
304	823
0	185
0	428
19	347
0	197
0	151
0	3
17	478
308	478
14	53
4	364
0	44
0	0
0	0
120	2
15	74
1	76
30	2
15	3
0	0
0	0
0	0
0	0
1103	66
0	66
0	0
0	0
0	0
0	0
0	0
0	0
0	0
0	0
0	0
0	0
0	0
0	0
0	0
0	0
0	0
0	0
0	0
0	0
0	0
0	0
0	0
0	0
0	0
0	0
0	0
0	0
0	0
0	0
0	0
0	4
4	4
0	0
0	0
0	0
0	0
0	0
0	0
0	0
0	0
0	0
0	0
0	0
0	0
0	0
0	0
0	0
0	0
0	0
0	0
0	0
0	0
0	0
0	0
0	0
0	0
0	0
0	0
0	0
0	0
0	0
0	0
0	60
0	54
0	46
0	0
0	0
0	0
0	0
0	0
0	0
0	0
0	0
0	0
0	0
0	0
0	0
0	0
0	0
0	0
0	0
0	0
0	0
0	0
0	0
0	0
0	0
0	0
0	0
0	0
0	0
0	0
0	0
0	24
0	24
0	77
0	2
0	4
0	73
0	1
0	0
0	0
0	0
0	0
0	0
0	0
0	0
0	0
0	0
0	0
0	0
0	0
0	0
0	0
0	0
0	0
0	0
0	0
0	0
0	0
0	0
0	0
0	0
0	0
0	0
0	0
0	0
0	55
0	6
0	0
0	0
0	0
0	0
0	0
0	0
0	11
0	13
0	125
0	122
1	69
0	9
8	19
0	2
0	31
0	12
0	0
0	0
0	0
4	14
0	12
2	0
0	0
0	0
0	0
0	0
0	0
0	0
0	0
0	4
0	0
0	0
0	0
0	0
0	0
0	0
0	0
0	0
0	0
0	0
0	0
0	0
0	0
0	0
0	0
0	0
0	0
0	0
0	0
0	0
0	0
0	0
0	0
0	0
0	0
0	0
0	0
0	0
0	0
0	0
0	0
0	0
0	0
0	0
0	505
1	510
0	6
0	529
2	585
0	513
0	672
0	14
0	679
0	538
0	6
16	697
4	220
0	313
0	89
0	318
0	0
0	0
0	0
0	0
0	0
0	0
0	0
0	0
0	0
0	0
0	0
0	0
0	0
0	0
0	0
0	0
0	0
0	0
0	0
0	0
0	0
0	0
0	0
0	0
0	0
0	0
0	4
0	0
0	0
0	0
0	0
0	0
0	0
0	0
0	0
0	0
0	0
0	0
0	0
0	0
0	0
0	0
0	0
0	0
0	0
0	0
0	0
0	0
0	0
0	0
0	0
0	0
0	0
0	0
0	0
0	0
0	0
0	0
0	0
0	0
0	0
0	0
0	0
0	0
0	0
0	0
0	0
0	0
0	0
0	0
0	0
0	1
0	11
0	0
0	0
0	33
0	0
0	27
0	8
0	0
0	0
0	0
0	0
0	0
0	0
0	0
0	0
0	0
0	0
0	0
0	0
0	0
1	45
0	0
0	0
0	8
0	0
0	0
0	0
0	0
0	0
0	0
0	0
0	0
0	0
0	0
0	0
0	0
0	0
0	67
0	67
14	0
0	0
0	1
0	0
0	0
0	0
0	0
0	0
0	21
0	0
0	45
0	0
0	0
0	0
0	32
0	0
0	21
0	0
0	0
0	0
0	0
0	0
0	0
0	0
0	11
0	0
0	0
0	0
0	0
0	0
0	0
0	0
0	0
0	0
0	0
0	31
0	0
5	0
0	0
0	0
0	12
0	0
0	0
0	0
21	114
0	69
0	0
0	24
13	67
0	28
0	2
0	0
0	0
0	0
0	0
0	0
0	11
2	29
0	0
0	0
0	0
0	0
0	0
0	0
0	0
0	0
0	0
0	0
0	0
0	0
0	0
0	0
0	0
0	0
0	0
0	0
0	0
0	0
0	0
0	0
0	0
0	0
0	0
0	0
0	0
0	0
0	0
0	0
0	0
0	0
0	0
0	0
0	0
0	0
0	0
0	0
0	0
0	0
0	0
0	0
0	0
0	54
108	58
41	0
0	0
0	0
3	5
0	0
0	0
0	1
0	1
0	7
0	0
0	0
0	0
0	0
0	1
0	0
0	0
0	1
1	91
1	61
0	1
0	0
0	0
0	0
0	0
0	0
0	0
0	0
0	0
0	0
0	0
0	0
0	0
0	36
0	0
0	0
0	0
0	0
0	0
0	0
0	0
0	0
0	0
0	0
23	35
0	0
0	0
91	53
0	0
0	0
0	0
0	0
0	0
0	31
0	7
0	45
0	0
0	0
0	0
0	4
0	0
0	0
0	3
0	0
0	0
0	0
0	0
0	0
0	0
0	0
0	4
0	0
41	0
0	0
31	24
0	0
0	0
0	0
0	2
6	12
0	7
0	0
0	0
0	0
39	9
10	5
0	1
0	0
6	0
0	0
0	0
0	0
0	0
0	194
0	1114
0	602
1	211
0	866
2	444
0	177
0	844
0	130
0	1044
0	172
0	1
1	97
0	4
0	766
0	310
0	633
0	224
0	9
0	236
0	32
0	0
0	4
0	0
0	0
0	0
0	0
0	0
0	0
0	0
0	0
0	0
0	0
0	0
0	50
0	0
0	0
0	0
0	0
0	0
0	0
0	8
0	0
0	0
0	0
0	0
0	0
0	448
0	23
0	0
0	0
0	0
0	0
0	1515
9	1193
0	1119
0	84
0	1180
1	1231
0	1020
0	1303
0	854
0	199
0	478
0	1414
0	95
0	1056
0	416
29	64
0	419
0	16
0	16
0	579
0	5
0	11
8	886
0	299
0	9
0	235
0	22
0	0
0	0
0	0
0	0
0	0
34	785
0	1583
0	860
0	1370
0	443
0	1380
0	452
0	1061
0	1399
0	1093
12	845
0	423
0	1316
0	1193
0	502
0	507
12	110
0	738
2	252
1	32
0	0
0	0
0	0
0	0
0	0
0	4
0	5
0	11
0	0
0	0
0	0
8	6
0	0
0	0
13	0
2	7
0	7
208	17
0	22
0	22
0	14
0	0
0	0
0	0
0	0
0	0
0	0
31	517
53	587
0	0
0	0
0	92
0	149
0	146
16	538
2322	0
0	0
0	0
0	0
0	0
0	455
0	83
0	34
0	279
12	225
0	455
4	390
24	360
0	2461
52	3342
0	3921
0	38
0	16
0	91
0	0
0	0
0	3235
0	0
0	250
0	3920
0	125
0	330
25	4083
0	3395
0	2524
5	3013
0	3342
0	7
0	131
0	0
0	0
0	0
0	0
0	0
0	0
0	0
0	0
0	0
0	0
0	0
0	0
0	0
0	0
0	0
0	0
0	0
403	57
0	26
3	56
0	6
0	3
42	0
0	0
0	0
0	0
0	0
0	0
0	0
0	0
0	0
0	0
0	0
0	0
0	0
0	0
0	0
0	0
0	0
0	0
0	0
0	0
0	0
0	0
0	0
0	0
0	0
0	0
0	0
0	0
0	0
0	0
0	0
0	0
0	0
0	0
0	0
0	0
0	0
0	0
0	0
1	18
19	33
0	0
23	5
9	28
0	0
0	0
407	0
0	0
0	0
0	0
0	0
0	0
0	0
0	0
0	0
0	0
0	0
0	0
0	0
0	0
0	0
0	0
0	0
0	0
0	0
0	0
0	0
0	0
5	812
1	383
3	266
4	694
4	710
3	230
6	84
0	50
0	48
0	25
0	13
0	31
0	0
0	0
30	142
91	142
0	0
2	129
51	219
31	99
0	21
155	32
0	46
0	0
0	3
0	0
0	0
0	0
0	112
0	35
0	16
0	119
0	37
0	13
0	9
0	5
0	6
0	0
0	0
0	0
0	0
0	0
0	0
84	2135
59	2134
64	2234
13	2202
15	890
9	439
0	415
16	59
0	0
0	0
0	0
0	0
0	0
0	0
0	0
0	0
0	0
0	0
0	0
0	0
0	0
0	0
0	0
0	0
0	0
0	0
0	0
0	0
0	0
0	0
0	0
0	0
0	0
0	0
0	0
0	0
0	0
0	0
2	11
0	1
0	2
0	1
0	10
0	3
0	2
0	4
0	0
0	0
0	0
0	0
0	0
0	0
0	0
0	0
0	0
0	0
0	0
0	0
0	0
0	0
0	0
0	0
0	0
0	0
0	0
0	0
168	0
0	0
515	168
0	124
0	46
0	0
167	106
0	38
0	115
0	78
0	77
0	0
0	0
1850	0
0	0
0	0
0	0
0	0
0	0
0	0
0	0
0	0
0	0
0	0
0	0
0	0
0	0
0	0
15	208
0	170
15	88
0	53
0	25
0	3
22	492
0	0
12	394
2	398
0	23
6	394
0	0
0	0
0	0
0	53
0	34
0	34
0	66
0	62
0	68
0	6
0	23
0	3
0	0
0	4
0	3
0	0
0	0
0	0
0	0
0	0
0	0
0	0
0	0
0	3
0	3
0	3
0	3
0	3
0	2
0	2
0	0
0	0
0	0
0	0
0	0
0	0
0	0
0	0
0	0
0	0
0	0
0	0
0	1
0	1
0	1415
3	1698
0	1949
0	1409
0	1415
0	1409
0	1949
0	0
0	376
0	250
2	154
0	1
0	22
0	118
34	348
0	1
0	0
0	0
0	0
0	0
0	0
0	0
0	0
0	0
0	0
0	0
1	0
0	0
247	569
0	468
0	434
0	432
0	491
10	181
0	385
0	362
0	438
0	444
0	15
0	459
0	464
0	466
0	443
0	336
0	390
0	352
0	404
0	360
0	24
0	26
0	7
0	147
0	1072
994	1072
0	0
0	0
0	0
0	0
0	1
0	0
0	0
0	0
0	0
0	715
80	636
0	101
0	570
0	102
0	37
0	586
0	567
0	51
0	38
0	29
24	531
2	91
0	50
0	49
0	148
0	56
0	3
0	1
0	0
0	95
0	0
0	46
0	63
0	49
0	137
0	56
0	87
0	8
0	0
0	0
0	0
0	0
0	0
0	0
0	0
0	0
0	0
0	0
0	0
0	0
0	0
0	0
0	0
3	3
0	1
0	1
0	2
0	1
0	0
0	0
0	0
0	0
0	0
0	0
0	0
0	0
0	0
0	0
0	4
6	4
0	0
0	4
0	0
0	0
0	0
0	0
0	0
0	0
0	0
0	0
0	0
0	0
0	0
0	0
0	0
0	0
0	0
0	0
0	0
0	0
0	0
0	0
5	0
0	0
0	0
0	0
0	0
0	0
0	0
0	0
0	0
0	0
0	0
0	0
7	0
0	0
0	0
0	0
0	2
0	7
0	14
0	36
2	36
0	2
0	0
0	0
0	0
0	0
0	0
0	0
1	68
9	56
0	27
4	42
0	19
0	44
282	3946
101	3467
90	2512
0	263
0	193
0	295
0	10
40	10
10	52
2	49
0	9
4	32
0	0
0	6
0	0
0	0
0	0
0	0
0	0
0	0
0	0
0	0
0	0
0	0
0	0
0	0
0	0
0	0
0	0
0	0
0	0
0	0
0	0
0	38
0	33
0	37
6	15
0	5
97	495
2	474
0	71
0	25586
0	25915
0	24831
0	23261
34	1155
20	1101
24	1163
243	12587
129	4842
0	1278
19	2216
0	0
4	8
6	285
340	285
0	0
0	0
0	0
0	0
0	0
0	0
0	0
0	35
0	36
0	194
0	42
0	41
0	35
0	36
0	194
0	0
0	0
0	8248
0	8670
0	8975
0	7907
0	160
0	1363
0	933
0	946
0	0
0	0
0	0
0	0
0	0
0	0
0	41
7	44
0	0
0	0
1317	616
0	326
29	547
5	254
2	255
0	22
0	64
0	15
0	13
0	23
0	5
0	0
0	0
0	0
0	0
0	0
0	0
0	0
0	0
402	301
4	208
0	30
14	77
35	2284
12	1905
35	970
7	2234
1	52
0	90
0	122
0	0
0	0
0	0
0	0
0	0
0	0
0	0
0	40
0	0
0	0
0	0
0	0
0	2006
4	2006
0	1869
0	603
0	14
0	2023
0	13
0	120
0	2010
0	81
0	1421
0	1493
0	0
0	72
0	45
0	91
0	1
0	7
0	14
0	0
0	0
0	0
0	0
0	0
0	0
0	0
0	0
0	0
0	0
0	0
0	0
0	0
0	0
0	0
0	0
0	0
0	0
0	0
0	0
0	0
0	0
0	0
0	0
0	0
0	0
0	0
0	0
0	0
0	0
0	0
0	0
0	0
0	0
0	0
0	0
0	0
0	0
0	0
2	86
0	0
0	0
0	0
0	0
0	0
0	0
0	0
0	0
262	186
0	58
1	174
0	20
0	39
0	49
0	0
1	0
0	0
0	0
0	0
0	0
1	0
0	0
0	0
0	0
0	0
0	0
0	0
0	0
0	0
0	0
0	0
0	0
0	0
0	0
0	0
0	0
3071	0
0	0
2	428
15	410
0	423
42	47
15	95
0	2
0	35
0	94
122	57
0	1950
0	426
0	2011
0	202
7	168
12	200
2	1820
2	1578
0	1574
17	3593
0	3589
0	3575
35	3447
119	273
0	0
0	69
0	104
0	536
24	270
0	282
0	226
0	96
0	8
0	19
0	0
0	0
0	0
0	0
0	0
0	0
0	1
0	1
0	0
0	0
0	0
0	0
0	0
0	0
0	0
0	0
0	0
0	0
0	0
0	0
0	0
0	0
0	0
0	0
0	0
0	0
0	0
0	0
0	5612
0	5308
3	5304
16	220
94	5608
0	0
0	0
0	0
0	0
0	0
0	0
0	0
0	0
0	0
0	0
0	0
0	0
0	0
0	0
15	88
0	76
0	18
0	12
0	0
112	0
0	0
0	0
0	0
0	0
0	0
0	0
0	0
0	0
0	0
0	0
0	0
0	436
0	278
0	395
41	1206
3	1145
94	985
0	149
0	236
7	179
0	5
0	17
0	37
0	1
0	0
0	0
0	0
0	0
0	0
0	0
0	0
0	0
0	0
0	0
0	0
0	0
0	0
0	0
0	0
0	0
0	0
0	0
0	0
0	0
0	0
0	0
87	7316
16	7027
7	7230
115	6886
0	592
2	150
0	315
0	65
3	240
0	1361
0	398
6	308
0	95
0	0
28	1240
0	1204
18	533
15	94
0	1163
1	1199
3	1127
34	1100
7	983
0	1038
2	124
0	875
0	746
0	27
0	329
0	82
0	221
0	121
0	104
0	58
0	96
0	13
0	49
0	45
0	58
0	50
0	59
0	33
0	34
1579	1878
0	114
11	1057
4	1057
0	0
0	0
0	0
0	0
0	0
0	0
0	0
0	0
0	0
0	0
0	0
0	0
0	0
0	0
121	1411
6	928
3	221
0	0
184	608
13	608
0	0
0	0
0	0
0	0
0	0
0	0
0	0
0	0
8	0
0	148
4	148
1	130
0	130
0	0
0	0
0	0
0	0
0	0
0	0
0	0
7	578
15	580
0	81
0	616
0	106
47	558
0	0
0	2
5	604
3	891
0	191
20	851
0	413
0	0
0	7
0	17
0	5
0	1
0	6
0	3
0	6
0	0
4	13
5	371
26	251
0	218
0	209
0	16
0	0
0	0
0	0
0	0
0	0
0	0
0	0
0	0
0	0
0	0
0	0
0	0
0	0
0	0
0	0
0	0
0	0
0	450
0	0
0	0
0	0
30	0
17	701
11	644
42	699
0	564
0	584
0	461
1	461
0	488
2	462
8	215
0	1
3750	8819
0	4083
0	3790
0	56
6	4146
0	0
293	299
0	299
2	297
0	0
0	0
0	0
0	0
0	0
0	0
4	122
0	122
1	122
23	11
0	0
0	0
0	0
0	0
8	63
0	63
0	63
0	0
0	0
0	0
3	41
0	3
0	41
13	65
97	65
0	0
0	0
0	0
71	0
0	0
0	0
58	1210
173	1186
0	0
0	0
0	0
0	0
0	0
0	0
0	0
0	0
0	0
0	0
0	113
0	187
1	189
0	17
0	5
0	86
0	123
0	6
112	23
0	45
0	39
0	11
0	13
0	6
0	11
0	21
0	23
0	0
0	45
0	0
0	10
0	28
0	0
0	0
0	0
0	0
0	0
0	0
0	0
0	273
0	260
0	35
0	29
0	35
0	88
0	4
0	0
0	18
0	22
0	12
0	0
0	0
0	0
0	0
0	0
0	1
0	0
0	0
0	268
0	268
0	271
0	268
0	126
84	245
0	253
1	240
0	163
0	11
0	17
0	23
0	0
0	7
0	22
0	22
0	25
0	22
0	10
0	0
0	9
0	5
0	0
0	13
0	13
0	4
0	0
0	0
0	0
0	0
0	0
0	0
0	0
0	0
0	13
56	0
0	16
0	4
0	1
40	18
0	0
0	0
41	96
33	94
0	90
72	90
0	3
3	13
0	20
97	29
0	0
0	0
0	0
0	0
0	0
0	0
0	0
0	0
3	553
0	0
0	1
0	1
0	8
0	7
0	0
0	0
18	138
0	0
0	0
0	0
0	87
15	255
4	194
17	73
0	7
373	0
0	3
0	210
70	210
0	203
0	122
0	19
0	19
0	5
0	6
0	1
0	0
0	0
0	0
0	0
0	1
0	0
0	0
2	265
17	298
0	298
0	7
0	0
0	0
0	0
0	720
0	718
0	5
6	72
10	76
0	75
0	45
0	4
0	9
0	7
0	4
0	0
1040	79
6	14
0	15
0	62
0	48
11	37
26	43
0	43
0	43
0	2
0	0
0	0
0	0
0	0
0	0
0	0
0	0
0	0
0	0
0	0
0	0
0	0
0	0
0	0
0	0
0	0
0	6
0	162
0	0
0	0
0	0
0	0
0	0
0	0
0	0
0	0
0	0
0	0
0	0
0	0
0	0
0	0
0	0
0	0
0	0
0	0
0	0
0	0
0	4
0	0
0	0
0	0
0	0
0	0
575	1
0	1
0	987
9	990
0	661
0	0
0	0
54	1475
187	2004
8	533
0	203
54	226
0	24
1872	260
0	170
0	28
0	73
0	17
0	0
14	230
36	230
0	76
0	7
0	0
0	0
0	0
0	0
0	0
9	153
0	122
0	130
2	86
0	44
0	1
0	20
0	0
0	0
0	0
7824	1097
29	623
0	487
0	0
0	0
267	1070
0	298
0	253
35	799
0	316
39	148
0	307
0	70
1134	307
0	307
0	89
0	139
0	19
0	19
0	15
0	7
0	14
0	15
0	13
0	2
0	0
0	0
0	0
0	0
0	0
0	0
0	0
0	0
0	0
0	0
0	0
0	0
0	0
0	1
0	11
0	26
0	23
53	30
0	0
0	3
0	1
63	40
0	19
0	2
0	19
0	0
0	0
0	0
0	19
0	0
0	0
0	0
0	0
0	0
0	0
0	0
0	0
0	0
0	0
0	0
0	0
0	0
0	0
0	0
0	0
0	0
0	0
0	0
0	0
0	0
0	0
0	0
0	0
0	0
0	0
2	15
0	30
4	607
0	578
0	155
0	620
0	15
0	25
0	136
0	16
0	0
0	0
0	0
196	1061
40	969
0	1040
0	3246
501	3246
27	0
0	0
0	0
0	0
0	0
0	0
0	0
0	0
0	0
0	0
0	0
0	0
10	14
0	35
2	50
0	45
0	0
109	221
0	26
0	12
0	21
0	20
0	68
0	216
0	215
0	0
3	17
0	55
0	33
0	0
2632	0
0	0
363	1214
0	112
0	0
14	1212
0	101
0	101
3	140
0	0
2	0
0	0
0	0
0	184
8	215
1657	121
7	37
0	0
0	237
0	80
0	93
1	279
0	115
0	274
0	117
0	10
0	10
0	0
0	0
0	0
0	0
0	0
0	0
0	0
0	0
0	0
0	0
0	0
0	0
0	0
0	0
0	0
0	0
0	0
0	0
2657	0
28	226
2	224
6	224
0	143
0	0
0	0
0	0
0	0
0	0
0	0
0	0
0	0
0	0
0	0
0	0
0	0
0	0
1146	171
0	143
0	44
0	0
0	94
0	28
0	0
35	0
0	0
0	0
0	0
0	0
0	0
0	0
0	0
0	0
0	0
0	0
0	0
0	0
0	0
0	0
0	0
0	0
0	0
0	0
0	0
0	0
0	0
0	0
1	0
0	0
45	3042
0	229
41	3041
61	2407
17	481
0	0
0	0
0	0
0	0
0	0
0	0
0	0
0	0
0	0
0	0
0	0
0	0
0	0
0	0
0	0
0	0
0	0
0	0
0	0
574	6
0	6
4	21
25	28
5	13
0	0
0	0
0	0
0	0
0	0
0	0
0	0
0	2424
0	2597
54	2597
196	860
0	0
0	2
0	74
0	87
4	589
0	29
0	180
0	170
14	202
0	18
8	545
0	520
0	0
0	454
1	1393
0	255
0	18
0	0
0	406
1	1230
0	170
0	211
0	145
0	173
0	76
0	249
0	42
0	105
0	0
0	0
0	4
26	406
0	402
0	48
0	7
0	0
0	0
0	0
0	0
0	0
0	0
0	0
0	0
0	0
0	0
0	0
0	0
0	0
0	0
0	0
0	0
0	0
0	0
0	0
0	0
0	0
0	0
0	0
0	0
0	0
0	0
0	0
0	0
0	0
0	0
0	0
0	0
0	0
0	14
0	0
0	0
0	397
9	2972
12	2809
0	53
0	304
0	0
0	0
0	0
0	0
0	0
0	0
0	0
0	0
0	0
0	0
0	0
0	0
0	0
0	0
0	6
0	0
0	0
0	0
0	0
0	0
0	0
0	0
0	0
0	0
0	0
0	0
0	0
0	0
0	0
0	0
0	0
2	474
65	1210
25	1138
6	83
352	60
0	0
0	14
0	46
19	941
0	993
0	230
0	17
0	164
0	0
3768	2918
0	1678
0	1652
6	1832
0	102
0	0
0	0
1	0
0	0
0	0
0	0
0	0
0	0
0	14
34	14
0	0
0	0
0	0
0	0
0	3
0	101
0	94
0	108
0	109
0	3
0	0
0	0
0	1
0	1
0	1
0	1
0	0
0	0
0	15109
0	1
0	10095
6	898
0	9889
0	15811
0	564
0	5480
0	7592
0	48
158	1540
80	18
0	0
0	0
0	516
17	524
2313	519
0	0
0	0
0	0
0	0
0	0
0	0
0	0
0	0
0	0
0	0
0	0
0	0
0	0
0	0
0	0
0	0
0	0
0	0
0	0
0	0
0	0
0	0
0	0
0	0
0	0
0	0
0	0
0	0
0	0
0	0
0	0
38	1640
0	1640
12	82
2	84
2	648
4	48
0	0
0	0
0	0
0	0
0	0
2	500
28	165
1	698
0	670
5	392
0	10
0	39
0	68
0	0
0	0
0	0
0	0
0	0
13	234
2	246
52	246
38	1122
522	1152
0	0
0	0
0	0
0	0
0	0
0	0
0	0
3838	601
0	125
1	173
0	513
5	46
0	0
0	0
18	73
9	70
0	3
0	597
0	607
13	613
19	581
12	86
0	54
0	115
0	24
0	71
0	85
0	0
0	0
0	0
0	6803
0	6914
187	6919
1	3077
5	2412
0	141
0	298
0	23
0	0
0	0
0	0
0	0
0	0
92	1602
12	1402
3	420
3	302
0	132
0	0
0	0
0	0
0	0
89	327
7	333
33	91
0	0
625	179
0	156
6	154
1	96
3	90
0	24
0	0
200	5
0	5
0	0
0	0
0	0
0	0
0	0
0	6
0	1
0	8
0	2
0	10
0	0
24	39
0	39
0	31
0	0
0	0
0	0
0	0
0	0
0	0
9	52
0	0
0	52
34	1979
21	1933
0	169
12	575
0	1
0	44
1951	0
6	0
0	167
305	260
78	1845
75	1832
0	0
40	79
0	77
130	79
11	89
0	3
8	8
0	9
0	124
9	124
0	62
0	44
0	48
0	8
21	76
0	76
19	536
121	540
2	253
2	681
4	636
0	82
0	0
0	53
0	3
0	11
0	9
0	0
3	1808
0	2025
5	2025
0	73
0	10
6	54
0	54
0	1678
0	1678
0	1668
0	317
0	0
0	0
0	10
0	1678
0	1044
0	10
8	317
19	357
90	188
0	87
0	88
90	1466
0	69
0	755
0	5
0	5
0	75
21	474
18	1334
33	499
0	47
0	1320
0	252
11	770
0	770
0	759
0	1
15	647
0	0
0	0
0	0
0	0
0	0
0	0
0	0
0	0
0	0
0	0
0	0
0	0
0	0
0	0
0	0
0	0
0	0
0	0
0	0
0	0
0	0
0	0
0	0
0	0
0	0
0	0
0	0
0	0
0	0
0	0
0	0
0	0
0	0
0	0
0	0
0	0
0	0
0	0
0	0
129	4933
0	4982
5	1956
62	1502
5	3912
1	4582
0	5
0	129
0	2308
0	0
0	0
0	0
0	0
0	0
0	0
0	0
0	0
0	0
1577	5
0	5
2	617
607	766
0	30
14	155
0	0
0	0
0	0
0	0
0	0
0	0
0	0
0	0
0	0
0	0
0	0
0	0
0	0
0	0
0	0
6	46
0	47
0	45
0	39
0	35
0	39
0	10
0	3
0	1
0	0
0	0
0	0
0	1
0	2
0	0
15	1
28	1
29	0
0	0
0	0
0	0
0	0
0	0
0	0
0	0
0	0
0	0
0	0
0	0
8	2
0	0
0	0
0	0
0	0
0	0
0	0
0	2
0	304
12	308
40	308
0	304
0	304
0	220
0	0
25	119
0	0
10	0
8	686
7	686
5	85
0	0
60	5
0	0
0	0
0	0
0	0
0	0
0	0
0	0
0	0
0	0
0	0
0	0
0	0
0	0
0	0
0	0
0	0
0	0
0	0
0	0
0	0
0	0
0	0
0	0
1	2
0	0
0	0
0	0
0	0
0	0
0	0
0	0
0	0
0	0
0	0
5	1823
0	2231
14	2069
0	0
0	97
2	1909
0	1972
0	1438
0	213
0	215
25	215
3	955
16	1420
0	106
0	143
0	78
0	18
0	228
0	18
935	0
0	0
469	92
1908	392
2	291
5	278
30	29
138	14
0	16
52	0
0	0
48	21
64	61
0	61
0	4
0	0
0	0
0	6
0	0
0	23
0	14
26	21
4	175
14	9
0	32
0	29
134	171
0	22
0	21
0	23
0	23
0	49
0	8
0	27
57	0
0	0
4	2514
4	3309
4	3466
1	546
0	4
0	89
0	4
0	291
0	17
0	3
0	10
2	636
314	774
0	315
18	6984
124	8010
103	8010
103	2
0	1
0	1
0	0
0	0
4	198
19	2123
0	2123
0	15
2	755
0	1903
7	880
0	497
45	1181
6	581
0	118
0	49
4046	430
0	430
0	0
0	14
14	334
9	117
0	301
0	94
0	313
0	7
0	95
1	289
0	290
4	312
0	6
0	156
0	58
0	13
0	0
0	0
0	0
11	221
383	341
11	126
0	0
0	0
0	0
0	0
0	0
0	0
0	0
0	0
0	0
0	0
0	0
0	1
0	0
0	0
0	0
0	0
0	0
0	0
0	0
0	0
0	0
0	0
0	0
0	0
34	0
2	123
0	8
0	89
0	92
0	41
0	64
0	0
0	0
1052	0
0	0
0	0
0	0
0	0
0	0
0	0
0	0
0	0
0	0
0	0
0	0
0	0
0	0
0	0
0	0
0	0
0	0
665	156
0	53
36	140
0	0
10	568
299	892
15	276
0	661
18	521
2	279
22	319
0	495
0	249
7	314
0	753
0	700
0	0
0	20
0	26
0	45
0	21
0	45
0	35
0	24
0	1
0	32
0	26
2	33
0	0
0	0
0	0
0	0
0	0
0	0
0	0
0	0
0	0
0	0
0	0
0	0
0	0
0	0
0	0
0	0
0	0
0	0
0	0
0	0
0	0
0	0
0	0
0	0
0	0
0	0
0	14
0	0
0	15
522	33
0	32
0	0
0	0
422	894
0	842
0	87
0	708
0	12
2	632
0	35
6	250
0	9
0	91
0	0
378	0
168	173
2	173
30	1
15	1
8	775
457	897
0	90
0	200
0	44
0	173
0	0
0	52
0	0
0	22
0	0
0	81
0	11
0	0
0	0
0	0
0	0
0	526
0	526
0	8
0	10
0	0
12	86
54	2526
122	2528
82	2321
37	1962
0	91
0	130
0	27
17	37
0	55
12	574
23	785
5	475
15	52
0	357
0	108
0	137
0	336
0	86
0	1
4	109
0	2
0	0
0	0
0	0
0	0
0	0
0	0
0	1
0	14
0	9
0	12
0	0
0	0
0	0
0	4296
0	4861
0	4900
21	4855
0	4295
0	1159
0	642
0	1077
12	1160
13	798
0	4335
0	1200
21	4288
0	4316
0	813
9	0
0	0
0	0
114	6831
3097	9794
0	0
0	0
16	5216
0	1419
0	0
0	0
0	0
0	0
0	0
0	0
0	0
2	7
0	7
0	3
0	0
0	0
45	14
0	11
0	11
0	14
0	4
0	0
0	0
0	0
0	0
0	0
0	0
0	2
1	8
0	6
0	0
0	0
0	0
104	3351
35	4568
14	13456
131	16285
0	4627
0	258
91	1927
0	1927
68	1123
49	535
1	480
0	62
0	3
0	42
0	33
0	0
0	0
350	168
0	107
11	128
0	14
0	9
0	17
0	0
0	0
78	2916
2	2854
3	2741
19	152
15	0
0	0
0	3520
53	2550
0	3021
209	1024
91	3463
0	804
40349	38
0	0
0	573
0	44
0	302
0	0
3	977
42	1233
0	902
0	1047
0	618
0	1129
0	0
0	1306
0	867
0	538
0	468
0	419
0	18
0	0
16	309
0	59
0	0
0	0
0	0
3	3639
0	3859
0	3784
6	3394
0	4061
0	3243
10	648
0	476
0	1198
13	304
0	350
78	981
20	772
161	1776
0	948
0	137
0	32
0	308
0	327
0	257
0	0
0	0
0	0
0	2
0	39
0	39
5	1342
0	40
19	1303
0	1416
0	305
0	415
0	226
1	1297
44	0
0	414
0	6
0	211
0	0
0	0
0	0
0	0
0	0
0	0
0	0
0	0
0	0
0	0
0	0
0	0
0	0
0	0
0	0
0	0
0	0
0	0
0	0
0	0
0	0
0	0
0	0
0	0
1	858
34	851
0	87
13	700
0	1
0	356
0	356
0	67
9	92
0	36
0	23
0	5
0	11
0	5
0	36
0	5
17	64
0	3
0	3
0	49
0	18
0	0
0	0
0	0
0	0
0	0
0	0
0	2
0	0
0	1
0	1
0	0
0	1
0	1
0	1
0	63
0	1
0	0
0	64
1	46
0	1
0	3
0	1
0	0
0	0
13	53
95	53
0	2
0	8
0	0
11	0
0	521
0	521
0	206
0	81
14	223
9	393
0	12
0	85
0	165
0	196
0	12
0	107
0	45
0	2
0	0
5	134
0	119
7	126
5	126
5250	30048
54	25662
34	10805
114	14666
0	202
0	0
4	1010
0	867
35	978
18	23
0	27
0	927
0	124
0	508
0	132
0	0
0	14
0	0
0	14
0	1
0	0
0	0
0	0
0	0
0	0
0	0
0	0
0	0
0	0
0	0
0	0
0	0
0	0
0	0
0	0
0	0
0	0
0	0
0	0
0	0
0	0
0	0
0	0
0	0
0	0
0	0
0	0
0	0
2	33
0	71
0	67
5	22
0	10
0	6
0	0
0	0
4	21
1	25
0	26
0	4
0	25
0	2
0	0
0	0
0	0
0	178
3	208
0	155
0	136
0	135
3	118
0	138
0	58
0	54
1	768
0	750
0	768
8	768
258	769
0	664
0	108
0	27
0	168
0	228
0	194
0	176
0	141
0	129
1246	772
8	585
0	325
5	145
0	0
75	598
0	270
0	461
0	708
0	750
4	517
0	534
0	202
3	521
4	506
0	274
6	767
0	545
0	242
0	73
0	261
0	22
0	15
10	47
0	2
0	60
0	225
0	209
5	216
0	8
0	2
23	0
0	7
0	0
0	0
0	0
0	64
0	64
9	29
0	48
0	42
0	40
0	17
3	751
2	749
12	337
0	75
0	668
0	9
0	35
0	0
0	457
0	670
0	676
0	673
0	669
5	619
0	672
0	622
0	32
0	127
0	186
0	99
0	26
0	15
0	0
0	0
445	772
77	430
0	48
0	294
2	522
0	178
18	24
0	0
0	0
0	0
0	0
0	0
0	0
0	0
0	0
0	0
0	0
0	0
0	0
0	2
0	59
0	14
0	87
0	6
0	49
0	58
0	0
0	22
182	438
107	661
26	371
0	183
0	13
114	3011
0	2398
70	2966
0	2672
0	57
0	0
0	54
0	0
16	90
51	226
0	159
0	4
0	442
0	416
0	401
0	427
0	427
0	26
0	44
0	37
0	0
799	134
111	691
13	597
0	611
0	541
4	259
0	457
0	298
5	306
10	299
2	314
0	216
0	99
0	51
0	6
0	0
0	0
0	0
0	0
0	0
0	0
0	0
0	0
639	471
31	473
0	22
0	263
8	345
8	336
0	2256
0	2391
0	2513
0	2473
6	335
0	2448
0	2476
22	2452
0	2708
0	2655
1	2082
0	534
0	37
0	11
0	758
6	10
0	226
0	544
0	647
0	413
0	603
0	347
1	561
0	258
0	277
0	0
0	0
0	0
0	0
0	0
0	0
0	0
0	0
0	0
0	0
0	0
0	0
0	0
0	0
0	0
0	0
0	0
0	0
0	0
0	0
0	0
0	0
0	0
0	0
0	0
0	0
0	0
0	0
0	0
0	0
0	0
0	0
0	2633
0	2633
5	1173
0	1815
0	361
0	155
0	0
0	69
0	0
0	72
23	844
0	318
0	232
8	218
0	12
0	0
0	66
0	129
0	169
0	169
0	48
31	158
0	0
842	351
128	339
0	19
0	0
143	327
16	115
9	86
35	38
29	189
3	115
248	115
23	7
26	1397
44	490
29	545
0	40
0	1218
0	35
0	177
0	0
0	3
6	83
0	17
0	31
2	83
0	1
0	9
4	56
0	5
0	38
0	7
0	8
0	38
0	0
0	0
0	0
0	45
0	972
5	1642
2	993
0	133
23	30
0	1346
15	949
13	1470
0	1519
0	946
0	50
2	473
0	166
0	954
0	15
0	1248
0	1279
17	111
13	196
0	0
0	0
923	1566
0	1566
0	366
0	0
0	0
0	0
10	11463
0	11029
0	323
0	4730
0	11385
0	11095
0	0
0	0
0	0
0	6046
0	0
0	0
22	10451
0	35
0	3
16	203
0	163
0	0
0	855
0	445
0	202
0	16
0	0
0	421
0	1314
0	327
0	154
0	2
0	3
0	0
14	373
14	15
0	0
64	1442
0	1345
1	1343
46	685
0	6
0	0
0	0
340	454
0	124
0	127
5	56
2	278
0	78
0	0
0	0
0	31
497	15861
12	7236
674	15830
4	6829
0	8909
0	1
0	5755
0	1803
0	1177
0	23
120	39
0	11
0	28
0	0
0	744
0	662
0	494
6	280
10	190
128	0
4117	797
0	379
19	642
0	347
0	0
125	741
0	21
0	94
0	695
126	104
485	551
20	235
12	170
41	106
3	103
0	153
10	171
2	170
0	129
5	109
0	0
0	66
0	47
0	19
0	2
1	490
0	476
0	490
0	0
0	21
0	0
0	0
0	0
0	0
0	0
0	0
0	0
0	0
0	0
0	0
0	0
0	0
0	0
0	88
460	0
3112	2326
0	160
0	80
0	0
0	0
2	2166
0	227
0	276
0	0
0	124
0	178
0	0
4	675
8	373
26	494
54	576
1	320
0	575
13	468
30	229
1	382
0	5
0	60
0	134
0	3
0	15
22	232
0	201
7	242
0	15
0	9
0	0
0	12
0	4
0	4
0	0
0	129
81	322
0	324
1	257
0	87
0	24
4	77
0	11
8	76
0	2
0	11
0	13
0	10
0	2
0	1
0	0
0	0
5	2399
0	487
3	2201
0	2342
0	2472
0	2292
0	1482
0	529
0	2095
13	157
0	736
0	2234
0	264
0	154
0	57
0	27
0	126
32	651
0	1
2	855
0	0
0	0
11	606
7	667
0	341
0	653
0	0
9	1
0	0
0	1
0	0
0	0
0	0
0	0
0	0
0	0
0	0
0	0
0	0
0	0
0	0
0	0
0	0
0	0
0	0
0	0
0	0
0	0
0	1
0	1
0	0
21	1
0	0
0	0
0	0
0	0
0	0
0	0
0	0
0	0
0	0
0	0
0	0
0	0
0	0
0	0
0	0
0	0
17	0
0	0
0	541
0	548
0	361
1	553
0	588
3	136
0	66
2	349
29	275
35	417
0	114
0	0
0	0
72	722
0	531
57	549
0	0
0	0
0	0
0	0
0	0
0	0
0	0
359	114
0	27
0	50
54	62
1623	1957
13	949
0	701
20	440
367	352
0	201
0	201
0	18
8	192
14	73
0	1
0	0
0	21
1	386
19	381
2	382
1	49
0	26
0	28
0	124
0	0
4	33850
6	35106
5	34025
840	9767
6	11186
0	4371
0	342
17	0
9	712
0	0
0	0
0	930
0	945
21	911
13	148
0	321
0	0
0	0
0	1
0	0
0	0
51	7
0	0
0	7
0	0
0	0
0	0
0	0
0	0
0	0
0	0
0	0
0	0
0	0
14	457
0	457
0	448
0	129
0	52
0	111
0	30
0	57
0	56
0	145
0	0
33	6
17	8
0	6
0	7
0	0
0	1
0	0
0	0
0	123
0	741
1	644
33	641
0	15
0	651
18	636
9	113
0	81
0	139
42	541
99	6938
0	121
4454	6817
0	0
0	0
0	0
0	0
0	0
0	0
0	0
0	0
0	0
0	0
0	0
0	0
0	0
0	0
0	0
0	0
0	0
0	0
0	0
0	0
0	0
0	0
0	0
0	0
0	0
0	0
2	2331
39	2252
26	1869
0	34
0	8
0	6
0	0
0	21
0	569
0	82
0	11
0	87
0	133
0	43
10	1159
0	137
2	1197
0	194
0	537
0	147
0	198
0	91
0	16
0	45
0	40
0	20
0	2
0	0
0	0
0	0
0	0
0	0
0	0
0	0
0	0
0	0
0	0
0	0
0	1
0	0
0	0
0	0
0	9
0	0
7	859
3	860
168	859
0	83
0	0
2	0
0	0
0	0
0	0
15	6259
0	575
685	6729
0	131
0	161
0	195
17	901
0	550
0	3624
49	3493
0	1992
0	643
1	285
0	289
0	57
0	289
0	273
0	286
0	8
0	9
0	33
0	1
0	40
11	26
126	202
3	167
0	12
0	12
0	0
0	1372
3	1379
6	1228
0	1176
0	1442
0	233
0	279
0	252
0	1
0	0
4	5334
32	5407
36	5329
0	604
40	30
0	669
57	160
0	0
0	0
0	0
0	0
0	185
41	209
0	0
0	29
0	0
0	0
0	0
0	0
0	0
1	2641
70	3876
2427	3877
5	73
0	26
0	409
372	409
0	82
0	0
0	0
0	0
0	0
0	0
0	0
7	287
0	711
0	616
0	585
0	285
3	118
0	95
0	113
1612	113
0	0
0	0
0	0
0	0
0	0
0	0
0	0
0	22
0	22
0	2
1	609
0	888
0	832
0	872
0	689
0	848
0	887
0	874
0	654
0	741
0	578
0	717
0	418
0	569
0	523
0	425
0	440
0	411
0	312
0	386
0	392
0	380
0	95
0	173
0	297
0	76
0	132
2	160
0	51
0	146
0	160
0	129
0	147
0	113
0	94
0	123
0	100
0	65
0	68
0	13
0	44
0	29
0	24
0	0
0	0
0	0
0	0
0	0
0	0
0	0
0	0
0	0
0	0
0	0
0	0
0	0
0	0
0	0
118	401541
0	1264
5	1688
0	461
0	1502
0	1112
0	461
0	18
3	38
0	20
16	365
12	2
0	0
0	2
0	2
0	0
0	971
7	958
0	1142
0	1259
0	1249
13	1246
1	1246
0	402
0	1004
0	29
0	6
0	235
0	66
0	0
0	92
0	1106
0	126
5	113
0	117
0	102
5	79
0	77
0	26
0	4
0	7
0	7
0	7
0	0
0	0
0	0
0	0
0	0
0	0
0	0
0	0
0	0
0	0
0	0
0	0
0	0
1172	120
54	120
0	0
36	355
0	380
0	1475
0	1447
0	268
0	230
0	114
0	118
0	75
0	13
0	3
148	36897
0	21564
311	27275
3	16125
19	32961
39	11797
11	15969
33	27322
60	1272
0	0
0	0
0	0
0	0
66	750
5	703
12	409
0	420
0	0
152	36
2	36
0	2
0	6686
1	5663
0	6510
7	6520
0	1877
0	292
0	739
0	952
0	442
0	0
0	0
0	0
0	0
0	0
0	858
239	1290
0	190
0	239
0	300
0	329
0	8
0	12
0	11
0	0
0	1
0	12
0	12
0	0
2	9
1	81
0	77
1	87
0	4
0	84
0	1
0	1
5	394
4	388
27	414
0	78
0	3
0	0
0	0
0	0
0	0
0	0
0	0
0	0
0	0
0	0
0	0
0	0
0	0
0	0
0	0
0	0
0	0
0	0
0	0
0	0
76	2061
4	1864
0	2066
0	84
0	0
0	470
73	2291
55	265
170	1829
0	100
0	218
0	214
0	0
166	344
0	50
3	110
0	8
0	7
0	0
0	0
0	0
0	0
0	0
0	19
0	80
1446	80
0	0
0	0
0	0
0	0
89	7
11	589
330	589
0	0
0	0
0	0
0	0
5	149
0	147
0	5
0	0
0	0
0	11
0	4
0	4
0	0
0	0
0	0
0	0
0	0
0	0
0	0
0	0
0	0
0	0
0	0
0	0
0	0
0	0
0	0
0	0
0	0
0	0
0	0
0	0
0	0
0	0
0	0
0	0
0	0
0	0
0	0
0	0
0	0
0	0
0	0
0	0
0	0
0	0
0	0
0	0
0	0
0	0
0	0
0	0
0	0
0	367
0	359
2	367
0	3
4	359
6	352
0	0
0	0
0	0
0	0
0	0
0	2002
0	2002
0	543
0	552
0	28
0	590
0	886
0	407
0	1
0	0
0	0
0	0
0	0
0	0
0	0
0	0
0	0
0	0
0	0
0	0
0	0
0	0
0	0
0	0
0	0
0	0
0	0
0	0
0	0
0	0
0	0
0	0
0	0
0	0
0	0
0	0
0	0
0	0
0	0
0	0
0	0
0	0
0	0
0	0
0	0
0	0
0	0
0	0
0	0
0	0
0	0
0	0
0	0
0	0
0	0
0	0
0	0
0	0
0	0
0	0
0	0
0	0
0	0
0	0
0	0
0	0
0	0
0	0
0	0
0	0
197	1547
13	1448
0	942
4	1344
0	105
0	6
0	30
0	29
0	0
0	26
0	0
191	579
5	277
0	17
0	168
0	136
0	0
0	599
0	599
0	0
0	0
0	0
0	1586
3	1587
2	892
0	2
0	2
0	0
0	0
0	0
0	0
0	0
512	76
0	76
0	0
0	0
0	0
0	0
0	0
0	0
0	0
0	0
0	0
0	0
0	9
27	46
0	45
0	0
0	0
0	0
0	0
0	0
0	0
0	0
192	134
1	134
1	601
11	599
33	595
12	247
0	14
0	156
6	110
53	37
12	102
1	109
2	0
109	1458
0	492
16	231
0	116
0	296
0	235
0	1275
2	263
0	270
0	167
73	374
19	578
175	12
26	12
8	874
0	3258
19	3210
0	1690
8	2032
3	3097
7	1018
0	2216
0	4
0	8
0	8
5773	2108
6	2007
0	40
0	139
0	102
0	0
0	0
0	0
0	0
0	0
0	0
0	0
0	0
0	0
0	0
0	0
0	0
0	0
0	0
0	0
0	0
0	0
0	0
3	80
0	131
0	112
0	66
0	7
0	0
0	0
0	0
0	109
37	277
0	168
65	2
0	0
0	73
9	87
0	75
0	8
0	8
0	6
0	1
0	6
0	81
0	0
0	0
0	0
0	0
0	0
0	0
0	0
0	0
0	0
0	0
0	0
0	0
0	0
0	0
0	0
0	0
5	503
5	519
14	538
0	112
0	34
0	2
0	67
0	1
0	1
0	3
0	1
0	1
0	2
0	2
0	0
13	14
0	10
0	187
33	0
7	854
0	2001
0	2399
0	2109
0	1396
0	1947
0	1183
7	475
8	202
0	664
5	663
0	0
0	0
21	0
0	843
60	779
121	953
60	408
0	488
19	354
1	42
0	56
7	56
0	0
7	22
160	2934
1966	2938
22	2310
53	609
0	667
2039	937
0	357
0	76
0	282
0	82
0	0
0	0
0	0
0	0
4	873
42	1614
54	1447
4	1277
0	828
4	277
0	171
2	163
0	0
0	0
0	0
0	0
0	0
0	0
0	0
0	0
0	0
0	0
0	0
0	0
0	0
0	0
0	0
0	0
0	0
0	0
0	0
0	0
0	0
0	0
0	0
0	0
0	0
0	0
0	0
0	0
0	0
0	0
0	0
0	0
0	0
0	0
0	0
10	41
0	14
0	24
3	42
0	47
0	36
0	20
0	14
0	0
0	0
0	0
0	28
0	29
0	28
0	28
0	24
0	27
1	28
0	4
0	2
0	0
0	1
0	1
0	2
0	9
0	0
0	3
0	1
0	0
0	1
0	2
0	1
0	2
0	0
0	0
2	9
0	2
7	7
0	0
0	0
0	6
0	6
0	0
0	0
0	1
0	0
5	104
4	44
2	64
0	25
0	0
0	0
210	26
0	26
20	705
0	39
10	705
44	575
23	0
8	1005
0	733
6	683
0	39
5	362
0	71
0	25
0	63
0	807
8	479
0	472
0	411
4	374
0	51
6	180
0	162
0	0
13	1526
0	179
24	538
0	384
29	419
1	433
0	581
16	131
0	242
0	757
15	257
1	143
0	278
0	0
0	0
0	0
0	0
0	0
0	0
0	0
0	0
0	0
0	0
0	0
0	0
0	0
0	0
0	0
0	0
0	0
0	0
0	0
0	0
0	0
44	155
192	505
0	9
0	56
0	17
0	20
5	95
35	190
93	673
15	673
0	2
5	423
0	131
0	141
0	59
0	0
767	0
0	91
36	272
0	1
5	237
0	213
0	234
141	0
0	48
1	48
12	0
0	0
0	0
0	0
792	4900
9	4900
0	0
0	0
0	0
0	0
0	0
0	0
0	0
0	0
0	0
0	0
0	0
230	2207
0	2207
269	0
0	0
0	0
75	0
0	5
1	22
0	4
0	1
0	0
0	0
0	0
0	18
0	39
0	36
0	5
60	0
0	0
10	8
0	8
0	0
0	0
0	0
0	0
0	0
0	585
5	585
0	560
3	457
2	394
0	590
0	656
0	141
0	82
0	36
0	8
0	18
0	90
2	112
0	0
49	71
0	16
0	0
254	0
0	181
4	269
55	340
0	26
0	71
3	125
0	79
0	93
10	13
0	54
0	31
0	29
0	1
9	17
288	1
36	1
78	519
0	177
0	131
18	22
0	211
0	153
0	153
5	217
65	357
0	317
0	13
0	138
0	0
0	0
20	159
23	122
2	132
2	2966
34	1771
20	1782
0	237
0	161
0	0
13	1235
0	0
0	0
0	0
13	2103
0	239
0	322
0	0
1	2937
0	228
0	0
0	0
9	2336
0	1194
0	818
0	967
62	380
2097	420
0	384
0	944
0	435
0	1541
0	131
8	861
7	176
5	115
2	143
0	0
0	207
0	0
0	0
15	298
0	0
0	0
0	0
21	384
0	0
0	428
0	0
0	433
0	0
0	0
0	0
0	30
0	0
0	31
0	0
10	28
20	12
0	1
0	0
0	0
0	0
0	0
0	0
0	0
0	0
0	0
0	0
0	0
0	0
0	0
0	0
0	0
0	0
0	0
0	0
0	0
1	58
0	0
0	3
0	0
0	0
0	0
0	0
0	0
0	0
0	0
0	0
0	0
0	0
0	0
0	0
0	32
0	266
0	498
0	537
0	527
0	214
2	585
0	196
0	565
6	564
0	248
0	36
0	362
0	237
0	562
0	60
0	39
0	0
0	0
0	51
0	51
0	31
0	0
0	7
0	0
0	0
0	0
0	0
0	0
0	0
0	0
0	0
0	0
0	0
0	452
28	7602
0	7578
107	2516
123	1794
0	455
0	49
38	189
0	403
0	41
0	29
0	0
0	0
14	44
1521	1694
15	460
38	242
0	2
53	497
0	453
4	41
0	0
0	41
0	0
0	4
16	3564
297	3714
74	1303
15	95
25	211
0	0
2	348
7	85
0	85
10	348
0	49
0	14
0	0
0	0
0	0
0	0
0	0
0	0
0	0
0	0
0	0
0	0
0	0
0	0
0	0
0	0
0	0
0	0
0	0
0	0
0	0
0	0
0	0
0	0
0	0
0	0
0	0
0	0
0	0
0	0
0	0
0	0
0	0
0	0
0	0
0	136
181	4133
0	0
24	4019
0	332
0	563
18	1065
0	403
0	5
43	45
111	1459
0	182
0	0
0	269
8	961
0	3248
8	3091
1	2692
0	1887
3	250
13	484
0	16
28	619
0	53
0	0
0	0
0	16
0	0
0	0
0	0
0	0
0	0
0	0
0	0
0	0
0	332
169	2963
0	2836
0	484
0	2
25	399
0	172
0	0
0	0
0	0
0	0
0	0
0	0
0	0
0	0
0	0
0	0
0	0
0	0
0	0
0	0
0	0
0	0
0	0
0	0
0	0
0	0
0	0
0	0
0	0
0	0
0	0
0	0
0	0
0	0
0	0
0	0
0	0
0	0
0	0
0	0
0	0
0	0
0	0
0	0
0	0
0	0
0	0
0	0
0	0
0	0
0	0
0	0
0	0
0	0
0	0
0	0
0	0
0	0
0	0
0	0
0	0
0	0
0	0
0	0
0	0
0	0
0	0
0	0
0	0
0	0
0	0
0	0
0	0
0	0
0	0
0	0
0	0
0	0
0	0
0	0
0	0
0	0
0	0
0	0
0	0
73	551
0	17
0	32
0	551
0	1
0	80
0	0
0	0
0	0
0	0
0	0
0	0
0	0
0	0
0	0
0	0
0	0
0	0
0	10
0	10
3	10
0	0
16	1655
0	3
0	0
0	12
0	23
15	1656
0	0
0	6
0	0
0	38
0	81
0	11
10	99
0	0
0	0
274	8148
26	3463
13	1740
11	4115
0	2120
0	977
11	873
0	794
4	652
0	0
0	0
10	71
0	70
5	55
0	21
0	1
0	2949
0	3093
0	700
0	579
59	3030
0	618
0	194
6	73
0	0
0	11
0	385
0	269
9	54
0	12
0	12
0	91
15	151
0	0
0	0
0	69
17	20
0	69
1	177
0	169
0	170
0	169
0	121
0	105
0	84
10	76
0	63
0	8
0	36
0	28
0	25
0	28
0	75
0	69
0	55
0	15
0	12
90	104
3	90
0	43
0	8
0	4
0	0
0	0
0	0
11	2753
9	727
86	656
12	2591
6	671
0	61
9	602
8	243
75	474
12	321
1	250
18	344
9	2608
4	1171
0	152
0	922
0	817
0	820
0	817
0	839
0	940
0	802
0	923
0	2545
0	2668
12	921
13	73
0	175
0	111
0	25
0	8
0	0
0	0
0	0
0	0
17	0
0	0
6	0
0	0
0	0
0	0
0	0
0	0
0	0
0	0
0	0
0	0
0	0
0	0
0	0
0	0
0	0
0	0
0	0
0	0
0	0
0	0
0	0
0	0
0	0
0	0
0	0
0	0
0	0
0	0
0	0
0	0
0	0
0	0
0	0
9	1646
0	1656
119	152
0	110
0	0
0	0
0	0
0	0
0	0
0	0
0	0
0	0
0	0
0	0
0	0
0	0
0	0
0	0
0	0
0	0
0	0
0	0
0	0
0	0
555	118
0	41
3	52
0	51
15	51
9	2215
13	1704
0	0
0	0
14	1987
0	2
0	1830
11	1042
0	307
24	307
446	0
0	0
0	4
0	9
1	21
0	21
0	21
0	4
0	0
0	0
0	0
0	0
0	0
0	0
0	0
0	0
0	0
0	0
0	0
0	0
0	0
0	0
0	0
0	0
0	0
0	0
0	0
0	0
0	0
0	0
0	0
0	0
0	0
0	0
0	0
0	0
0	0
0	0
0	0
0	0
0	0
0	0
0	0
0	1381
0	1115
0	1760
0	2636
0	2388
0	595
0	1235
0	1093
0	2714
0	1222
0	1663
0	2598
0	2801
5	1317
0	1227
3	1071
0	1216
0	0
0	0
0	0
0	0
0	0
0	0
0	0
0	0
0	0
0	0
0	0
0	0
0	0
0	0
0	0
0	0
0	0
0	0
0	0
0	0
0	0
0	0
0	0
0	0
0	0
0	0
0	0
0	0
1	0
0	0
142	1011
19	1007
4	1007
15	73
0	73
13	76
0	0
0	0
0	332
0	285
0	59
0	100
10	8
0	0
0	0
0	0
0	0
0	0
0	0
0	0
0	7387
118	7387
0	7427
0	346
0	0
1593	643
0	239
0	139
0	102
0	205
0	17
0	0
0	25
13	181
0	21
0	109
0	136
0	102
0	104
4	41
0	145
0	19
0	5
0	5
0	32
0	6
0	0
0	0
229	1808
2	943
24	1812
0	879
6	414
12	937
75	776
0	16
0	194
3	920
348	2353
32	1428
0	28
30	1238
10	386
0	827
2	515
17	138
0	0
0	4
0	0
0	0
866	500
0	0
101	372
0	336
0	0
0	0
0	0
0	0
0	0
0	0
0	0
0	0
18	2063
0	2347
103	95
0	211
5	2217
18	427
12	2222
10	2168
3	2279
0	23
35	92
0	236
0	0
0	0
0	0
15	0
0	0
0	867
0	58
29	701
0	811
0	26
0	82
0	24
0	0
0	0
0	192
1	225
0	161
0	104
0	50
0	10
0	18
0	0
5	1622
1	1309
4	1053
19	331
0	61
3	164
0	0
0	0
0	0
0	0
0	0
0	0
0	0
0	0
0	0
0	0
0	0
0	0
257	351
0	240
16	210
0	0
0	139
0	13
0	0
0	1
0	0
0	0
0	1
0	0
0	0
0	0
0	0
0	0
0	2
0	0
0	0
0	0
0	0
72	79
0	18
0	5
0	0
0	84
0	44
0	10
0	2
0	0
0	0
0	107
0	0
0	138
0	48
0	9
0	3
0	0
0	0
0	0
0	0
0	0
0	0
0	0
0	0
0	0
0	0
0	0
0	0
0	0
0	0
0	0
0	0
0	0
0	0
0	0
0	0
0	0
0	0
0	0
0	0
0	0
0	0
396	825
0	461
47	545
11	178
0	29
0	29
30	31
0	123
0	12
0	17
0	0
0	0
0	0
0	0
0	0
0	0
0	0
0	0
0	0
0	0
0	0
0	0
85	9040
0	8557
0	8557
78	7456
28	6458
0	5230
0	2364
0	2176
0	1593
0	1345
12	1183
0	611
0	1078
0	1065
8	978
0	865
0	827
0	820
0	807
0	582
0	469
0	467
0	438
0	377
0	199
65	108
0	76
0	0
0	0
0	0
0	0
0	0
8	25
0	11
0	3
0	16
0	13
0	694
149	689
0	327
0	71
485	251
11	68
16	81
13	0
19	668
0	80
3	234
0	341
0	668
0	154
0	59
0	301
20	73
28	148
0	135
0	137
0	140
0	134
0	139
0	145
2	146
0	77
1	26
0	0
0	0
0	21
0	11
0	5
0	0
0	0
0	0
0	0
0	0
0	0
0	0
0	0
0	0
0	0
0	0
0	0
0	0
0	0
0	0
0	0
0	0
0	0
0	0
0	0
0	0
0	151
0	158
4	73
0	0
0	134
23	158
0	104
0	52
6	41
32	230
10	230
0	26
0	0
0	0
1	0
0	0
0	0
0	0
0	0
0	0
0	0
0	144
18	238
7	238
11	27
0	37
0	33
0	0
0	0
0	0
0	0
0	0
0	0
0	0
13	283
6	513
19	656
9	562
0	67
0	0
15	6
0	6
3	1309
45	1319
0	1368
50	459
6	678
0	0
0	0
0	0
0	0
0	0
0	0
19	272
15	272
0	66
0	60
0	32
0	27
0	0
0	1
0	0
0	0
0	0
0	4
65	5
5	1232
0	8132
0	682
0	150
0	8132
0	7026
0	1541
12	4244
0	1588
0	685
0	1268
0	15
0	0
0	0
0	0
0	0
0	0
0	0
0	0
0	0
3	4
0	0
0	1
0	3
0	0
0	0
0	0
334	124
0	44
0	83
0	6
0	21
0	0
0	0
0	0
0	0
0	0
0	0
0	0
0	0
0	0
0	0
0	0
0	0
19	4
0	4
11	38
0	15
0	10
0	0
0	0
0	12
0	12
0	1
0	23
0	27
0	32
0	33
0	11
0	25
0	0
0	2
0	32
0	12
0	0
0	0
0	11
0	0
0	0
0	0
0	0
0	0
29	0
0	1
0	0
298	38
0	1
0	32
0	5
0	0
0	0
0	0
0	0
1037	0
0	0
0	0
0	0
0	0
0	0
0	0
0	0
0	0
0	0
0	0
0	0
0	0
0	0
0	0
0	0
0	0
0	0
0	0
0	0
0	0
0	0
0	0
0	0
0	0
0	0
0	0
0	0
0	0
0	0
0	0
0	0
0	0
0	0
0	0
0	0
0	0
0	0
0	0
0	0
0	0
0	0
0	0
0	0
0	0
0	7
0	0
0	0
0	0
0	0
0	0
0	0
0	0
0	0
0	0
0	0
0	0
0	0
0	0
15	0
0	0
0	0
0	0
0	0
0	0
0	833
24	40
0	763
0	848
0	39
0	14
0	31
0	15
0	833
0	32
0	0
0	2
0	2
0	0
0	84
0	6
0	44
0	0
0	4
0	0
606	130
0	43
0	61
0	67
0	57
0	0
0	0
0	0
0	0
0	0
0	0
0	0
0	0
0	0
0	0
0	0
0	0
101	1721
212	1179
0	694
18	1156
0	166
7	919
0	943
0	208
29	1236
4	1098
9	1053
0	204
0	8
49	859
0	59
0	483
0	791
0	127
11	770
0	207
0	145
643	465
0	73
0	116
0	149
20	86
0	103
0	0
0	82
0	35
2	130
0	0
0	0
0	0
0	0
0	0
0	0
0	0
0	0
0	0
0	0
0	0
0	0
0	0
0	0
2661	1880
1	1213
0	261
2	1515
0	397
0	476
0	14
0	0
0	0
0	0
0	0
0	0
0	0
0	0
0	0
0	0
0	0
0	0
0	0
0	0
0	0
0	0
0	0
0	0
0	0
119	27
33	27
0	16
0	317
0	0
0	0
0	0
0	0
0	0
0	0
0	0
0	0
0	0
0	0
0	0
0	0
0	0
0	0
0	0
191	0
0	82
0	0
0	0
0	47
0	85
0	83
1	92
0	104
0	0
0	45
4	62
0	59
0	100
1	118
0	5
0	8
0	5
0	0
0	0
6	1
0	1
0	1207
0	879
2	1073
47	852
0	717
0	4
0	543
0	59
0	6
0	23
0	417
0	439
0	64
0	4
0	37
0	43
0	28
0	25
0	18
0	3
0	0
19	7
0	6
0	2
0	0
0	0
0	0
0	0
0	0
0	0
0	0
0	0
15	371
0	371
0	0
0	0
0	0
0	0
0	0
0	0
0	0
0	0
0	0
0	0
0	0
0	0
0	0
0	0
0	0
0	0
0	0
0	0
0	0
0	0
0	0
0	0
0	0
0	0
0	0
0	0
0	0
0	0
0	0
0	0
0	0
0	0
0	0
2346	678
34	618
0	60
0	0
0	0
0	0
0	0
0	0
0	0
0	0
0	0
0	0
0	0
0	0
0	0
0	0
0	0
92	305
0	18
7	115
20	236
0	0
0	0
0	1158
0	1135
0	1174
0	1172
0	1191
0	1215
0	1199
0	1012
0	1156
0	1141
2	1001
0	452
0	72
0	0
0	0
0	0
0	1
0	1
12	1
0	1
0	1
2	74
63	825
24	825
0	37
0	11
0	22
0	0
4	4712
0	4984
0	5118
46	3094
0	406
3	859
0	597
0	866
66	373
12	994
13	976
17	883
0	405
0	0
10	983
6	991
0	863
6	990
0	520
0	342
2	184
0	199
0	0
0	0
0	0
0	0
0	0
0	0
0	0
0	0
0	0
0	0
0	0
0	0
0	0
0	0
0	0
0	0
0	0
0	0
0	0
0	854
3	919
7	1033
0	0
26	143
0	930
88	389
0	0
0	58
0	0
0	0
0	0
0	0
0	0
0	0
0	0
0	0
0	0
0	0
0	0
0	0
0	0
0	0
0	0
0	0
0	2
0	2
0	2
0	2
0	1
0	1
0	1
0	0
0	0
0	0
0	0
0	0
0	0
0	0
0	0
0	410
134	375
351	2868
0	11
0	80
0	83
0	1683
1	2629
0	2981
0	534
0	882
0	898
0	71
3	464
0	85
0	572
2	1758
0	1964
5	1449
0	35
0	157
0	17
0	149
0	0
0	0
0	0
0	0
0	0
0	0
0	0
0	0
0	0
0	0
0	0
0	0
0	0
0	0
0	0
0	0
0	0
0	0
0	0
0	0
0	0
0	0
0	0
0	0
0	0
4	11144
0	0
0	0
0	0
0	0
0	0
0	5
0	0
106	40
0	0
0	0
0	0
0	11
0	0
0	0
0	0
0	29
2	45
0	45
0	40
0	16
0	2
0	0
0	5
0	2
0	0
0	1
0	0
0	0
0	0
0	0
0	0
0	0
0	23
0	0
0	0
0	0
0	0
0	0
0	0
0	0
85	0
510	357
0	350
5	109
7	50
0	0
0	0
0	0
0	0
0	0
0	0
0	0
0	0
2	478
0	371
0	151
76	184
0	125
1	365
0	58
0	0
0	0
0	0
0	0
0	0
0	0
0	1
0	0
0	0
0	4
0	112
0	119
0	129
0	128
0	112
0	119
0	109
0	82
0	0
0	0
0	0
0	0
0	0
0	0
14	0
90	51
12	31
0	16
0	17
0	13
0	0
0	0
12	1426
0	25
0	992
0	119
17	1499
0	1475
0	747
0	952
0	146
0	162
0	1443
0	937
0	285
0	361
0	701
0	124
0	111
0	1438
0	147
0	153
0	10
0	39
0	0
0	6
0	0
0	16
0	0
0	0
0	0
0	0
0	465
0	469
0	437
0	458
0	330
5	223
2	246
0	458
0	33
0	23
0	0
0	0
0	0
24409	540
0	540
0	0
0	0
0	0
0	0
0	0
1	120
0	0
0	0
0	0
0	310
16	300
1	242
0	25
0	12
0	42
487	156
20	7
14	6
0	0
0	9
0	3
0	0
0	0
0	0
0	19
0	21
0	28
31	37
0	9
0	10
0	9
0	20
0	0
0	0
0	2
0	0
0	0
0	0
0	0
0	0
3	142
21	0
0	3658
10	3889
0	3963
0	453
0	206
0	290
0	392
14	300
10	178
0	306
0	275
0	228
0	147
0	89
0	14
0	9
0	14
0	0
0	0
0	0
0	0
0	0
0	0
0	0
0	0
0	0
0	0
0	0
0	0
0	0
0	0
0	0
0	0
0	0
0	0
0	0
0	0
0	0
0	0
0	0
0	0
0	0
0	0
0	0
0	0
0	0
0	0
0	0
0	0
0	0
0	0
0	0
0	0
0	0
0	0
0	0
0	0
0	0
0	0
0	0
0	0
0	0
0	0
0	0
0	0
0	0
0	0
0	0
0	0
0	0
0	0
0	0
0	0
1	7
0	7
0	1178
1	1352
0	1359
0	1337
0	1221
0	1328
0	1188
18	1046
6	112
0	9
0	0
0	0
0	0
0	0
0	180
0	555
0	24
0	7
0	79
7	132
0	110
13	360
0	9
0	44
0	113
0	233
0	5
6	604
0	40
0	592
0	86
0	95
0	427
0	468
0	113
4	245
0	212
0	181
0	729
0	425
0	54
0	410
0	19
0	74
0	123
0	50
0	207
0	379
0	69
0	63
0	70
0	74
0	55
1	515
10	297
0	638
29	147
9	176
0	55
4	601
0	60
0	356
0	0
0	0
12	0
0	0
0	0
0	0
0	1283
0	45
47	1294
0	1375
18	1341
0	176
0	0
0	105
4	99
0	0
36	1
18	1
0	0
0	0
0	0
0	0
0	0
0	0
0	0
0	0
0	0
0	0
0	0
0	0
0	0
571	3037
0	0
0	0
0	0
0	0
0	0
0	0
0	0
0	0
0	0
0	0
0	0
0	0
0	0
0	0
0	0
0	0
0	0
0	0
0	0
0	0
0	0
0	0
0	0
0	11
17	18
0	76
6	64
0	66
2	15
0	21
0	9
0	0
0	0
0	0
0	0
0	0
0	0
0	0
0	0
87	281
0	262
0	38
0	0
0	0
2	666
13	661
0	296
0	435
0	655
48	51
0	25
15	38
0	0
0	0
0	1
0	0
5	90
0	40
0	1014
91	932
0	143
15	29
60	90
15	0
0	0
0	0
0	0
0	0
0	2
0	0
12	146
11	123
0	0
0	0
0	0
1	62
0	0
0	5
0	0
0	0
0	0
0	0
0	0
0	0
0	0
0	0
0	0
0	0
0	0
0	0
0	0
0	0
0	0
0	0
0	0
0	0
0	0
0	0
0	0
0	0
0	0
0	0
0	0
0	0
0	0
84	79
0	35
2	84
74	82
0	0
0	77
0	0
173	41
0	41
0	33
0	35
0	2
0	0
0	0
0	0
0	0
0	0
0	0
0	0
0	0
0	0
0	0
0	0
0	0
0	0
0	0
2486	26
0	0
0	0
0	0
0	0
0	0
0	0
0	0
0	0
0	0
0	0
0	0
0	0
0	0
400	0
0	0
0	0
0	0
0	0
0	0
0	0
0	0
0	0
0	0
0	0
0	0
0	11393
2	11415
69	11369
8	11375
396	11183
0	2588
0	2203
0	0
36	0
0	6
0	4
19	7
0	0
0	0
0	0
0	0
0	0
0	13
0	13
0	13
0	13
0	3
0	0
9	157
0	1
0	21
0	156
0	0
0	0
0	0
17	232
0	232
0	8
0	6
14	6
0	0
0	0
0	0
0	0
0	0
0	0
1	1
0	0
0	0
0	0
0	0
0	0
0	0
1	0
0	0
0	0
0	0
0	0
0	1
0	0
0	0
0	0
27	17
0	15
0	2
0	1
0	0
0	0
0	0
0	0
0	0
0	0
0	0
0	0
0	0
0	0
0	0
0	0
81	650
341	650
0	40
0	76
0	4
0	18
0	160
0	136
0	86
0	7
0	8
0	2
0	34
110	3
0	3
44	101
808	476
13	378
0	1
0	0
0	2
0	0
0	0
0	0
0	0
0	0
0	0
0	0
0	0
0	0
0	0
0	0
0	0
0	0
0	0
0	0
0	0
0	0
0	0
0	0
0	0
0	0
0	0
2	32
0	32
0	3
0	0
0	0
0	0
45	507
2	544
0	371
0	12
0	24
0	1
21	41
3	9
8	0
213	948
0	920
0	315
0	259
0	26
9	22
0	2
0	155
0	163
0	63
1	116
20	0
46	49
0	22
9	10
0	24
9	104
0	63
0	24
0	0
4	11
0	0
0	2587
0	2909
0	2738
0	2263
0	3176
0	3109
0	363
0	15
6	235
19	857
0	0
0	0
0	0
0	267
0	272
0	289
0	257
0	13
0	11
0	0
0	8
0	6
0	0
0	56
0	0
0	0
0	0
0	0
0	0
0	0
0	0
0	0
0	0
0	0
0	0
0	0
0	0
0	0
0	0
0	0
0	0
0	0
0	0
0	0
0	0
0	0
0	0
0	0
0	0
0	0
0	0
0	0
0	0
0	0
0	0
0	0
0	0
0	27
0	20
0	1
0	88
0	32
0	0
0	0
0	0
0	0
0	0
0	0
0	125
0	55
0	8
0	0
0	0
0	0
0	0
0	0
0	0
0	0
12	27
0	0
0	0
14	57
0	1
0	14
0	10
0	7
0	0
0	57
0	10
0	14
0	0
0	0
0	0
0	0
0	0
0	0
0	0
0	0
0	0
0	0
0	0
0	0
0	0
0	0
0	0
0	0
0	0
0	0
0	0
0	179
0	133
0	116
8	74
0	55
0	0
77	51
0	46
0	0
0	0
0	0
0	0
0	246
0	69
0	125
0	0
0	0
0	0
0	0
0	0
0	0
0	0
0	0
0	0
0	0
0	76
0	0
0	0
0	0
0	0
0	0
0	0
0	0
0	0
0	0
0	0
0	2702
0	2790
0	0
0	19
0	10
0	0
0	0
0	0
0	0
0	0
0	0
0	0
0	0
0	47
0	137
0	152
0	0
0	0
0	0
0	0
0	0
0	0
0	0
0	0
0	0
0	0
0	0
0	0
0	0
0	0
0	0
0	0
0	0
0	0
0	0
0	0
0	0
0	0
0	0
0	0
0	0
0	0
0	0
0	0
0	0
0	0
0	0
0	0
0	0
0	0
0	0
0	0
0	0
0	0
0	0
0	0
0	27
0	21
0	182
0	183
0	112
0	15
8	87
0	0
0	0
0	0
0	0
0	0
0	219
0	0
0	153
0	130
0	46
0	0
0	39
0	70
0	83
0	33
2	96
0	82
0	27
0	18
0	0
0	54
0	3
0	0
0	9
0	1
0	0
0	0
2	561
7	60
0	19
0	525
0	58
8	49
0	500
0	529
0	564
0	549
0	62
0	65
0	34
27	153
0	15
10	70
0	0
0	0
0	0
0	0
0	0
0	0
0	0
0	0
0	0
0	0
0	0
0	0
0	0
0	0
0	0
0	0
0	0
0	0
0	0
2	0
0	1303
3366	3564
13	873
36	1411
0	444
0	42
0	0
0	0
0	0
0	0
0	22
11	22
0	0
0	0
0	0
0	0
0	0
0	0
0	0
0	0
0	0
0	0
16	335
17	271
10	351
0	93
116	238
0	41
37	104
0	73
0	0
0	0
0	0
0	0
0	0
0	0
0	0
0	362
14	672
1	320
2	201
0	21
0	10
0	10
0	0
1	526
0	514
0	222
0	0
0	61
0	0
0	0
0	0
0	0
0	0
0	0
0	0
0	0
0	0
0	0
0	0
0	0
0	0
0	0
0	0
0	0
0	0
28	459
0	445
2	443
0	159
0	7
0	15
0	0
0	0
571	113
0	0
0	0
0	0
0	735
0	0
0	244
0	213
0	71
0	0
0	13
0	6
0	62
0	73
0	0
467	126
0	0
0	646
41	625
0	425
0	1000
6	394
0	385
0	0
0	81
0	0
0	0
0	0
0	0
49	4449
234	4452
2	2539
4	2959
0	2247
0	2550
0	2770
1140	1048
0	0
0	16
0	16
12	319
2	326
8	342
0	12
0	0
0	0
1	2640
0	3192
0	3010
0	2297
0	3226
0	183
0	3292
0	241
0	0
0	97
0	12
0	12
0	12
0	10
0	5
0	528
6	1529
172	1529
0	0
6	377
11	377
0	768
35	0
52	12
0	161
0	1
0	83
0	204
1	204
0	0
0	0
0	0
0	0
0	0
93	24
0	6
0	20
24	53
0	44
0	1
0	0
0	0
0	1
1	88
0	164
0	161
1	162
0	161
0	13
0	0
0	0
0	0
0	0
0	0
0	0
0	0
0	0
0	0
0	0
0	0
0	0
0	0
0	0
0	0
0	0
0	0
0	0
0	0
0	0
0	0
0	0
0	0
0	0
0	0
0	0
0	0
0	0
0	0
0	0
0	0
0	0
1096	0
0	0
0	0
0	0
0	0
0	0
0	0
0	0
0	0
1	1
0	0
0	0
0	0
0	0
0	0
0	0
0	0
0	0
0	0
0	0
0	0
0	0
0	0
0	0
0	0
0	0
0	0
0	0
0	0
0	0
0	0
0	0
0	0
0	0
0	0
0	0
0	0
0	0
0	0
0	0
0	0
0	0
0	0
0	0
0	0
0	0
0	0
0	0
0	0
0	0
0	0
0	0
0	0
0	0
0	0
0	0
0	0
0	0
0	0
0	0
0	0
0	0
0	0
0	0
0	0
0	0
0	0
0	0
0	0
90	1977
27	1642
0	1858
0	1324
0	1260
113	714
0	592
0	377
0	426
0	0
0	0
0	0
0	0
0	0
0	0
649	0
0	0
0	0
922	524
0	313
37	458
0	290
0	0
0	0
24	216
3	216
0	38
4	82
1338	864
51	558
87	633
24	322
0	0
0	0
0	0
0	17
0	0
0	0
0	0
0	0
0	0
0	0
0	0
0	0
0	0
0	0
0	0
0	0
0	0
0	0
0	0
0	0
0	0
0	0
0	0
0	0
0	0
0	0
0	0
0	0
0	0
0	0
0	0
0	0
0	0
0	0
0	0
0	0
0	0
3	50
0	50
0	0
0	0
0	0
0	0
0	0
0	0
0	0
0	0
0	0
0	0
0	0
0	0
4814	1814
0	1738
0	76
0	0
0	0
0	0
0	0
0	0
0	0
0	0
0	0
0	0
0	0
0	0
0	0
0	0
0	0
0	0
0	0
0	0
0	0
0	0
0	0
0	0
0	0
0	0
0	0
0	0
0	0
0	0
0	0
0	0
0	0
0	0
0	0
0	0
0	0
0	0
0	0
0	0
0	0
0	0
0	0
0	0
0	567
66	227
0	1461
43	1923
0	3
32	1564
17	1676
0	1313
29	7
0	0
0	0
0	0
0	0
0	0
0	0
0	0
0	0
0	0
0	0
0	0
0	0
0	0
0	0
0	0
0	0
0	0
0	0
704	687
0	127
0	6
3	560
0	0
0	0
0	0
0	0
0	0
0	0
0	0
0	0
0	0
0	9
0	0
0	0
1	13
0	0
0	1
0	1
0	4
0	1
0	0
0	0
0	0
1436	0
0	832
248	2921
54	2794
2	2858
12	352
0	0
0	0
0	0
20	838
167	838
18	405
0	2128
0	2150
2	1868
0	2078
11	644
8	135
0	45
0	8
0	48
11	36
4	10
0	10
0	0
0	0
0	0
9	0
0	0
549	33
12	33
0	0
0	0
0	0
0	25
0	0
0	208
0	0
0	0
0	0
0	0
0	0
0	0
0	0
0	0
0	0
0	0
0	0
0	0
0	0
0	0
0	0
0	0
0	0
105	1
0	0
0	0
0	0
0	0
0	0
0	1
0	0
0	0
0	0
0	0
0	0
0	0
0	0
0	0
0	0
0	0
0	0
0	0
0	0
0	0
0	0
0	0
0	0
0	0
0	0
0	0
0	0
0	0
0	0
28	48
0	27
0	18
3	20
0	8
0	0
0	0
0	0
0	0
0	9
183	1981
0	162
0	1823
0	27
7	1748
0	1745
0	1157
0	1216
0	1392
5	1093
10	1111
4	1352
25	51
2	37
0	70
0	203
0	124
4	53
52	115
0	13
19	11
0	0
0	0
0	0
0	0
0	0
0	0
0	0
0	0
0	0
0	0
0	0
0	0
0	0
0	0
0	42
3	52
0	3
0	54
19	43
0	4
0	4
2	2036
0	367
0	3984
52	559
0	1198
45	875
31	2477
15	1853
0	3223
0	1119
16	784
0	62
0	7
0	2
1	61
1	112
1	113
0	34
0	7
0	29
0	33
0	0
6	32
0	19
0	51
3	137
0	127
7	120
0	21
0	2
0	0
0	0
0	0
0	66
189	142
3	60
5	54
0	0
0	0
0	4
0	0
0	0
0	0
47	0
0	4
0	0
6	0
0	0
0	0
0	127
0	1936
0	2221
4	201
7	1922
0	1223
0	1330
0	1770
0	1316
0	1346
0	0
0	1720
23	169
0	75
4	284
8	194
0	48
3	171
0	0
0	0
0	0
0	0
0	0
0	0
0	0
0	0
0	0
2189	11240
0	2729
0	8526
3	2324
0	1444
0	2506
0	0
391	8102
4	8102
0	0
62	464
0	465
0	456
0	403
0	368
1	429
0	106
0	383
0	49
10	424
0	340
0	426
0	0
0	5
0	0
0	0
9	8669
12082	8669
10	1506
0	1299
0	1506
0	286
0	97
0	176
0	163
0	358
0	1
0	0
303	903
26	341
5	255
0	179
0	189
0	103
1	323
0	0
0	0
0	0
0	0
0	0
0	5053
0	0
0	0
0	5052
0	5052
0	0
0	0
0	125
0	0
0	5053
0	0
0	0
0	181
0	4350
215	5068
0	5045
11	2291
0	7
0	0
0	0
0	0
0	0
0	0
0	0
8	30
0	6
0	11
0	9
0	8
0	11
0	11
0	10
0	0
0	0
0	0
0	0
0	0
0	0
0	0
0	0
0	6
10	6
0	0
0	0
0	0
0	0
0	0
0	0
0	0
0	0
0	0
0	0
0	0
0	0
0	0
0	0
0	0
0	0
0	0
0	0
0	0
0	0
0	0
0	0
0	0
20	299
1	843
14	843
0	87
43	710
26	729
0	616
1	707
7	1239
17	1236
52	1234
0	1112
0	179
0	82
0	2
0	4
20	3
0	0
5	702
20875	672
4	26
0	33
0	0
0	0
26	0
0	554
0	606
0	648
4	648
1	559
18	566
0	142
0	9
2861	0
0	0
0	0
0	0
0	0
384	0
0	0
0	136
7	462
0	455
0	76
0	0
0	0
0	0
0	0
0	0
0	0
0	2
891	129
0	70
0	30
0	10
0	40
0	11
0	21
23	9
799	209
0	209
0	0
0	0
0	0
0	0
0	0
0	0
0	0
0	0
0	0
0	108
0	108
0	95
0	72
0	10
0	98
0	105
0	11
0	94
0	88
0	77
0	99
0	70
0	28
0	0
0	0
0	0
0	0
0	0
0	0
0	0
0	0
0	0
0	0
0	0
0	0
0	0
0	0
0	0
0	0
0	0
0	0
0	0
0	0
0	0
0	0
0	0
0	0
694	225
8	201
0	24
1140	13611
0	8652
0	13602
0	28
30	1088
47	791
0	0
0	0
78	0
0	0
0	19
0	19
0	4
0	2
0	2
0	2
0	0
0	0
0	0
85	4185
0	3361
14	4262
0	1989
22	3093
10	895
148	2705
0	1799
206	524
0	0
0	399
0	174
0	731
0	798
16	605
0	234
0	420
0	138
10	129
0	0
1	3
23	1985
80	2376
74	1306
7	2379
487	1651
0	0
4667	5292
9	1377
14	354
0	3752
0	757
2	807
0	757
15	301
0	328
0	63
0	933
0	601
0	922
0	947
82	947
0	452
0	336
0	107
0	245
0	165
0	5
0	101
0	0
0	0
0	0
0	0
0	0
0	0
0	0
0	0
0	0
0	0
0	603
0	0
0	81
0	106
0	527
0	585
0	42
0	12
0	64
0	482
0	0
0	0
0	0
0	0
0	0
0	0
1	2
0	0
3	1
0	5820
0	6167
0	5869
0	5646
0	6216
0	127
0	0
0	0
0	0
22	0
0	2
0	11
0	9
0	9
0	11
0	9
0	0
0	9
0	14
3	15
0	0
0	0
154	1053
7	673
35	956
23	923
0	226
0	251
0	96
185	595
10	180
2	213
0	81
0	13
0	74
1	0
29	129
0	0
0	0
853	391
0	113
0	0
0	0
0	0
0	227
0	2322
0	2489
79	597
7	763
155	764
31	23
0	23
0	23
0	25
0	4
0	5
0	9
20	15
0	4
0	21
0	3
0	0
0	0
0	0
355	4094
107	3595
0	615
66	1635
0	676
0	0
1	0
0	23
0	34
0	18
21	1855
5	1791
11	1954
0	215
70	777
0	241
4	2
100	26
0	8
0	8
0	10
0	1
0	8
0	2
0	2
0	0
0	1
0	0
0	0
0	0
0	8
0	284
0	309
0	348
22	434
0	295
0	168
0	21
5	184
0	20
0	81
0	11
0	0
0	9
0	13
0	6
0	3
0	0
0	0
0	0
15	0
0	0
18	0
1	49
0	49
0	0
0	0
0	0
1	236
0	214
0	241
0	0
3	293
12	66
8	8
0	4
0	0
0	0
9	62
4	47
9	0
0	0
240	0
0	0
776	0
9	7780
0	8074
47	7988
7	5266
0	158
0	343
0	845
69	2158
0	13
2	878
144	879
19	385
859	18
0	0
52	197
464	197
1	1634
0	1524
0	1606
0	14
0	1339
0	1545
6	1419
0	49
0	1109
0	270
3	1089
0	1165
0	1035
0	90
0	32
0	79
0	163
0	44
0	151
15	84
0	93
0	154
0	71
0	0
0	105
41	922
0	62
0	753
0	764
0	33
0	538
0	11
0	19
9	2
4	295
0	277
0	281
0	303
0	281
0	116
0	124
0	123
0	74
0	77
0	3
12	0
0	14
0	36
0	0
0	0
0	41
0	0
0	345
0	79
14	373
0	0
0	0
0	491
0	330
0	569
1	922
0	33
0	0
0	27
0	0
837	2158
127	1769
0	21
0	0
26	7449
0	9290
0	37
9	9189
393	10468
0	0
0	0
0	0
0	0
0	0
0	0
0	0
0	0
0	0
0	0
0	0
0	0
0	0
5	1627
0	1641
26	1739
0	1421
0	27
23	1731
4	386
0	0
0	0
0	0
1	0
0	0
0	0
0	0
0	0
0	0
0	0
0	0
0	0
0	0
0	0
0	0
0	0
0	0
0	0
0	0
0	82
3	196
0	788
7	744
0	0
0	0
0	3468
0	5008
0	2158
21	5333
9	1825
0	320
0	491
2	1549
0	4271
0	1641
0	1590
16	2296
0	265
0	822
4	32
0	23
0	15
0	27
0	28
71	10
0	0
0	0
0	0
0	0
0	0
0	0
0	0
0	0
0	0
0	0
0	0
0	0
0	0
0	0
0	0
0	0
0	0
0	0
0	0
0	0
0	0
0	0
0	0
0	0
0	0
0	0
0	0
0	0
0	0
0	0
0	0
0	0
0	0
0	0
0	0
0	0
0	0
0	0
0	0
0	0
0	0
0	0
0	0
0	0
0	0
0	0
0	0
0	0
0	0
0	0
0	0
0	0
0	0
0	35
0	48
0	46
0	41
0	32
0	48
0	32
0	43
0	40
0	37
0	38
0	43
0	48
0	45
0	30
0	15
0	32
0	33
0	46
0	31
0	0
0	35
0	28
0	34
0	39
0	46
0	46
0	44
0	46
0	46
0	45
0	43
0	46
0	43
0	46
0	42
0	34
0	36
0	35
0	0
0	34
0	34
0	38
0	38
0	34
0	45
0	43
0	48
0	82
0	80
0	65
0	71
0	29
0	34
0	33
2	56
0	80
0	60
0	64
0	81
0	66
0	75
0	44
0	48
0	42
0	43
0	47
0	28
0	47
0	34
0	42
0	15
0	19
0	6
0	6
0	9
0	0
0	6
0	7
0	12
0	5
0	3
0	12
0	20
0	0
0	3
0	1
0	1
0	0
0	0
14	9
0	9
5	9
0	0
0	0
0	0
0	0
0	0
0	0
0	0
0	0
0	0
0	0
0	0
0	0
0	0
0	0
0	0
0	0
0	1
0	0
0	0
0	0
0	15
0	0
0	13
1	74
7	95
3	104
0	54
0	40
0	66
0	14
0	2
0	6
0	5
0	0
0	0
0	0
0	0
0	0
12	110
1041	268
0	59
0	114
0	33
0	23325
1	20137
0	22775
0	17336
22	16409
0	16367
0	16536
48	16952
0	20477
100	16455
7	15905
11	15657
3	6961
14	18325
0	7647
773	17023
5	5877
0	5059
13	108
0	0
0	0
0	0
0	0
0	0
0	0
0	0
0	0
0	0
0	0
0	0
0	0
0	0
0	0
0	0
0	0
0	0
0	0
0	0
0	0
0	0
0	0
0	0
0	0
0	0
0	0
0	0
0	0
0	0
0	0
0	0
9	0
1093	3869
6	1354
16	225
11	379
17	3313
0	293
0	301
2561	921
0	78
72	861
48	9
0	8
0	1
0	0
0	0
0	0
0	0
0	0
0	2320
0	0
0	0
0	0
0	0
0	0
0	0
0	0
0	0
0	0
0	0
0	0
0	0
0	0
0	0
0	0
0	0
0	0
84	8
0	0
0	0
52	72
154	78
128	50
14	82
0	38
0	11
0	17
0	0
0	0
0	16
15	22
1	0
59	103
3	97
0	3
0	39
0	21
0	24
42	13
0	40
0	32
0	0
0	0
0	0
0	0
0	0
0	0
0	0
0	0
0	0
0	0
65	48
0	48
0	0
0	0
0	0
0	0
0	0
0	0
0	0
0	0
0	0
0	0
0	24
0	105
0	395
4	415
0	115
0	21
0	392
0	392
0	134
0	102
0	56
0	0
0	125
0	50
0	0
0	0
0	0
0	0
0	0
1	4969
1	5077
0	4646
204	4844
17	389
19	739
23	212
0	363
23	19
0	12
0	0
0	0
0	0
0	0
0	177
0	0
0	0
0	0
0	0
0	0
0	0
0	0
0	0
0	0
0	0
0	0
0	0
0	0
0	0
0	0
0	0
0	0
0	0
0	0
0	0
0	101
2	276
88	276
16	275
1	275
0	275
403	4870
0	770
0	953
31	402
16	4877
29	1388
0	1040
0	1388
0	3531
0	2331
29	11
0	0
0	0
0	0
0	0
0	0
0	0
0	0
0	0
0	0
0	0
0	0
0	0
0	0
0	0
0	0
0	0
0	0
0	0
0	0
0	0
0	0
0	0
0	0
0	0
0	0
0	0
0	0
0	0
0	0
0	0
0	0
0	0
0	0
0	0
0	0
0	0
0	3
7204	3
109	72
0	72
35	475
14	139
7	413
0	24
0	25
8	346
0	4
0	0
0	0
0	0
0	0
0	0
0	0
0	0
0	0
0	0
0	0
0	0
0	0
0	0
0	0
0	0
0	691
8	216
0	666
28	145
0	420
0	15
0	63
0	25
0	21
0	62
0	0
0	0
1	0
29	2431
0	0
0	0
0	0
0	0
0	0
0	0
0	0
0	0
0	0
0	0
0	0
0	0
0	42
0	6
4	42
0	0
0	0
0	0
0	0
0	0
0	0
6	1385
11	3633
0	3633
0	3644
0	2000
0	139
0	0
33	0
0	0
0	0
0	0
0	0
0	0
0	0
0	0
0	0
0	0
0	0
0	0
0	0
0	0
0	0
30	0
28	763
157	775
0	401
0	401
0	12
0	0
0	0
0	0
0	0
0	0
0	2
0	6
0	0
0	0
0	0
0	0
0	0
0	0
0	0
23	9
0	5
15	74
32	70
0	31
0	0
5	31
0	3
0	37
0	0
8	36
0	1
0	20
0	0
0	0
0	0
0	0
2975	878
14	114
0	134
0	128
0	188
81	1420
24	1434
0	0
0	0
7	50
0	0
0	1
0	3
0	54
38	117
0	54
8	41
9	3
0	9
16	17
87	0
9	0
1	52
0	33
48	99
0	96
0	45
6	26
4	20
0	0
0	0
0	0
0	0
0	0
1	385
0	301
8	293
0	61
0	0
0	0
0	0
0	0
0	0
8	130
0	130
0	0
0	8
188	1941
144	1942
9	304
0	0
0	0
0	0
0	0
0	0
208	94
6577	1146
0	0
0	2
21	0
109	198
193	592
2	0
0	0
0	0
0	0
0	0
41	64
23	62
0	22
17	26
0	21
0	0
0	0
0	0
0	0
0	0
0	0
0	0
0	0
0	0
0	0
0	0
0	0
0	0
0	0
0	0
0	0
0	0
0	0
0	0
0	0
0	0
0	820
0	685
0	25
0	0
42	597
19	409
0	0
0	36
0	3
0	0
218	525
0	481
32	445
121	479
0	152
0	3
16	830
111	1849
20	1251
0	625
5	645
0	475
0	469
0	392
0	362
1	591
3	281
0	347
5	484
0	112
3	292
0	103
0	420
0	1628
0	1617
21	1082
68	0
0	0
0	0
0	0
0	0
159	1774
13	1576
4	1610
0	508
0	326
0	0
0	0
0	0
0	0
0	505
16	507
19	495
0	0
0	0
0	0
24	1200
57	1200
0	0
0	0
32	228
0	228
743	0
0	0
0	0
0	0
0	0
85	133
0	117
0	138
10	38
0	0
0	0
0	0
0	0
0	0
0	0
14	0
0	0
1	1433
2	1375
0	90
17	1083
0	0
0	0
0	0
0	0
0	0
0	0
0	0
0	0
0	0
0	0
0	0
0	0
0	0
0	0
0	0
0	0
0	0
58	616
0	739
14	419
0	379
31	258
0	169
0	158
19	314
12	50
0	122
0	0
0	0
0	0
26	0
0	0
0	0
0	0
23	0
13	2582
0	2583
16	85
213	125
1	2627
0	3
0	145
10	22
8	145
0	5
0	114
0	0
0	0
8	0
0	0
0	0
0	0
0	0
1371	0
0	262
0	0
5	0
0	0
59	3031
2	3031
22	776
0	68
29	174
0	184
2	161
0	0
0	0
0	0
0	0
0	0
0	2
0	0
794	196
22	192
0	5
0	4
0	0
0	0
0	0
0	1499
56	1982
12	592
22	583
0	5
0	3
0	52
0	185
3222	0
0	0
0	0
0	4
3	18
0	0
0	18
0	6
0	0
0	242
0	220
0	30
0	255
0	6
0	106
0	2
0	0
0	0
0	0
0	0
0	0
0	0
0	0
0	0
0	0
0	0
0	0
0	0
0	0
0	3
0	0
0	0
0	0
0	0
0	0
0	0
0	0
0	0
0	0
1	870
343	870
0	0
0	0
0	0
0	0
0	0
0	0
0	0
0	0
0	0
0	0
0	0
0	0
530	26
71	42
0	15
0	16
0	0
0	0
0	0
0	0
0	0
0	0
0	0
0	0
0	0
0	0
0	0
0	0
0	0
0	0
0	0
0	0
0	0
0	0
0	0
0	0
0	0
0	0
0	0
0	0
0	0
0	0
0	0
0	0
0	0
0	0
0	0
0	0
0	0
0	0
0	0
1	10
3	10
10	15
0	1
0	1
0	15
1	33
0	33
0	73
1	76
0	71
0	0
0	0
0	0
0	0
0	0
0	0
0	0
0	0
0	0
0	0
0	0
0	0
0	0
0	0
0	0
0	0
0	0
0	0
0	0
0	0
0	0
0	0
0	0
0	0
1053	566
5	566
7	61
234	23
0	18
0	5
0	1019
0	980
18	147
0	84
0	1192
1	1071
0	956
0	53
41	34
826	403
0	6
0	90
0	46
0	0
0	0
0	0
0	0
0	0
0	0
0	0
0	0
0	0
0	0
0	0
0	0
0	0
0	0
0	0
0	0
0	0
0	0
0	0
0	0
0	0
0	0
0	0
0	0
0	0
0	0
0	0
0	0
0	0
0	0
0	0
0	0
0	0
0	0
0	0
0	0
0	0
0	0
0	0
0	0
3032	4039
0	531
8	2787
0	66
0	1405
0	76
0	76
1	77
0	77
0	76
0	13
0	15
0	15
0	16
0	13
0	13
0	13
0	10
0	7
0	1
0	0
0	3
0	2
0	0
0	0
0	0
283	4917
43	4917
5	775
8	272
6	678
0	1529
0	1517
0	1529
0	787
0	678
0	88
0	211
4490	6762
64	6559
0	846
6	5835
29	6521
4	1230
0	5940
3	5297
18	2292
4	1241
0	296
0	38
0	496
55	35
0	1
30	60
23	52
0	47
0	28
0	4
0	3
10	5
0	2
0	3
0	3
37	0
0	5
0	0
0	0
0	20
0	13
0	0
0	8
0	0
10	21
0	2
0	6
0	8
1	0
0	33
7	33
4	32
0	0
0	0
30	834
0	17
0	0
0	143
0	875
19	7
0	0
1	871
16	867
0	0
38	0
0	5265
171	4483
0	2308
0	4076
13	294
56	1673
42	3
22	533
0	4
0	0
0	0
0	0
0	0
0	0
0	0
0	0
0	0
0	0
5	0
0	0
0	0
1785	554
8	13
0	96
25	432
0	286
0	21
0	0
3156	7452
27	7450
0	3068
0	729
0	421
54	2625
0	0
0	0
0	0
25	22936
0	0
258	241
241	325
0	126
0	232
0	233
0	0
0	0
0	0
0	261
0	0
0	0
0	0
0	0
0	0
0	0
0	0
0	0
0	0
0	0
0	0
0	237
0	1005
0	1043
5	1001
3	883
0	359
0	55
0	23
0	0
0	0
1	0
0	0
146	0
0	0
228	462
0	462
0	463
0	461
0	461
0	461
0	8
0	6
0	0
0	0
0	1
0	0
0	0
0	0
0	0
0	0
0	0
0	0
11528	11035
0	1
19	9235
1083	4598
31	2852
191	3162
0	1426
0	965
0	1244
0	367
0	963
47	1050
104	10
0	0
0	1721
0	1740
0	577
0	379
0	717
11	910
0	1501
1	1380
0	1468
0	1000
0	466
0	380
0	369
1	1439
0	1139
0	1196
2	599
0	0
0	359
8	1414
15	1903
50	2790
0	3267
57	3264
4	545
0	2821
10	2989
0	146
0	86
0	437
0	481
0	515
0	521
7	303
0	283
0	276
4	276
0	0
39	0
0	0
0	0
0	0
0	0
0	0
0	0
0	0
0	0
0	271
0	0
8	41
0	41
0	0
708	271
53	0
0	15
0	39
161	54
0	27
2	774
0	708
11	723
23	740
0	789
4	768
0	834
0	22
0	0
0	168
0	0
0	0
0	0
0	0
0	0
0	0
0	0
0	0
0	0
0	0
0	0
0	0
0	0
3	881
31	896
0	224
0	407
3	831
0	894
0	0
0	0
7	28
15	28
0	0
0	0
0	0
0	0
0	1259
0	1331
1	1168
14	1250
0	4
0	376
0	307
15	212
0	82
6	243
15	508
7	154
0	235
0	227
196	100
0	0
0	0
0	0
0	0
0	0
0	0
0	0
0	0
0	0
18	0
0	0
822	330
0	199
89	131
29	1
0	1
0	0
0	0
0	0
0	0
0	0
0	0
0	187
9	306
0	133
32	64
0	0
0	0
158	1
0	1
0	0
0	81
387	393
16	357
0	288
838	999
496	1002
0	3
1	9
11	9
0	3
0	0
16	1036
7	1036
215	1058
0	43
0	0
0	22
0	0
0	0
0	0
0	0
0	0
0	0
463	365
5	365
7	204
470	198
10	188
0	58
0	10
0	0
0	0
60	698
0	299
298	596
8	331
0	36
0	9
0	54
0	1
0	0
66	0
0	0
3	7366
0	8487
0	8451
836	8229
0	769
36	444
0	0
0	0
0	0
0	0
0	0
9766	4188
0	4187
31	70
238	106
16	98
0	98
0	98
184	88
0	0
0	0
4	283
13	148
44	162
1	290
2	286
0	232
0	208
1	90
0	8
0	8
0	12
0	9
0	16
0	1554
0	693
0	1511
3	152
0	523
0	713
0	2382
8	1919
4	1503
0	527
28	1492
2	668
0	160
0	127
6	169
1472	165
22	144
0	67
0	104
0	0
0	0
0	0
0	0
0	0
0	0
0	0
0	0
0	0
0	0
0	0
144	186
0	110
0	186
25	0
0	0
0	0
0	152
44	306
0	283
0	296
0	11
0	260
33	309
0	313
5	380
2	438
0	588
0	320
13	346
14	206
0	19
0	32
0	4
0	0
0	26
0	24
0	34
0	4
0	0
0	1
0	1
0	9
0	0
0	0
0	337
0	2657
0	2563
1	750
17	2467
0	361
0	53
5	485
0	45
0	152
0	11
0	32
0	11
9	152
0	41
0	0
0	0
0	0
0	0
0	0
0	0
0	0
0	0
0	0
0	0
0	175
0	175
0	22
0	8
0	4
2	79
0	124
9	0
0	0
0	0
0	0
0	0
0	0
0	0
0	0
0	0
0	0
0	0
0	0
0	0
0	0
0	0
0	0
0	0
0	0
0	0
0	0
0	0
0	0
0	0
0	0
0	0
0	0
0	0
0	0
0	0
0	611
10	631
0	12
4	616
0	36
0	36
0	34
0	0
0	0
0	1
1	61
0	95
0	91
0	26
0	17
19	354
19	423
1	886
31	534
3	905
0	818
1	546
0	898
5	378
0	279
0	221
0	172
0	250
0	70
0	242
0	147
0	170
0	0
0	357
141	580
0	32
8	223
0	7
0	0
0	0
0	0
0	0
0	0
0	0
0	0
0	0
0	0
900	4558
9	3652
0	888
0	1311
0	4735
3	4384
43	483
22	1465
3	2719
0	444
3	439
49	203
73	9
140	2160
4	419
0	0
0	1
0	1
0	1
0	1
0	1
0	0
0	0
0	0
0	0
0	0
0	0
0	0
0	0
0	0
0	604
449	697
0	0
0	7
0	93
0	0
776	0
0	0
0	0
0	0
31	930
0	980
0	87
0	175
0	1543
0	1990
0	942
0	183
0	0
0	75
0	5503
0	5294
0	3788
173	4117
13	4368
0	677
0	963
0	5170
0	712
0	0
0	0
0	0
4278	1
0	1
0	0
0	16
0	11
20	3663
113	3501
20	161
51	2111
0	3774
5	449
63	106
0	0
0	1
0	1
0	0
0	0
0	0
0	0
0	1
1	18
0	22
0	51
0	46
0	174
0	174
0	24
12	28
4	246
159	611
0	253
0	247
0	0
0	25
23	158
10	154
0	2
0	63
0	0
38	0
47	131
0	1
2	1
0	1
0	0
0	0
0	0
0	783
38	3650
22	2481
0	3289
0	200
12	667
0	349
0	4
227	66
1	66
0	65
0	28
0	0
0	0
0	0
48	818
0	831
2	581
0	152
56	713
4	297
0	196
0	162
7	210
0	247
5	625
0	594
14	174
0	35
0	39
0	14
689	0
0	77
183	314
3	84
11	301
0	48
0	0
0	38
0	59
0	66
27	298
0	3
0	75
0	73
23	656
6	656
0	0
0	0
0	0
0	0
0	0
0	0
0	0
0	0
0	0
0	0
0	0
0	0
91	55
7	55
0	0
0	295
0	0
0	151
0	274
0	0
0	0
57	826
2	12
0	39
0	2
0	1558
0	1560
13	889
0	91
0	1
0	245
4	215
6	82
24	72
5	114
0	135
0	93
0	1
54	1
0	0
0	0
0	0
0	5
0	0
0	240
1	297
33	294
0	0
0	0
367	0
0	1313
0	1457
28	1457
614	1228
1	1238
0	0
2579	216
0	67
0	10
0	0
0	0
0	139
9	294
0	303
0	71
0	6
11	30
1	49
0	30
0	30
0	0
22	0
0	0
0	0
0	0
0	0
0	0
0	0
0	0
0	0
17	1088
0	1098
17	618
0	378
5	0
0	0
0	0
0	0
9	0
24	452
2	439
10	394
0	158
8	1307
0	1283
0	45
0	0
0	0
0	0
0	0
0	0
0	0
0	0
0	0
0	0
0	2
2	415
8	413
0	0
0	0
0	0
0	0
0	0
0	0
0	0
0	0
0	387
0	854
0	1381
0	1026
0	1704
3	1141
0	568
0	0
0	38
0	48
0	17
0	7
0	31
0	14
0	14
141	522
3	494
0	493
0	40
0	0
0	0
0	0
27	0
0	0
0	0
0	0
0	0
0	0
0	0
0	0
0	0
0	0
0	0
0	2
0	0
0	0
0	0
0	0
0	0
0	0
0	0
0	0
0	0
0	0
0	0
0	0
0	0
0	0
0	0
0	0
0	0
0	0
0	0
0	0
0	0
0	0
0	0
0	0
0	0
0	0
0	0
0	0
0	0
0	0
0	0
0	0
0	0
0	0
0	0
0	0
0	0
0	0
0	0
0	0
0	0
0	0
0	0
0	0
0	0
0	0
0	0
0	0
0	0
0	0
0	0
112	923
2	1099
0	1303
1	1118
0	362
0	76
5	157
4	83
0	260
0	222
0	3
0	119
0	66
0	77
0	68
0	241
0	399
0	291
0	189
0	244
0	151
0	292
0	162
0	188
0	165
0	82
0	151
0	53
0	1
0	0
0	0
0	0
0	0
0	0
0	0
0	224
0	1260
18	1335
390	1406
0	87
0	59
0	0
0	22
0	187
0	111
0	206
0	78
0	200
0	11
0	0
0	86
0	157
0	3
0	77
0	46
0	0
0	0
108	907
2	105
26	849
5	896
0	111
0	233
0	210
0	79
0	827
0	224
0	1
0	0
791	701
121	642
10	280
7	166
0	51
0	0
0	0
0	0
0	0
0	0
1703	572
0	572
0	0
2628	483
0	330
0	0
0	0
0	0
20	1
0	0
0	1
0	0
0	0
0	0
0	0
33	0
0	6864
247	6839
46	1478
0	1132
214	1692
21	1604
65	1038
66	1059
0	339
57	536
54	2288
0	0
51	1685
33	255
0	205
0	107
10	180
0	126
92	75
58	93
64	13
0	0
0	9
10	0
245	1533
7	108
2	294
0	218
0	1528
0	1137
0	2
2	1
0	0
0	0
0	0
0	0
0	0
0	0
1	6
0	6
11	6
0	5
0	0
0	0
0	0
0	0
0	0
0	0
0	0
0	0
0	3140
9	618
0	3210
0	3404
0	3135
0	3404
0	377
5	375
16	265
0	0
0	0
0	0
0	0
0	0
0	0
0	0
24	565
206	757
0	669
0	99
1	95
144	219
37	220
17	29
63	42
87	42
0	38
0	21
3	19
0	19
0	0
0	0
0	0
174	0
0	0
0	0
0	4
0	4
0	5
0	5
2	5
0	4
0	4
0	5
0	1
0	1
0	1
0	3
0	1
0	0
0	0
0	0
0	0
0	0
0	0
0	0
0	0
0	0
0	0
0	0
0	2
0	2
0	1
0	0
0	0
0	0
0	0
0	0
0	0
0	0
0	0
0	0
0	0
0	0
0	0
0	0
0	0
0	803
0	174
0	681
0	801
0	714
0	781
0	833
1	802
0	802
0	771
0	2
0	243
0	0
0	0
0	0
0	0
0	0
0	0
0	0
0	0
0	0
20	652
1	653
0	62
830	246
3	25
0	221
4	0
0	0
0	0
623	258
0	169
0	1
0	18
6	66
0	94
0	0
0	0
0	0
0	0
0	0
0	0
0	0
0	0
0	0
2	161
10	160
0	70
0	22
0	42
0	17
0	0
0	0
17	1547
0	1430
0	1425
0	1468
0	448
0	435
0	329
0	288
0	0
0	87
7	109
0	0
0	4
0	0
0	0
0	0
1	1
0	0
0	0
3841	3345
0	3234
0	348
0	137
0	0
568	56
0	56
0	0
0	0
0	7
0	14
0	7
0	12
0	13
0	0
0	0
0	0
0	0
0	0
0	0
0	0
0	0
0	0
0	0
0	0
0	0
0	0
0	0
0	0
0	0
0	0
0	0
0	0
0	0
0	0
0	0
0	0
0	0
0	0
0	0
0	0
0	0
0	0
0	0
0	0
0	0
0	0
0	0
0	0
0	0
0	0
0	0
0	0
0	0
0	0
0	0
0	0
0	0
0	0
0	0
0	0
0	0
0	0
0	0
0	0
0	0
0	0
0	0
0	0
0	0
0	0
142	4
0	4
1	0
0	0
0	0
0	0
0	0
0	0
0	0
0	0
0	0
0	0
0	0
0	0
0	0
0	0
0	0
0	0
15	0
0	0
0	0
0	0
0	0
0	211
0	211
0	211
29	0
666	431
5	211
0	48
0	1
0	0
0	0
0	0
0	0
0	0
0	0
0	0
0	0
0	0
0	0
0	0
0	0
0	0
0	0
0	0
0	0
6	271
3	271
0	1
0	25
0	0
0	0
0	0
0	1
0	0
0	0
0	0
0	0
0	0
0	0
0	0
0	0
0	0
0	0
0	0
0	0
230	450
0	2
14	81
0	106
0	283
0	250
0	358
13	223
0	103
28	126
0	0
0	0
0	0
0	0
0	0
0	0
0	0
0	0
0	0
0	0
0	66
477	423
26	405
0	8
0	29
0	5
0	31
0	0
0	0
2	218
0	1
0	0
0	0
0	0
0	0
3338	13951
236	13951
0	1512
0	0
0	0
0	0
43	10
1	11
0	27
3	149
0	65
2	296
92	232
0	46
0	2
0	42
0	310
0	130
32	568
0	313
1	307
8	198
0	40
0	7
3207	1984
57	1680
0	304
277	115
0	115
0	0
0	0
0	0
0	0
0	0
0	0
0	1390
0	1397
284	1397
0	9
0	0
0	0
594	1824
32	592
0	1853
60	1763
6	1684
0	1992
38	573
0	120
0	8
0	434
14	156
0	0
0	1
0	0
0	0
69	14
0	14
0	0
32	104
5	30
0	9
0	53
0	4
0	70
0	7
0	4
0	0
0	0
0	0
0	0
332	1293
1	1390
7	1115
0	327
0	6
1476	752
13	6
0	501
9	89
0	91
0	45
39	158
0	38
0	0
0	0
0	0
0	0
0	90901
0	0
0	0
0	0
0	0
0	0
0	0
0	0
0	0
0	0
0	0
0	0
0	0
0	0
0	0
0	0
0	0
0	0
0	0
75	1601
0	82
10	1059
0	89
0	29
2	475
8	28
25	1390
0	59
0	115
46	757
0	105
1	175
0	65
0	0
0	58
27	267
0	1
0	0
0	0
0	0
0	0
0	0
0	0
0	0
0	0
0	0
0	0
0	0
0	0
0	0
0	0
0	0
0	0
0	0
0	0
0	0
0	0
0	0
0	0
0	0
0	0
0	0
0	0
0	0
0	0
0	0
0	0
0	0
0	0
0	0
0	0
0	0
0	896
5	800
0	815
1	847
0	875
0	392
0	0
0	0
0	120
0	0
0	0
0	0
0	0
1	448
0	55
30	29
0	270
0	308
38	34
0	244
1	96
0	91
0	81
0	5
11	1
0	0
0	0
0	0
0	0
0	0
0	0
0	0
0	0
0	0
0	0
0	0
0	0
0	0
0	0
0	0
0	0
0	0
0	0
0	0
0	0
0	0
0	0
0	0
0	0
0	0
0	0
0	0
0	0
0	0
0	0
0	0
0	0
0	0
0	0
0	1
14	50
0	37
0	3
0	21
0	37
0	39
0	2
0	0
0	0
0	0
0	0
0	0
0	0
0	0
0	0
0	0
0	0
0	0
0	0
0	0
0	0
2	28
0	12
0	9
0	15
0	15
0	8
6	33
7	17
0	30
0	5
74	50
11	50
0	0
33	251
15	251
0	10
0	84
0	2
0	16
0	17
0	16
0	4
2	10
0	6
0	1
0	5
0	544
0	520
0	30
0	2
0	49
29	207
66	213
0	9
0	11
30	0
38	0
4366	12413
38	3861
1966	12417
50	8512
201	2216
0	0
0	0
0	0
0	0
24	0
0	0
0	0
0	0
0	0
0	0
0	0
0	0
0	0
0	0
0	0
0	0
0	0
0	0
0	0
0	0
0	0
0	0
0	0
1	456
20	543
0	72
0	102
0	5
0	137
0	61
0	40
0	0
0	0
8	54
21	129
0	112
0	0
0	31
0	0
0	0
0	0
0	0
0	0
0	103
49	64
0	64
0	28
0	0
0	0
0	0
0	0
0	0
75	253
3	245
3	169
0	99
0	10
0	0
691	0
0	0
0	0
0	0
16	245
1744	2933
0	89
0	0
11	2624
0	19
0	19
0	23
0	21
0	23
0	2
0	3
0	3
0	0
0	0
0	0
0	0
0	0
0	0
0	0
0	0
0	0
0	0
0	0
0	0
0	0
0	0
0	0
0	1
0	3
4	3
1	2
0	0
0	0
0	0
0	0
0	0
0	0
0	0
0	0
0	0
0	0
0	0
0	0
0	0
0	0
0	0
15	1013
0	996
0	1078
0	1034
9	769
0	1184
0	117
9	106
18	53
0	7
0	160
6	376
0	39
0	0
0	0
0	0
0	0
0	0
0	0
0	0
0	0
0	0
0	0
0	0
0	0
0	0
0	0
0	0
0	0
0	0
0	0
0	22
0	35
0	324
3	26
0	280
6	33
0	21
43	76
108	238
11	88
0	62
0	0
372	1028
376	1081
232	1077
4	138
0	276
9	371
201	494
2	123
0	0
0	0
0	0
0	0
0	0
0	0
0	0
0	0
0	0
0	0
0	0
0	0
0	0
0	0
0	0
0	0
0	0
0	0
0	0
0	0
0	0
0	0
0	0
0	0
0	0
0	0
0	0
0	0
0	0
0	0
0	0
0	0
0	0
0	0
0	0
0	0
0	0
0	0
0	0
0	0
0	0
0	0
0	0
0	0
0	0
0	0
0	0
0	0
0	0
0	0
0	0
0	0
0	0
0	0
0	0
0	0
0	0
0	0
0	0
0	0
0	0
0	0
0	0
0	207
0	1
0	0
0	6
0	5
1	209
0	1
0	41
0	199
6	44
0	4
0	0
0	0
147	10262
14	10267
56	588
0	367
0	5
0	0
0	0
0	0
0	0
0	0
0	0
1	5
134	5
0	0
0	0
0	0
0	0
0	0
0	0
0	0
0	0
0	0
0	0
0	0
0	0
0	0
0	0
0	0
0	0
0	0
0	0
0	0
2	0
0	0
0	0
0	0
0	0
0	0
271	1261
32	1306
68	1298
0	0
0	26
0	0
0	0
0	0
0	0
0	0
0	0
0	0
0	0
0	0
0	0
0	0
0	0
126	511
0	511
7	16
0	392
48	410
1	199
0	35
2248	3730
381	4268
1123	4116
51	764
16	0
39	0
0	0
0	0
0	0
0	0
0	0
15	15
0	2
0	2
0	13
0	1
0	36
0	37
11	37
0	47
17	42
76	43
0	29
11	36
0	51
0	32
0	50
1	48
0	23
0	14
0	1
0	1
0	17
0	6
0	0
0	0
0	0
0	0
0	0
0	0
0	0
0	0
0	0
0	0
0	0
54	87
2	73
0	14
0	36
0	21
0	17
0	7
0	3
0	7
0	0
0	0
0	0
0	0
0	0
0	0
0	0
0	0
0	0
0	0
0	0
0	0
0	0
0	0
0	0
0	0
0	0
0	0
0	0
0	0
0	0
0	0
0	0
0	0
0	0
0	0
0	0
0	0
23	700
1	673
5	365
0	42
0	4
0	67
0	171
0	119
0	52
0	37
0	36
0	1504
0	1416
3	1489
0	1542
7	101
3	660
12	1294
0	134
0	173
0	8
0	0
0	302
353	558
0	123
0	114
0	162
0	0
0	0
0	0
0	0
0	0
0	0
0	0
0	0
0	0
0	38
22	20
0	28
0	33
0	29
0	4
1591	0
0	0
0	0
0	0
0	126
0	98
0	100
0	43
0	53
0	23
0	80
0	123
0	8
0	16
1	427
8	418
0	495
0	217
12	433
0	159
21	157
2	355
11	22
14	10
0	0
0	21
0	21
0	28
0	13
0	15
0	5
0	0
0	0
0	0
0	0
0	0
0	0
0	0
0	0
0	0
0	0
0	0
0	0
0	0
0	0
0	0
0	0
0	0
0	0
0	0
0	0
0	0
0	0
0	0
0	0
0	0
0	0
0	0
0	0
0	0
0	0
0	0
0	0
0	18
0	18
0	1
0	0
0	0
0	3
0	0
0	14
20	215
3	156
1	61
0	2
0	152
0	81
0	19
26	2226
41	2343
0	178
0	131
1	230
0	2
0	0
0	0
0	0
0	0
0	0
0	0
0	345
21	316
390	2094
88	2011
0	113
0	402
0	184
0	219
0	0
10	1912
0	151
0	397
0	389
25	22
0	5
0	232
0	41
0	201
0	133
47	231
0	87
0	214
0	203
24	197
0	93
0	161
0	28
8	79
0	35
0	76
0	0
0	32
0	35
0	2
0	3
18	2305
35	247
5	131
4	2044
0	933
96	1999
4	2156
21	341
69	1868
117	2052
13	997
6	196
13	641
0	617
0	65
0	0
0	0
0	0
0	0
0	0
0	0
0	0
41	359
7	353
3	287
4	20
37	307
0	22
13	283
0	29
0	0
0	0
0	796
47	1559
0	1570
0	1391
10	653
0	1355
0	0
6	2838
809	4230
439	4341
0	0
0	0
1	0
1	0
0	51
0	6
13	51
0	51
0	0
0	0
0	0
0	3
13	3
0	2
0	0
0	0
0	0
0	0
0	0
0	0
0	0
0	0
0	0
0	0
0	0
0	0
0	0
0	0
0	0
0	0
0	0
0	27
0	48
0	77
0	77
0	77
0	49
0	77
0	30
0	3
0	2
0	2
0	0
0	0
0	0
0	0
0	0
0	0
0	0
0	0
0	0
0	0
0	0
0	57
0	69
5	92
0	124
6	126
0	1
0	0
0	0
0	0
0	0
65	182
0	43
0	3
0	25
0	0
0	1
0	3
24	164
0	0
0	55
0	46
0	20
0	0
0	1655
3	1692
65	1734
0	1653
23	1464
12	1243
0	593
5	1629
25	1564
0	1705
8	1640
0	246
0	500
0	616
7	503
0	563
0	446
0	409
0	200
0	321
0	90
7	14
0	7
0	10
0	0
0	15
0	170
1	193
0	208
0	184
0	207
0	57
16	203
7	120
0	34
0	0
15	0
0	0
0	2
0	2
0	2
0	0
0	0
0	0
0	0
0	163
11	172
0	122
0	21
1	143
6	143
0	16
0	21
109	138
5	188
24	275
20	96
0	0
0	2964
29	3135
51	3093
51	3048
0	3071
0	191
4	470
0	658
0	662
0	687
1	616
0	627
0	198
0	616
24	214
0	638
4	582
9	31
0	213
2	37
0	274
1	180
0	0
0	0
0	0
0	0
0	0
0	0
0	0
0	0
0	0
0	0
0	0
0	0
0	0
0	249
127	320
0	55
0	105
1	86
0	46
0	71
0	65
0	53
0	44
0	0
0	0
0	0
0	0
0	0
0	255
0	254
0	250
0	0
0	4
0	253
0	0
0	0
0	0
0	0
0	0
0	0
0	109
0	101
0	6
0	4
0	0
0	3
0	0
1	246
0	4
0	0
0	84
0	240
26	232
0	72
0	26
0	29
0	16
0	39
0	25
40	62
0	22
13	30
26	2
5	13
0	0
584	2283
0	498
0	156
18	2277
0	865
12	724
0	474
19	255
0	16
0	10
0	102
0	288
218	3154
3	2737
0	65
25	256
0	503
49	298
0	184
0	314
0	154
0	5
0	168
0	182
0	0
0	0
0	2
33	2
65	50
0	50
0	0
0	2
5	2
0	345
1	342
0	172
0	89
0	122
0	29
0	50
0	110
0	109
0	108
0	63
0	100
0	99
0	42
0	90
0	84
0	30
0	74
0	72
0	59
0	57
0	54
0	31
0	33
0	28
0	28
0	28
0	31
0	28
0	29
0	32
95	9
0	293
16	316
0	311
1	335
3	171
4	220
2	293
0	25
0	11
0	33
0	0
9961	11058
120	3908
26	11111
19	204
45	3755
0	3257
26	4012
32	435
0	0
259	336
5	293
0	0
0	20
1	121
1	63
0	0
0	0
0	6
0	15
2	17
0	14
0	7
0	8
0	36
0	36
0	11
1	39
0	12
0	15
0	12
0	10
1	577
0	270
0	120
0	3
0	560
0	568
0	39
0	90
0	477
0	176
0	34
0	65
0	5
0	485
0	183
0	55
7	470
6	441
0	42
0	171
0	8
0	63
0	0
415	252
386	252
0	10
0	10
0	11
0	10
0	0
0	6
0	10
0	10
0	11
0	10
0	0
0	0
0	3
0	4
0	2
0	10
0	5
0	5
0	8
0	3
0	0
0	2076
0	2413
0	37
0	248
10	2441
0	313
151	1927
1	1975
59	2437
0	173
0	38
0	1290
0	0
54	958
0	124
0	891
13	1084
0	831
0	567
0	627
0	458
0	237
0	2
0	0
0	61
0	781
0	5
0	48
0	195
5	778
15	590
0	29
0	55
0	64
0	36
0	27
0	26
0	53
0	6
0	25
11	159
0	116
0	147
0	1
0	3
6	75
0	2
0	0
0	0
0	0
0	0
0	0
0	0
0	0
0	0
0	0
0	0
0	0
0	0
0	0
0	0
0	0
0	0
0	0
0	0
0	0
0	0
0	0
0	757
0	749
1	626
1	488
0	180
0	11
1	160
0	66
0	37
0	2
0	2
0	0
0	0
0	8
40	0
0	0
0	0
0	0
0	0
0	0
0	0
0	0
0	0
0	0
0	0
0	0
0	0
0	0
0	0
0	0
169	122
0	260
2	254
0	239
0	11
0	7
0	0
0	69
0	69
0	11
0	0
0	0
0	0
0	0
0	0
0	0
0	0
0	0
0	0
0	0
0	0
0	0
0	0
0	0
0	0
0	0
0	0
0	0
0	0
0	0
0	735
0	0
0	730
0	322
12	1218
0	1051
0	1072
0	584
0	1072
3	959
0	675
0	868
0	768
0	194
0	53
0	597
0	365
0	98
0	0
0	0
0	0
0	0
0	0
0	0
0	0
0	0
0	0
0	0
0	0
0	0
0	0
0	0
0	0
0	0
0	0
0	0
0	0
0	0
0	0
0	0
0	0
0	0
0	0
0	0
1	5712
0	6
4	619
0	5712
0	5712
0	10
0	2305
0	670
0	2
0	5712
0	5712
0	2305
11	3385
3	2305
1898	5712
0	722
0	131
0	0
0	0
95	0
106	0
0	0
0	0
0	0
0	0
0	0
0	0
0	0
0	0
0	0
0	0
0	0
0	0
0	0
0	0
0	0
0	0
0	0
0	0
0	0
0	1090
0	1053
0	413
0	397
0	392
0	936
0	0
0	404
0	252
0	0
0	0
0	0
0	0
0	0
0	0
0	0
0	0
0	0
0	0
0	0
0	0
0	0
0	0
0	0
0	0
0	0
0	0
0	0
0	0
0	0
0	0
0	0
0	0
0	0
0	0
0	0
0	0
0	0
0	0
0	0
0	0
0	0
0	0
0	0
0	0
0	0
0	0
0	0
0	0
0	0
0	0
0	0
0	0
0	0
0	0
0	0
0	0
0	0
0	0
10	4
0	4
0	1
0	0
0	0
0	0
0	0
0	0
0	0
0	0
0	0
0	0
0	0
0	0
0	0
0	0
0	0
0	0
0	0
0	0
0	0
0	0
0	0
0	0
0	666
0	231
0	0
0	955
0	425
388	3431
0	801
0	2456
6	2075
0	1656
0	231
3	2102
0	1626
9	3208
0	838
0	683
5	1115
0	1862
0	2292
0	1115
0	790
2	1252
0	131
0	627
34	447
59	411
0	385
15	601
0	1180
0	134
0	0
0	0
0	0
0	0
0	0
0	0
0	0
0	0
0	0
0	0
0	0
0	0
191	7
0	0
0	0
0	0
0	0
0	0
0	0
0	0
0	0
0	0
0	0
0	0
0	0
0	173
3	175
4	145
17	173
0	52
0	23
0	1
43	30
0	79
0	20
0	70
0	79
0	59
0	7
0	7
4	4271
130	4276
36	2118
0	874
28	2841
5	518
0	221
1	825
34	542
0	473
0	109
0	270
2	998
0	695
6	707
0	280
0	473
0	437
0	405
0	273
0	46
0	106
0	0
0	0
0	2364
0	2248
16	2354
42	196
0	2333
2	199
0	163
72	1572
3	2272
0	152
0	407
0	54
0	192
0	65
0	78
0	0
0	0
0	0
0	0
0	0
0	0
0	0
0	0
0	0
0	0
0	0
0	0
0	0
0	0
0	0
0	0
0	0
0	0
0	0
0	0
0	0
0	0
0	0
0	0
0	0
0	0
0	0
0	0
0	0
0	0
0	0
0	0
0	0
0	0
0	0
0	0
0	25
0	454
0	476
0	453
0	356
5	368
0	338
0	325
0	98
5	96
0	71
0	29
0	48
0	46
2	14
0	10
0	86
0	6
0	0
0	36
0	41
0	39
0	25
0	41
7	41
0	26
0	22
0	39
0	25
0	28
0	0
9	1
0	1
0	0
0	0
0	1
0	0
0	0
0	0
0	0
0	0
0	0
0	0
0	0
0	0
0	0
0	0
0	0
0	0
0	0
0	0
0	0
0	0
0	0
0	0
0	0
0	0
0	0
0	0
0	0
0	0
0	0
0	0
0	0
0	0
0	36
0	3849
0	3817
3	3169
21	1361
0	264
0	17
0	275
0	35
0	0
0	106
3	182
0	1838
0	1809
0	3
1	360
1	98
0	247
0	0
0	159
0	0
0	0
0	0
0	627
0	783
0	704
0	91
0	579
0	68
6	452
3	579
0	446
0	272
0	565
0	413
0	476
0	57
0	76
0	169
0	148
0	202
0	397
0	349
0	748
0	202
0	42
0	627
6	638
0	58
0	268
0	64
0	245
0	414
0	233
0	581
0	282
0	65
0	59
0	95
8	252
149	2523
0	2517
21	1359
5	1281
1	0
0	119
0	1689
19	1619
0	848
0	143
0	158
0	58
0	24
0	62
0	127
0	43
0	101
0	52
0	107
0	771
0	334
0	143
0	111
0	221
2	0
0	0
0	0
0	2
0	0
0	0
0	0
0	0
0	0
0	119
1	4954
0	93
0	5290
1	4490
0	705
0	128
0	686
0	2988
0	3351
0	404
0	407
1	627
0	406
0	0
0	0
0	0
0	0
0	0
0	0
0	0
0	0
0	0
0	0
0	0
0	0
0	0
8	256
1188	256
0	0
0	0
0	0
0	0
0	0
0	0
0	34
2	34
0	9
0	0
0	0
0	0
0	0
0	0
0	0
0	0
13	273
0	256
0	43
0	0
0	20
0	69
0	32
0	0
0	0
0	0
0	0
0	0
0	0
0	0
0	0
0	0
0	0
0	0
0	0
0	0
0	0
0	0
0	0
0	0
0	0
0	0
0	0
0	0
0	0
0	0
0	0
0	0
0	0
0	0
0	0
0	0
0	0
0	0
0	0
0	0
0	0
0	0
0	0
0	0
0	0
0	0
0	0
0	0
0	0
0	0
0	0
0	0
0	0
0	0
0	0
0	0
0	0
0	0
0	0
0	0
0	0
0	0
0	0
0	0
0	0
0	0
0	0
0	0
0	0
0	0
0	0
0	0
13	2
0	2
0	0
0	0
0	0
0	0
0	0
0	0
0	0
0	0
0	0
0	0
0	0
0	0
0	0
0	0
0	0
0	0
0	0
0	0
0	0
0	0
0	0
0	0
0	0
0	0
0	0
0	0
0	0
0	0
0	25
0	0
0	0
0	0
0	0
0	0
0	0
0	0
0	0
0	0
0	0
0	0
0	0
0	0
0	0
0	0
0	0
0	0
0	0
0	0
0	0
0	0
0	0
0	0
0	0
0	0
0	0
0	0
0	0
0	0
0	0
0	0
0	0
0	0
46	0
0	0
0	0
0	0
0	0
0	0
0	0
0	0
0	0
0	0
0	0
0	0
0	0
0	235
0	14
0	93
0	174
0	22
0	232
0	204
0	58
0	80
0	209
0	55
4	162
0	227
5	170
6	170
0	56
8	49
1	518
36	301
5	541
11	508
0	132
0	145
0	122
39	153
0	133
0	147
0	21
6127	8465
9	4117
178	2642
84	4310
0	3596
859	4435
0	1722
108	1890
120	4
0	0
0	0
0	0
0	0
0	0
0	0
0	0
0	0
0	0
0	0
0	0
0	0
0	0
0	0
0	0
0	0
0	0
0	0
0	0
0	0
0	0
0	0
0	0
0	0
0	0
0	0
0	0
0	0
0	0
0	0
0	0
0	0
0	0
0	0
0	0
0	0
0	0
0	0
0	0
0	0
0	0
0	0
0	0
0	0
0	0
0	0
0	0
0	0
0	0
0	0
0	406
43	118
7	397
47	282
0	17
0	0
0	0
0	0
0	0
0	0
0	0
0	0
0	0
0	0
0	12
7	12
0	1
0	1
0	0
0	0
0	0
0	39
0	1
0	3
7	40
0	36
0	34
0	15
1	21
0	1
0	0
0	85
0	86
0	86
0	117
0	29
0	86
0	85
0	124
0	117
0	91
0	124
0	86
0	59
0	49
0	74
0	67
0	74
0	41
0	1
0	41
0	47
0	46
0	28
0	11
0	0
0	0
0	0
0	0
0	0
0	0
0	0
0	0
0	0
0	0
0	0
0	0
0	0
1	13
0	29
0	56
1	56
0	17
0	50
0	56
0	45
0	4
0	0
0	5
0	1
0	6
0	0
0	1
13	1312
0	1494
0	1516
99	1290
11	981
4	1060
2	363
6	51
2	19
0	0
2875	1820
113	323
0	1484
0	335
0	591
14	186
0	443
26	0
0	3
0	0
0	550
0	48
0	6
0	549
0	20
2	64
0	116
0	60
0	9
0	19
0	11
0	250
0	223
18	197
0	197
0	17
0	127
0	5
175	238
43	91
0	138
6	270
13	107
0	7
0	1283
6	1646
0	1283
5	1425
0	1620
0	414
0	1104
0	508
0	1114
0	3
7	1639
0	0
0	201
0	11
0	711
0	157
19	688
216	632
132	419
54	216
0	10
0	0
0	822
26	3068
0	3032
0	1724
0	2658
0	2816
0	2489
0	2772
0	2907
1	2719
2	2438
0	2907
0	2807
0	2861
0	2425
0	1920
3	2830
0	2782
3	2771
0	2623
0	2786
0	2855
50	1676
0	405
0	120
0	203
0	307
0	285
0	181
0	318
0	297
0	193
0	241
0	94
0	8
0	48
0	12
0	0
165	4
0	4
0	0
786	396
0	39
176	393
41	83
0	0
124	996
0	996
0	0
0	0
0	0
0	0
0	0
0	0
0	0
0	0
0	0
0	14
0	0
0	0
0	0
0	0
0	0
0	0
0	0
0	74
0	137
0	74
45	72
0	61
0	63
0	117
0	47
0	9
0	0
0	0
0	0
0	0
9	0
0	0
0	0
0	0
0	0
0	0
0	0
0	4
1	69
0	0
0	8
0	0
0	11
120	72
0	9
0	0
0	0
0	0
0	0
0	0
0	0
0	0
0	0
0	4
0	4
4	465
0	10
0	3
0	4
0	21
5	457
0	15
0	10
0	9
0	434
0	0
0	1
0	449
0	3
0	49
88	406
0	11
0	25
0	20
0	79
0	28
0	14
0	91
0	47
0	0
2	153
8	188
0	50
0	181
0	55
0	36
0	34
0	77
0	72
0	64
0	31
2	54
0	47
0	0
0	0
0	0
0	0
0	0
0	0
0	0
0	0
0	0
0	0
0	0
0	0
0	0
0	0
0	0
0	0
0	0
0	0
0	0
0	0
0	0
0	0
0	0
0	0
0	0
0	0
0	0
0	0
54166	9489
0	9489
0	5770
0	235
48	1124
0	88
0	2415
13	1417
0	304
0	0
0	0
0	0
0	0
0	0
0	0
0	0
0	0
0	0
0	0
0	0
0	0
0	0
0	0
0	0
0	0
0	0
0	0
0	0
0	0
0	0
0	0
0	0
0	0
0	0
0	0
0	0
0	30
25	54
2	60
0	60
0	60
0	54
0	21
2	51
0	6
0	9
0	11
0	9
1	5
0	1
0	0
0	0
0	0
0	0
0	426
8	446
12	450
0	262
0	26
0	22
0	19
0	30
0	11
0	8
0	0
611	13521
15	0
19	11
2111	4955
2466	12907
2	12826
569	2364
5429	13407
64	7874
13	82
12	7492
0	0
0	0
0	0
0	0
0	0
0	0
0	0
0	0
0	0
0	0
0	0
0	0
0	0
0	0
0	0
0	0
0	0
0	0
0	0
0	0
0	0
0	0
0	0
0	0
0	0
0	0
0	0
0	0
0	0
0	0
0	0
0	0
0	0
0	0
0	0
0	0
0	0
0	0
0	0
0	0
0	0
0	0
0	0
0	0
0	0
0	0
0	0
0	0
0	0
0	0
0	0
0	0
0	0
0	0
0	0
0	0
0	0
0	0
0	0
0	0
0	0
0	0
0	0
0	0
0	0
0	0
0	0
0	0
0	0
0	0
0	221
0	324
0	212
0	15
0	114
0	116
0	17
0	90
0	202
0	305
0	8
0	0
0	0
0	0
0	0
0	0
0	0
0	0
0	0
0	819
76	787
5	675
0	109
0	27
45	42
0	42
0	7
0	0
0	0
0	0
0	0
0	0
0	0
0	0
0	0
0	0
0	0
0	0
0	0
0	0
0	0
0	0
0	0
0	0
0	0
0	0
0	0
0	0
0	0
1	617
18	197
4	515
0	97
9	309
9	74
0	67
0	101
0	37
0	291
0	20
0	15
0	0
0	18
0	63
0	25
0	0
0	179
2	411
0	179
4	441
3	81
0	72
0	40
0	0
3572	243
0	59
0	172
0	0
0	0
0	2
0	0
0	65
0	0
0	0
19	0
0	36
0	417
16	482
0	324
0	33
0	28
0	316
0	65
0	24
0	29
1	428
0	60
0	25
0	12
0	7
0	0
0	47
2	105
59	978
219	978
43	216
0	158
0	293
0	253
1	188
0	16
0	0
0	3
2	30
0	0
4	4788
0	4229
962	4546
0	411
0	254
61	1561
0	704
8	805
0	0
0	0
0	0
51	39
0	1
0	1
0	7
1	24
0	0
11	56
0	17
0	3
0	3
0	1
0	20
0	2
0	0
0	2
0	34
0	14
6	4
0	3
0	2
0	0
0	0
0	2
0	0
0	30
0	0
0	81
5	103
0	85
0	7
0	71
0	9
4	27
0	1
0	0
0	25
0	0
0	0
0	0
0	9
3	556
0	606
0	112
3	340
5	630
5	370
6	455
0	519
0	28
0	1
4	95
0	44
0	0
10	1
2	172
16	27
110	145
10	126
0	50
0	0
0	0
0	0
0	0
0	0
0	0
0	0
0	0
0	0
0	0
0	0
0	0
0	0
0	0
0	0
0	0
0	0
0	0
0	0
0	0
0	0
0	0
0	0
0	0
0	0
2203	867
0	421
0	247
0	149
0	199
0	0
0	22881
17	23027
73	16581
482	23522
240	20690
0	21
19	2132
0	17712
0	620
17	2571
0	2409
0	2043
0	1142
0	8683
0	1484
0	5429
0	1698
2	4773
0	144
0	6
0	1257
0	764
0	1032
0	1362
0	904
0	2307
15	1547
0	1816
0	639
0	376
0	231
0	463
0	0
4	0
0	14
4	14
0	72
31	712
13	722
0	175
6	113
17	114
0	88
37	71
192	0
0	0
0	0
0	0
0	0
0	0
0	0
0	0
0	0
0	0
619	59
0	59
1	959
0	292
0	0
0	0
0	0
0	0
0	0
10	1937
0	34
70	1799
1	2017
0	48
1	453
0	84
0	58
0	84
15	472
58	309
0	0
0	0
0	0
0	0
0	0
0	0
0	0
0	0
0	0
0	0
0	0
0	0
0	0
0	0
0	0
0	0
0	0
0	0
0	0
0	0
0	1
0	1
0	0
0	40
0	6
0	0
0	1
0	46
0	40
0	40
0	3
0	4
0	2
1	119
0	47
0	40
0	0
0	2
4	113
0	1
0	1
0	0
0	7
0	1
0	0
0	5
0	1
0	0
0	5
0	23
0	4
0	0
0	0
0	0
0	0
0	0
0	0
0	0
0	6
0	0
0	0
0	0
0	0
0	0
0	0
0	0
0	0
0	0
0	0
0	0
0	0
0	0
0	0
0	0
0	0
0	0
0	0
0	0
0	0
0	0
0	0
0	0
0	0
0	0
0	0
0	0
0	0
0	0
0	0
0	0
0	0
0	9
0	3
0	3
0	18
0	152
0	164
0	5
0	30
0	12
0	149
2	182
0	11
0	9
0	3
4	144
0	16
0	14
0	24
1	80
15	68
0	0
4	848
0	703
0	568
9	573
0	342
0	335
0	331
0	129
0	30
0	24
0	0
0	0
0	0
0	0
0	0
0	0
16	1177
4	125
0	24
0	67
0	19
440	1051
0	0
0	0
0	0
0	0
0	0
0	0
0	0
0	0
0	0
0	0
0	0
0	0
0	0
0	0
7	1570
0	1562
0	1215
126	1189
0	1010
5	836
6	824
0	375
0	346
0	204
0	184
0	0
0	0
0	38
39	3390
10	3392
0	4
0	9
114	2988
7	636
0	588
0	38
0	29
0	31
0	0
22	1558
21	624
8	2198
0	2338
1	557
486	2488
9	329
6	148
11	189
0	35
0	453
0	521
0	98
0	81
0	382
51	81
0	81
0	11
0	0
0	12
0	0
0	79
11	38
0	101
3	84
0	12
0	42
2	51
0	36
0	34
0	8
0	0
0	0
0	0
0	0
0	0
0	0
0	0
0	0
0	0
0	0
0	0
0	0
0	0
0	0
0	0
0	0
0	0
0	0
0	0
0	0
0	0
0	0
0	0
0	0
0	0
0	0
0	0
0	0
0	0
0	0
0	0
0	0
0	0
0	0
0	0
0	226
0	0
0	0
0	0
0	0
0	0
0	226
0	0
0	0
0	0
0	0
0	0
0	3
6780	6760
0	244
189	2789
756	2405
0	1597
0	3
38	3807
620	3274
16	80
4	33
0	106
0	75
0	6
5	167
0	69
0	82
0	136
0	112
0	72
0	7
0	0
0	7
0	19
0	11
0	9
0	6
0	1
0	3
0	0
0	0
0	8050
0	0
0	0
0	0
0	0
0	0
48	962
37	5193
2250	8089
15	10879
2806	14807
4	11178
0	33
18	58
0	1336
15	16
0	0
0	0
0	8
68	209
102	215
0	43
0	0
0	0
0	0
0	0
0	22
0	753
3	354
0	0
0	67
0	813
0	0
0	4
0	42
0	43
42	883
13	973
0	1
2	358
2	123
0	899
0	713
0	261
0	332
0	5
33	9
34	0
290	151
0	151
91	0
0	0
0	0
0	0
0	0
0	0
0	0
0	0
0	0
0	0
0	0
0	0
0	0
0	0
0	0
0	0
0	0
0	0
0	0
0	0
0	0
0	0
0	0
0	0
0	0
0	0
0	0
0	0
0	0
0	0
0	0
0	0
0	0
0	0
0	0
0	0
0	0
0	0
0	0
0	0
0	0
0	0
0	0
0	0
0	0
0	0
0	0
0	0
0	0
0	0
0	0
0	0
0	0
0	0
0	0
0	0
0	0
0	0
0	0
0	0
0	0
0	0
0	0
0	0
0	0
0	0
0	0
0	0
0	0
0	0
0	0
0	0
0	0
0	0
0	0
0	0
0	0
0	0
0	0
0	0
0	0
0	0
0	0
0	0
0	0
0	0
0	0
0	0
0	0
0	0
0	0
0	0
0	0
0	0
0	0
0	0
0	19
0	20
0	26
8	139
0	189
2	200
0	186
0	18
0	25
2	92
0	26
0	27
10	145
0	15
0	0
0	151
0	134
1	118
0	54
0	25
0	60
0	53
0	0
0	47
9	1
0	1
0	0
0	0
0	0
13	735
40	693
0	116
0	145
10	332
0	694
0	25
0	48
0	677
0	73
0	276
0	169
0	0
0	111
0	0
0	0
0	0
0	0
0	0
0	0
0	0
0	0
0	0
0	0
0	0
0	0
0	0
0	45
16	38
26	44
0	24
0	0
0	7
0	10
0	6
0	7
0	31
0	27
0	25
0	0
2	67
0	6
0	5
0	5
71	1034
18	1046
1	1018
0	165
0	311
0	305
0	108
0	3
2	298
0	3
0	9
21	1217
0	63
7	1016
0	21
25	1343
0	92
0	52
1	21
58	1525
0	408
15	286
0	0
3	658
7	269
0	14
0	86
0	0
75	50095
521	10142
0	661
0	1147
2270	34399
403	32550
0	1985
15	4465
23	4551
15	5221
0	4732
31	6227
231	35443
71	37501
9	8422
0	8945
0	56124
0	55363
0	29363
0	11627
0	0
7	17569
0	11684
70	31848
9	31550
0	0
2	28
1	24
0	24
0	9
0	14
0	2
0	18
0	5
0	12
0	11
0	0
0	0
0	0
0	0
0	945
0	35
0	32
232	991
21	176
0	251
11	521
0	322
0	132
4	265
0	8
0	250
0	0
0	0
0	0
250	409
0	343
0	279
0	265
0	234
1	287
0	188
0	10
0	22
0	71
0	47
0	26
0	0
141	0
0	0
0	0
0	0
0	196
0	113
0	0
0	0
0	0
0	0
0	0
1054	949
0	753
0	92
0	0
0	0
0	0
0	0
0	0
0	0
0	0
0	0
0	0
0	0
0	0
0	0
0	0
0	0
0	0
0	0
0	0
0	0
0	0
0	0
0	0
0	0
0	0
0	0
0	0
0	0
0	0
0	0
0	0
0	0
0	0
0	40
21	386
0	359
84	333
0	0
0	85
0	39
0	12
0	0
0	0
0	0
8	755
1	771
28	702
0	6
0	106
0	0
0	0
0	0
1	115
0	113
0	113
0	108
0	115
0	72
0	1
0	2
0	55
0	20
0	2
0	2
0	2
0	9
0	0
0	3
0	0
0	0
0	0
0	0
0	0
0	0
0	0
0	0
0	0
0	0
0	0
0	6
0	0
0	0
2	148
0	673
17	679
22	881
8	873
0	148
0	144
1	489
0	549
11	156
0	153
0	6
0	105
0	3
9	112
0	0
0	0
0	0
0	0
0	0
0	0
0	0
0	0
0	0
0	0
0	0
0	0
0	0
0	0
0	0
0	0
0	0
0	0
0	0
0	0
0	0
0	0
0	0
47	2
0	2
0	0
0	0
0	0
0	0
0	0
0	0
0	0
0	0
0	0
0	0
460	17
0	17
0	10
0	4
10	40
0	6
0	6
0	40
0	38
0	7
0	11
0	0
0	0
0	0
0	3
297	135
0	135
51	129
0	0
0	0
0	0
0	0
0	0
0	0
0	0
0	0
0	0
0	0
0	0
0	0
0	0
0	0
0	0
0	0
0	0
0	0
0	0
0	0
0	0
0	0
0	0
0	0
0	0
0	0
0	0
0	0
0	0
0	0
0	0
0	0
0	0
0	0
0	0
0	0
0	0
0	0
0	0
0	0
0	0
0	0
0	0
0	0
0	0
0	0
0	0
0	0
0	0
0	0
0	0
0	0
0	0
0	0
0	0
0	0
0	0
0	0
0	0
0	0
0	0
0	0
0	0
0	0
0	0
0	0
0	0
0	0
0	0
0	0
26	105
174	195
28	90
0	0
0	0
0	0
0	0
0	0
0	0
0	0
0	0
0	0
0	454
26	454
0	0
0	0
0	0
0	0
0	0
0	0
0	0
0	0
0	0
0	0
1	263
0	0
0	0
0	0
0	0
0	0
0	0
0	0
0	0
0	0
0	0
0	0
0	0
0	0
0	0
0	0
0	0
0	0
0	0
0	0
0	0
0	0
0	242
3	0
30	732
288	731
0	26
0	37
0	0
11	552
0	72
0	205
0	584
0	55
11	521
0	133
0	133
0	24
0	23
0	24
0	12
0	0
0	0
0	0
0	0
0	0
0	0
0	0
0	0
0	0
0	0
0	0
0	0
0	0
0	0
0	0
0	0
0	0
0	0
0	0
0	0
0	0
0	0
0	0
0	0
0	0
0	0
0	0
0	0
0	0
0	0
656	233
6	200
6	188
0	0
0	0
0	0
0	0
0	0
0	0
0	0
0	0
0	0
0	0
0	0
0	0
0	0
0	0
0	0
0	0
0	0
0	0
0	0
0	0
0	0
0	0
0	0
0	0
0	0
0	0
0	0
0	0
0	7
593	55
10	45
0	7
0	8
0	42
0	5
0	0
0	11
0	0
0	1
0	30
0	116
28	34
0	30
0	30
0	101
26	5
0	45
0	8
2	54
0	27
0	21
0	0
0	0
0	0
0	0
3	521
0	343
0	405
1	343
0	502
5	18
4	343
0	346
0	343
0	346
0	449
39	329
0	427
1	433
8	349
0	400
0	129
17	373
0	181
0	214
0	242
0	247
0	146
475	109
0	79
0	54
0	15
0	74
0	52
0	0
0	0
0	0
0	0
0	0
0	19
0	19
0	19
0	19
0	19
0	4
0	4
0	4
0	4
0	4
0	4
0	4
0	3
0	3
0	2
0	2
0	1
0	0
0	0
0	0
0	0
0	0
0	0
0	0
0	0
0	0
0	0
0	0
0	0
0	0
0	0
0	0
0	0
0	0
0	0
0	0
0	0
0	0
0	0
0	0
0	0
0	0
0	0
0	0
0	0
0	0
0	0
0	0
0	0
0	0
0	0
0	0
0	0
0	0
0	0
0	0
0	0
0	0
0	0
0	0
0	0
0	0
0	0
0	0
0	0
0	0
0	0
0	0
0	0
0	0
0	0
0	0
0	0
0	0
0	0
0	0
0	0
0	0
0	0
0	0
0	0
0	0
0	0
0	0
0	1
0	0
0	1
0	1
0	8
0	8
0	8
0	6
0	0
0	0
0	0
0	0
0	0
0	0
0	0
0	0
0	0
0	0
0	281
34	993
0	0
0	0
0	0
0	0
0	0
0	0
445	1905
0	124
6	1899
0	335
0	429
89	1321
0	186
0	0
0	0
0	0
326	0
0	0
0	0
0	0
0	0
0	0
0	0
0	0
0	0
0	0
0	0
0	0
0	0
0	0
0	0
0	0
0	0
0	0
0	0
0	0
0	0
59	1101
53	6173
344	733
7	1345
71	4194
269	1941
139	3080
0	882
12	2290
0	133
0	1573
84	1827
108	1608
0	0
21	976
0	4
0	12
0	2
0	0
264	0
395	492
0	8
0	492
0	19
7	284
0	4
0	0
0	42
0	13
0	15
0	35
0	33
0	72
0	420
0	325
0	28
7	243
0	41
0	393
0	3
1	286
0	33
50	27
286	39
0	99
1136	403
17	171
0	102
17	156
25	78
0	27
0	19
0	3
24	7
0	0
0	4
0	0
13	0
0	1429
38	2402
0	2453
0	17
0	2395
0	10
0	0
0	0
0	0
0	0
0	0
0	0
0	0
0	0
0	0
0	213
0	202
0	903
0	416
1209	1431
273	1267
2	1049
1	1177
2	1063
35	1047
0	858
4	728
14	721
9	692
0	290
0	367
32	273
0	294
0	256
29	341
0	112
0	89
15	276
0	5
0	213
0	101
0	31
0	9
0	7
0	0
0	0
0	0
0	0
0	0
0	0
0	0
0	302
0	305
0	324
169	326
0	2
0	0
0	0
0	0
5	10191
0	13
0	6209
0	206
0	753
0	1018
60	9659
0	6262
5	6174
0	389
0	0
0	278
0	684
76	6344
0	352
0	1000
13	324
257	5735
0	16
0	4877
0	36
0	371
0	1863
0	4987
0	35
0	185
0	14
1	0
0	0
0	0
0	0
0	0
0	0
1131	506
0	12
0	35
0	150
0	344
0	0
0	0
0	0
0	0
0	0
0	0
0	0
0	0
0	0
0	0
0	0
0	0
0	0
0	0
0	0
0	0
0	0
0	0
0	0
0	0
0	0
0	0
0	0
53	338
177	486
34	479
0	95
2	630
18	681
0	182
0	60
0	108
0	10
0	0
0	0
0	0
0	0
0	0
0	5273
0	4941
0	489
0	2225
20	632
0	1100
198	2790
0	3191
6	1247
0	265
32	2400
128	1583
50	1551
6	707
28	1112
0	549
54	750
0	669
0	576
0	417
0	31
0	275
0	206
3	104
0	170
9	365
0	15
3	12
0	0
0	0
0	0
0	3
0	5
0	49
0	9
19	5
11	772
0	2
2	861
0	0
0	0
0	0
0	0
0	0
0	0
0	0
0	0
0	0
0	0
0	0
0	0
0	0
0	0
0	0
0	0
0	0
0	0
0	0
0	0
0	0
0	0
0	0
0	0
0	0
0	0
0	0
0	0
0	0
0	0
0	0
0	0
0	0
0	0
0	0
0	0
0	0
0	0
0	0
0	0
0	0
0	0
0	0
0	0
0	0
0	0
0	0
0	0
0	0
0	0
0	0
0	0
0	0
0	0
0	0
0	0
0	0
0	0
0	0
0	0
0	0
0	0
0	0
0	0
0	0
27	12
0	12
0	0
2072	192
48	192
0	0
0	0
0	0
0	0
0	0
0	0
0	0
0	0
0	0
0	0
0	0
0	0
0	0
0	0
0	0
0	0
63	260
6	6
28	231
32	191
0	94
0	23
0	21
0	0
0	0
0	0
0	0
0	0
0	0
0	0
0	0
0	0
0	0
0	0
0	0
0	0
0	0
0	0
0	0
0	0
0	0
0	0
0	0
0	0
0	0
0	0
135	217
12	217
0	22
0	0
0	0
0	0
0	0
0	0
0	0
0	0
0	0
0	0
0	0
0	0
0	0
0	0
0	3
2	4
0	2
0	2
0	1
0	0
0	1
0	0
0	2
0	3
0	3
0	0
0	0
0	0
0	0
0	0
0	0
0	0
0	0
0	0
0	0
0	0
0	0
0	0
0	0
0	0
0	0
0	0
0	0
0	0
0	0
0	0
0	0
0	0
0	0
0	0
0	0
0	0
0	0
0	0
0	0
0	0
0	0
0	0
0	0
0	0
0	0
0	0
0	0
0	0
0	0
0	0
0	0
0	0
0	0
0	0
0	0
0	0
0	0
0	0
0	0
0	0
0	0
0	0
0	0
0	0
0	256
14	2221
0	253
0	2185
0	2068
1442	2598
0	1913
5	713
0	2
6	112
17	33
0	0
0	0
12	1065
97	1381
0	90
0	54
7	845
14	17
5	85
0	10
6	108
18	176
0	424
0	1
16	118
9	138
0	272
0	0
0	0
0	0
0	0
0	0
0	0
0	0
0	0
0	0
0	0
0	0
0	38
3	0
0	22
0	0
38	776
0	31
0	23
0	266
0	11
0	3
0	477
0	35
0	38
0	2
2	716
84	560
0	45
53	387
0	0
0	0
0	0
0	0
0	26
0	0
0	0
0	0
0	6
3	302
0	70
0	474
0	106
0	59
0	247
3	130
0	82
0	139
0	107
15	226
0	105
0	0
0	0
0	0
0	0
0	0
0	0
0	0
0	0
0	11
0	11
0	0
2	6
0	6
1	27
0	14
23	100
0	4
6	25
0	1
2	40
53	134
0	17
0	17
0	8
7	3
0	7
0	0
3	609
0	3
0	42
0	560
0	653
0	653
0	63
0	77
0	13
0	40
0	39
0	0
0	0
0	0
0	914
1549	5142
37	1974
24	784
0	800
0	51
0	3053
13	819
0	414
0	751
0	5
0	1019
117	2402
82	1804
0	0
0	0
0	0
0	0
0	0
0	0
0	0
0	0
0	0
0	0
0	0
0	0
0	0
0	0
0	0
0	0
0	0
0	0
0	0
0	0
0	0
0	0
0	0
0	0
0	0
0	0
0	0
0	0
0	0
0	0
0	0
0	0
0	0
0	0
0	0
0	0
0	0
0	0
0	0
0	0
0	0
0	0
0	0
0	13
0	3
0	14
84	14
5	1
0	1
0	0
0	0
0	0
0	0
0	0
0	0
0	0
0	0
0	0
0	0
0	0
0	0
0	0
0	0
0	0
0	0
0	0
0	0
0	0
0	0
0	0
0	0
0	0
0	0
0	0
0	0
0	0
0	0
0	0
0	0
0	0
0	0
0	0
0	0
0	0
0	0
1	206
0	8
552	206
0	48
0	0
0	183
0	450
0	450
0	168
0	4
0	23
0	23
0	17
0	0
10	21
0	15
0	10
0	0
0	0
0	0
0	0
0	0
0	0
2	203
0	5
20	291
4	202
0	37
0	47
0	141
0	22
0	52
0	57
0	56
0	0
0	0
0	0
0	0
0	0
0	0
0	0
0	0
0	0
0	0
183	1042
155	1388
7	418
47	1219
7	143
3	176
0	0
0	147
0	94
22	153
0	59
0	89
0	67
0	78
0	14
0	35
0	28
0	21
18	20
0	6
0	0
0	0
0	0
0	0
0	0
0	0
0	0
0	0
0	0
0	0
0	0
0	0
0	0
134	219
0	32
0	13
0	20
0	0
0	156
0	1459
0	17
7	1368
0	1263
0	1057
0	37
3	1341
0	1371
0	13
0	1473
0	1401
0	1264
0	2
12	1459
0	8
17	1180
0	12
0	24
0	65
7	304
30	119
0	39
0	137
0	15
0	0
0	125
0	0
0	31
0	126
0	28
0	59
0	82
4	126
0	58
0	31
0	126
0	71
0	116
0	0
0	1681
0	1680
16	1585
0	1672
0	137
0	1217
0	89
0	0
0	11
0	74
0	1
0	7
2	8571
0	0
134	13
0	13
0	52
0	57
0	50
0	70
17	1063
0	53
11	137
0	53
0	50
0	801
0	1357
0	65
0	73
34	1446
0	42
0	345
0	49
0	1341
9	815
0	203
0	131
0	97
0	57
0	168
0	0
0	153
22	223
0	135
0	50
0	0
0	64
1180	1052
8	557
0	467
0	317
0	144
0	177
0	107
246	59
0	17
0	21
0	13
0	38
0	0
0	0
0	0
0	0
0	0
175	26710
181	25673
0	25612
435	15438
0	2136
0	904
53	1863
0	1900
0	232
0	401
0	875
0	0
0	0
0	0
0	0
0	0
0	0
0	0
0	0
0	0
0	0
0	0
0	2
5	357
0	43
0	44
0	542
19	6
0	50
9	271
0	69
1	489
0	9
10	482
0	10
0	487
0	31
0	270
0	179
0	140
0	147
0	0
0	104
2	154
0	218
0	0
0	0
0	1568
0	1389
0	1746
0	863
3	730
1	310
0	70
0	310
0	321
0	6
0	219
0	276
0	348
0	0
0	193
0	278
0	6
0	300
0	194
3	188
0	192
0	42
0	78
0	80
0	166
0	59
0	124
0	55
0	138
0	21
0	0
3	87
0	83
0	78
0	3
0	57
0	25
0	19
0	6
0	9
0	4
0	4
0	1
0	0
0	164
0	611
64	1855
6	1476
0	244
14	364
1	363
88	1568
0	946
0	535
0	369
5	735
22	973
41	216
0	5
9	639
11	0
26	205
0	3
0	137
0	177
0	145
0	117
0	142
0	51
0	78
0	78
0	1
0	39
0	38
0	11
0	2
0	32
0	51
0	51
0	55
0	38
0	48
0	13
0	5
0	4
0	13
0	33
0	13
0	0
0	11
0	13
0	0
0	0
0	0
0	50
0	0
0	0
0	13
0	51
0	13
0	34
0	11
0	6
0	0
0	8
0	4
0	29
0	6
0	6
0	60
1	2381
0	142
0	2324
0	2238
0	2315
0	2172
0	2244
0	123
1	2025
0	150
0	2095
0	128
50	2375
0	147
0	256
0	53
0	116
0	294
0	107
0	81
0	0
0	89
0	0
0	0
0	0
0	0
0	0
0	0
0	0
25	326
25	257
0	81
5	177
0	0
0	0
0	0
0	0
0	0
0	93
5	25
0	37
0	40
0	223
15	231
0	59
0	25
15	198
0	20
0	0
0	13
0	8
0	3583
0	3656
6	3657
0	2660
0	1705
4	1887
0	1877
0	1163
2	1154
0	834
20	804
0	547
0	0
0	0
0	0
0	0
0	0
0	0
0	0
47	3594
983	4855
0	1573
0	1268
0	1005
0	380
15	2250
0	1555
22	33
0	329
0	23
0	115
0	21
0	105
0	99
0	82
0	55
0	59
0	9
0	3
0	8
0	0
0	0
0	0
5	940
11	1233
0	2
0	348
0	5
0	72
3	339
0	6
0	670
0	15
0	472
0	542
0	1
8	169
1	476
0	218
83	398
0	955
0	914
2	921
4	919
30	915
0	226
0	213
0	193
0	143
0	142
0	132
0	0
0	55
0	0
0	0
0	0
0	0
0	100
254	886
129	471
141	576
29	483
83	115
0	0
0	11
0	11
1	12
3	12
0	7
0	3
0	3
0	0
0	0
0	4
0	0
0	0
0	0
219	904
2	76
0	238
69	237
29	161
4	116
18	4
0	6
0	1
1	86
12	504
0	129
0	52
0	25
0	11
0	3
0	0
0	0
259	2146
0	2107
0	23
5	1552
0	70
0	1
0	489
0	16
0	1
30	191
0	23
0	0
0	0
0	0
0	0
0	0
122	302
4	295
0	266
0	95
0	2
0	16
0	13
0	1
0	0
0	0
0	0
0	0
0	0
0	0
0	0
0	0
0	0
0	0
0	0
0	0
0	0
0	0
0	0
0	0
0	0
0	0
0	0
0	0
0	0
0	0
0	0
0	0
0	0
0	0
0	0
0	0
0	0
0	0
0	0
0	0
0	0
0	0
0	0
0	0
0	0
0	0
0	0
0	0
0	0
0	0
0	0
0	0
0	0
0	0
0	0
0	0
0	0
0	0
0	0
0	0
0	0
0	0
0	0
0	0
0	0
0	0
0	0
0	0
0	0
0	0
26	78
0	0
0	0
0	0
0	0
0	0
0	0
0	0
0	0
0	0
0	0
0	0
0	0
0	0
0	0
0	0
0	0
0	0
0	0
0	0
0	0
0	0
0	0
0	0
0	0
0	1
0	1
0	0
0	0
0	0
0	0
0	0
0	0
0	0
0	0
0	0
0	0
0	0
0	0
0	0
0	0
0	0
0	0
0	0
0	0
0	0
0	0
0	0
0	0
0	0
0	0
0	0
0	0
0	0
0	0
0	0
0	0
0	0
0	0
0	0
0	0
0	0
0	0
0	0
0	0
0	0
0	0
0	0
0	0
0	0
0	0
0	0
0	0
0	0
0	0
0	0
0	0
0	0
0	0
0	0
0	0
0	0
0	0
0	0
0	0
0	0
0	0
0	0
0	0
0	0
0	0
0	0
0	0
0	0
0	0
0	0
0	0
0	0
0	0
0	0
0	0
0	0
0	0
0	0
0	0
0	0
0	0
0	0
0	0
0	0
82	10
0	10
0	0
0	0
0	0
0	0
0	0
0	0
0	0
0	0
0	0
0	0
0	0
0	0
0	0
0	0
0	0
0	0
0	0
0	0
0	0
0	0
0	0
0	0
0	0
0	0
0	0
0	0
0	0
0	0
0	0
0	0
0	0
0	0
0	0
0	0
0	0
0	0
0	0
0	0
0	0
0	0
0	0
0	0
0	0
0	0
0	0
0	0
0	0
0	0
0	0
0	0
0	0
0	0
0	0
0	0
0	0
0	0
0	0
0	0
0	0
0	0
0	0
0	0
0	0
0	0
0	0
0	0
0	0
0	0
0	0
0	0
0	0
0	0
0	0
0	0
0	0
0	0
0	0
0	0
0	0
0	0
0	0
0	0
0	0
0	0
0	0
0	0
0	0
0	0
0	0
0	0
0	0
0	0
0	0
0	0
0	0
0	0
0	0
0	0
0	0
0	0
0	0
0	0
0	0
0	0
0	0
0	0
0	1562
0	166
0	2329
0	2314
0	466
0	271
0	86
0	2
1203	7010
31	5164
25	1524
0	1771
0	935
0	0
0	0
0	0
0	0
0	0
0	0
0	0
0	27
0	19
0	27
0	20
7	1140
17	225
0	194
37	1310
17	4501
0	4587
2	4497
0	3705
5	880
0	2646
4	2020
15	1530
9	350
0	1129
0	780
0	564
0	278
1	327
0	604
0	626
0	613
0	582
0	676
0	498
0	476
0	363
1	259
0	238
0	122
0	0
0	0
0	0
0	0
0	0
0	0
1	356
0	355
0	19
0	51
0	84
0	48
0	59
0	40
0	15
0	22
0	0
423	517
16	517
44	486
4	11
0	11
11	3482
406	3498
0	1306
0	702
0	568
0	2
0	0
0	0
0	0
0	0
0	0
0	0
0	0
0	0
0	0
0	0
0	0
0	0
0	0
0	1
8	3
0	1
0	1
0	3
0	0
0	0
0	0
0	0
0	0
0	0
0	0
0	0
0	0
0	0
0	0
0	32
6	370
0	393
0	75
0	263
37	357
17	1662
687	2248
0	218
0	120
0	119
0	138
8	1984
0	428
46	213
0	175
0	168
0	92
0	65
10	76
110	1093
0	257
53	1147
0	130
0	74
0	412
3	1152
10	49
0	98
0	0
1	1224
9	1487
40	360
1	483
1	241
2	928
0	12
0	77
0	0
0	0
0	0
5	2458
13	1867
0	104
0	2427
0	2434
0	2366
0	2363
0	2339
0	2415
0	2367
0	2383
11	2509
0	2243
0	1878
0	2465
0	2432
0	2380
0	2452
0	1902
0	2331
0	1954
0	2018
0	2292
0	1966
0	2316
0	2368
0	2319
0	2267
3	2330
3	2462
0	1244
0	11
0	128
0	258
0	87
0	13
0	63
0	0
0	0
0	0
0	0
0	0
0	0
0	0
0	0
0	0
0	0
0	0
0	0
0	0
0	0
0	0
0	0
0	0
0	0
0	0
0	0
0	0
0	0
0	0
0	0
0	0
0	0
0	0
0	0
0	0
0	0
0	0
0	0
0	0
0	0
0	0
0	0
0	0
0	0
0	0
0	0
0	0
0	0
0	0
0	0
0	0
0	0
0	0
0	0
0	4721
0	5473
0	5126
4	3900
25	730
1384	609
0	614
0	430
0	0
17	11
0	0
0	0
4	17
0	17
0	10
0	2
0	0
0	0
0	0
0	0
0	0
0	0
0	0
0	0
0	0
0	0
0	0
0	0
0	0
0	0
0	0
0	0
0	0
0	0
0	0
0	0
0	0
0	0
0	0
0	0
0	0
0	0
0	0
0	0
0	0
0	0
0	0
0	0
0	0
0	0
0	0
0	0
0	0
0	0
7	1492
0	24
2	1052
0	152
7	1575
0	1556
76	43
2	43
0	17
0	0
0	0
62	2033
10	1999
0	17
0	20
0	14
0	277
56	2005
0	84
0	2
0	2022
22	2002
0	695
1654	695
0	156
0	74
407	4
0	0
0	0
0	0
0	0
0	4
0	0
0	0
0	0
0	0
0	0
0	0
0	0
0	12
0	12
3	12
19	4
0	4
0	0
0	0
0	0
0	0
0	0
1	42
0	42
0	7
0	0
0	0
0	0
2519	416
3	411
0	106
0	0
0	0
0	0
2758	0
0	0
9	13
0	13
0	0
0	0
0	43
0	46
0	6
0	16
0	23
0	4
0	9
0	1
0	0
0	0
0	0
0	0
0	1183
912	537
6	514
0	1
0	23
0	0
0	0
0	0
0	0
0	0
0	0
0	0
0	0
0	0
0	0
0	0
0	0
0	0
0	0
0	0
0	0
0	0
0	0
0	0
0	0
0	0
0	0
0	0
0	0
0	0
0	0
0	0
0	0
0	0
0	0
0	0
0	0
0	0
0	0
0	0
0	0
0	0
0	0
0	0
0	0
0	0
0	0
0	0
0	0
0	0
0	0
0	0
0	0
0	0
0	0
0	0
0	0
0	0
0	0
0	0
0	0
0	0
0	0
0	0
0	0
0	0
0	0
0	0
0	0
0	0
0	0
0	0
0	0
0	0
0	0
0	0
0	0
0	0
0	0
4	104
35	113
0	64
0	25
0	14
0	18
0	15
0	4
0	0
0	13
0	2
0	15
0	8
0	6
0	9
0	8
0	0
0	6
0	6
0	7
0	7
0	0
0	1
0	0
0	0
0	0
0	0
0	0
0	0
108	850
110	12604
1627	724
0	541
10	8840
44	12639
61	2386
46	821
0	905
0	12630
294	1327
122	0
0	0
0	0
0	0
0	0
0	0
0	0
0	0
0	0
0	0
0	0
0	0
0	0
0	0
0	0
0	0
0	0
0	0
0	0
0	0
0	0
0	0
0	0
0	0
0	0
0	0
0	0
0	0
0	0
0	0
0	0
0	0
0	0
0	0
0	0
0	0
0	59
0	109
355	1168
0	1087
0	303
0	0
0	0
0	0
0	0
0	0
0	0
1061	2911
0	0
0	940
0	606
0	71
2	1367
0	726
0	0
0	0
231	2164
4	2122
2	651
0	0
0	0
0	0
0	7
1	20
0	0
0	0
0	0
0	0
0	0
0	0
0	0
0	0
0	17
4	20
0	62
22	647
72	808
0	172
40	264
2	316
4	327
0	153
0	169
3	13
0	0
0	2
0	12
0	0
0	0
0	1
0	3
0	3
23	0
0	0
0	0
0	1
0	9
0	0
0	0
0	0
0	0
233	44
1	41
0	33
0	2
0	0
0	0
0	0
0	0
0	0
0	0
0	0
0	0
0	0
0	0
0	0
0	0
0	0
0	0
0	0
0	0
0	0
0	0
0	0
0	0
0	0
0	0
12	89
0	61
0	84
0	30
0	23
0	0
0	9
0	12
424	8983
0	1981
16	1049
2	7274
6	1095
0	1472
0	447
1	1865
0	1626
0	642
0	1544
0	1465
0	1827
0	0
0	1079
0	1476
0	1071
0	546
0	1853
0	442
0	952
0	690
0	332
0	676
0	407
155	953
0	16
0	50
42	188
0	11
0	55
36	45
0	0
0	39
2	48
77	496
0	13
0	0
0	0
0	6
0	20
0	23
9	127
15	285
0	19
0	37
0	1518
0	1462
3	610
6	970
6	889
8	454
0	537
0	357
0	598
0	69
0	216
13	377
40	366
0	202
0	193
0	100
0	101
0	55
0	37
0	45
0	70
0	45
37	332
0	40
0	39
14	186
8	114
8	190
0	57
5	140
0	97
11	188
0	164
20	102
1	4
1	4
0	2
0	0
0	0
0	2235
0	2298
0	2273
0	163
0	1031
13	345
0	546
13	324
0	453
0	265
0	144
0	336
0	323
0	203
0	73
0	114
0	103
0	231
0	227
0	220
0	95
0	90
0	141
0	50
0	96
0	25
0	0
0	129
2	192
21	185
8	0
0	185
0	199
0	169
67	395
32	529
40	729
37	416
4	188
0	184
0	189
0	218
0	60
0	0
0	27
2	27
0	5
0	1
0	2
0	2
0	0
0	0
0	0
0	0
0	0
0	0
0	0
0	0
0	0
0	0
0	0
0	0
0	0
0	0
0	0
0	0
0	0
0	0
0	0
0	0
0	0
0	0
0	0
0	0
0	0
0	0
0	0
0	0
0	0
2	10
0	10
0	3
0	0
0	1
0	1
0	0
0	1019
1984	3269
0	830
32	860
1229	2139
0	27
69	2345
0	20
0	0
51	695
0	16
298	679
0	0
209	6868
0	0
42	3776
0	0
0	850
137	7264
7	945
23	2814
0	952
0	0
0	1121
26	0
194	5163
0	357
797	604
0	285
0	515
0	180
3	421
0	99
0	78
0	127
0	149
0	148
0	133
0	112
0	48
0	73
0	71
0	69
0	39
0	6
0	0
0	0
0	3
0	0
0	92
5	91
0	109
7	100
0	34
0	9
0	62
0	56
0	53
0	28
0	48
0	22
0	1
0	0
0	0
0	0
0	0
0	0
0	0
0	0
0	74
0	30
0	50
2	17
0	57
0	70
29	5523
0	35
18	155
0	154
805	4939
3	19613
48	13465
1542	18729
70	13914
119	12479
9	11928
3	9243
0	5477
0	2451
0	0
0	0
0	0
0	0
0	0
74	2487
0	247
80	2403
0	768
0	281
120	77
0	0
0	0
0	0
0	0
0	0
0	0
0	0
0	0
0	1
0	0
0	20
0	1
0	21
0	0
0	0
0	8
0	5
0	4
0	0
0	5
0	4
0	0
0	0
0	8
0	0
0	0
0	0
0	26
0	62
0	30
0	48
5108	116
0	72
0	53
0	17
0	0
0	0
0	0
7423	71766
0	71573
55	10145
76	17540
17	71801
16	72028
0	12
1	763
0	763
3	251
0	47
0	41
0	130
0	47
141	4027
0	3677
78	3189
0	196
0	56
8	322
0	35
0	27
2	1119
0	1027
0	1109
18	272
0	1034
0	1027
0	1040
2	1039
0	144
0	215
0	0
1	123
0	21
0	56
0	36
0	27
0	27
0	0
0	0
0	7
0	0
6	7
0	0
1	465
22	381
6	360
1	259
1	73
0	116
0	8532
0	8821
4	8526
0	8912
0	885
0	5838
0	126
30	615
0	544
0	541
0	70
2	551
0	350
0	10
0	563
0	595
1434	46
0	124
21	506
15	457
0	90
0	509
44	557
6	481
6	37
0	43
0	10
0	78
0	0
0	7
0	4
0	31
8	57
12	58
16	0
0	0
1	157
8	144
0	1547
0	911
0	1732
0	72
0	925
0	1078
0	1251
2	1383
21	1511
0	316
5	966
0	854
15	970
0	810
0	325
0	146
0	272
0	18
0	0
0	90
0	926
0	207
10	642
0	1072
0	150
0	5
0	905
0	907
0	872
0	896
0	192
0	5
0	146
0	431
0	60
3	65
0	451
0	28
0	9
0	0
0	147
0	200
0	152
0	28
0	14
0	9
116	4526
0	0
3936	3454
0	5
10	247
78	120
125	505
0	532
0	125
14	26
0	0
182	15
0	15
257	1160
0	344
1	461
0	885
6	520
8	1126
0	361
0	856
0	0
15	74
0	0
0	14
1	73
46	44
0	31
0	0
0	9
0	0
0	11
0	11
177	212
7	1
18	91
37	275
48	461
0	78
0	26
212	1164
0	1170
5	1150
0	184
5	361
0	77
0	104
0	790
13	129
0	54
0	1
0	33
0	292
0	164
0	98
0	79
0	71
3	891
14	1008
7	881
0	825
2	840
13	196
0	37
0	71
0	0
0	0
0	0
4	7
0	25
0	0
0	0
85	704
0	888
0	888
4	889
6	778
17	273
0	122
0	594
0	277
20	358
0	119
0	188
0	239
0	0
0	96
0	29
0	0
13	1395
0	1491
0	1454
0	156
138	1169
12	1150
38	1151
36	986
0	688
0	764
9	403
13	279
0	0
10	208
37	246
16	41
4	96
9	185
0	100
0	3
17	122
0	30
24	16
0	28
0	90
62	3029
31	3137
7	3053
45	3174
0	319
0	197
17	3127
0	0
0	208
12	852
0	7
0	28
0	918
0	925
0	66
0	2518
19	1330
0	505
0	547
27	1815
0	306
0	351
0	177
0	0
0	0
0	0
0	0
0	0
0	0
0	0
0	0
0	0
0	0
0	0
0	0
0	0
0	0
0	0
0	0
0	0
0	0
0	0
0	0
0	0
0	0
0	0
0	0
0	0
0	0
0	0
0	0
0	0
0	0
0	0
0	0
0	0
0	0
0	0
0	0
0	0
0	0
0	0
0	0
0	0
0	0
0	0
0	0
0	0
0	0
0	0
0	0
0	0
0	0
0	0
0	0
0	0
0	0
0	0
0	100
0	53
0	134
0	65
0	127
22	0
15	98
0	89
8	96
11	55
0	0
0	0
0	0
5730	2166
0	1932
0	340
0	88
0	0
0	0
4	1628
0	1721
0	146
0	28
0	1786
0	1786
6	586
0	29
0	29
0	162
0	308
0	1837
0	14
1	753
0	0
1	4
0	4
0	0
0	0
0	0
553	27
15	27
23	0
0	0
0	952
0	927
0	632
0	605
0	594
0	673
0	120
0	0
0	56
17	609
0	3
0	662
0	549
0	547
0	0
0	0
0	0
0	0
0	0
60	684
0	65
4	140
0	720
0	45
0	41
0	122
0	15
0	94
0	37
0	0
2594	19
0	27
19	1616
0	1614
0	1076
0	1017
110	1377
0	1836
0	1526
8	7
0	35
0	1279
0	229
0	0
4	84
0	1
0	0
0	0
0	0
63	82
0	58
54	80
0	0
0	0
0	0
0	0
0	0
6	6195
220	6529
0	1207
7	5127
0	1698
0	186
0	1507
0	481
0	692
0	986
23	593
0	0
49	1652
505	4989
0	4999
0	888
4	551
0	332
1	184
21	1269
0	26
4	353
0	269
0	320
0	4
0	75
0	270
0	47
0	2
1	43
0	429
0	225
9	237
6	156
0	150
0	25
0	3
0	218
2	358
73	407
17	492
49	960
188	1126
0	488
0	477
41	523
0	205
0	62
0	46
3	16
0	0
0	112
13	529
0	70
9	110
35	269
0	135
0	13
11	135
0	203
0	194
0	36
0	24
353	1306
32	1280
9	944
0	0
13	282
0	578
0	253
11	525
6	177
35	528
10	1253
572	1679
0	882
0	0
0	2
18	2
0	387
4	359
2	367
0	19
105	376
0	376
0	133
0	42
0	20
0	7
9	12
8	216
0	6
0	216
2	221
5	47
0	163
13	111
5	221
0	92
0	158
0	126
0	20
2	164
0	270
0	240
0	93
0	93
0	5
0	2
0	0
0	0
0	0
0	0
0	0
0	0
0	0
0	0
0	0
0	0
0	0
0	0
0	0
0	0
0	0
11	2216
0	2340
0	407
14	2295
0	88
0	13
0	411
108	1215
0	853
467	1141
0	694
368	763
6	974
2940	1132
12	1115
26	499
12	0
1	447
0	476
4	455
55	155
0	150
26	311
42	123
17	210
0	221
0	100
24	498
0	506
0	0
0	42
1	324
0	294
0	113
0	47
0	0
0	0
0	0
0	0
0	0
0	0
0	0
0	0
0	0
0	0
0	0
0	0
0	0
0	0
0	0
0	0
0	0
0	0
0	0
0	0
0	0
0	0
0	0
0	0
0	0
0	0
0	0
0	0
0	0
0	0
0	0
0	0
0	0
0	0
0	0
0	0
0	0
0	16
0	24
0	22
0	28
0	28
0	28
0	4
0	3
0	5
0	5
0	9
0	10
0	6
0	0
0	0
0	6
0	6
0	6
0	6
0	3
0	0
0	0
0	0
0	0
0	0
0	0
0	0
0	0
1	4733
257	5252
0	5003
0	4147
0	4803
6	5012
0	355
0	424
3	3190
13	702
0	135
1	838
5	704
15	291
0	173
0	356
0	346
0	88
24	325
0	2
0	159
0	0
39	1962
1	1854
2	475
1	811
31	1890
0	1385
9	724
4	42
8	404
13	287
0	106
4	211
0	46
0	14
0	662
3	648
0	737
2	734
0	741
0	687
0	680
0	680
0	362
4	92
0	4
0	243
0	175
0	148
0	49
0	49
0	0
0	0
0	0
0	0
373	13959
36	14206
86	8103
0	13923
42	1293
85	5160
0	742
0	5893
168	4353
0	2351
0	1015
0	999
0	0
0	0
0	0
0	0
0	0
0	418
27	450
1	99
0	0
0	9
0	8
0	0
0	115
466	156
0	88
0	39
0	0
0	0
0	0
0	0
0	0
0	0
0	0
0	0
0	0
0	15
0	6
0	6
0	5
20	14
86	1758
94	775
123	1245
202	1283
0	67
0	466
0	1079
0	0
1	315
0	22
0	49
0	40
0	72
9	269
0	11
1	77
0	92
0	37
0	92
0	78
3	77
0	5
0	2
2	29
0	4
0	15
0	19
0	22
0	20
0	20
0	3
0	1
0	5
0	2
0	1
0	2
0	0
0	2
0	0
0	1
0	2
0	0
0	0
0	0
0	0
0	0
0	50
1650	1538
0	784
0	742
16	781
0	486
0	676
0	27
4	33
0	53
0	139
54	480
0	48
0	138
0	49
0	207
0	3
0	114
0	252
0	0
0	54
0	156
28	152
0	0
0	3
0	0
0	0
0	0
0	146
0	130
60	1719
13	97
8	111
0	228
3	318
0	102
0	6
0	216
8	333
7	1378
13	205
0	692
55	685
17	489
8	168
13	145
0	96
0	422
0	116
0	10
0	118
3	152
0	9
12	404
0	209
0	269
0	170
0	248
0	30
0	85
1	349
0	3
0	141
0	20
0	21
0	171
0	24
0	37
0	138
0	125
0	161
15	128
70	16
0	16
0	0
0	0
239	4067
2	1717
0	288
5	1630
12	2613
1982	2561
0	3708
0	934
9	5584
0	353
0	2818
53	2784
0	2367
183	2362
3	2776
0	96
0	398
0	704
0	424
0	143
0	535
0	474
1	162
0	26
0	1746
0	533
5	236
0	1543
3	176
3	1840
0	107
0	408
0	1595
0	0
0	0
0	0
0	0
0	10
0	10
0	0
12	0
0	537
0	575
1	1606
87	536
0	533
2	1559
9	1610
0	482
0	1609
0	110
0	6
0	135
0	479
0	373
0	585
0	294
0	474
0	455
0	1600
0	205
0	41
0	127
0	2
0	65
4	120
15	268
0	52
0	336
0	3
0	0
0	0
0	0
0	0
834	3778
363	2547
52	1049
31	400
253	2479
103	1069
0	586
180	842
43	34
0	34
18	1578
6	208
0	1017
0	319
43	1475
38	929
0	427
0	80
0	153
0	3
9	1029
0	767
22	0
0	0
0	153
5	371
0	341
0	384
1	363
61	350
0	362
3	106
0	61
0	43
0	50
0	9
0	10
0	6
0	9
32	1216
0	0
0	37
0	45
0	1181
1	299
0	11
0	12
0	29
28	4292
55	4632
0	4420
33	621
0	4158
88	4463
0	1330
24	189
179	150
131	150
0	29
38	5
0	0
140	3512
1134	4125
0	33
0	54
0	138
0	5
13	914
0	211
0	111
0	0
0	0
2	183
0	0
8	169
0	100
0	0
0	133
0	109
0	0
0	2527
2	2267
31	2358
3	2327
2	2439
1	2367
0	1328
0	45
0	549
0	589
0	85
0	131
0	416
0	154
11	83
0	30
5	25
0	29
0	26
0	28
5	27
0	29
0	29
6	19
0	6
0	24
0	2
0	1
0	0
0	0
0	0
0	0
0	0
0	0
0	0
0	0
0	0
17	6
0	6
29	186
4	195
0	18
0	119
0	186
0	87
0	109
10	155
7	159
9	159
490	4336
35	1853
0	1068
0	0
16	2680
11	533
0	14
0	37
109	82
0	18
0	18
0	22
0	0
0	0
0	0
0	0
0	0
0	0
0	117
0	11
0	30
0	14
0	1
0	1
243	114
0	14
0	12
0	0
0	1
0	1
0	53
390	747
0	1
0	29
7	717
0	7
0	0
23	2444
0	30
0	0
28	2318
7	2444
0	1
2	252
0	335
0	246
0	188
0	0
0	1472
0	1102
0	1256
46	1342
0	997
1	1321
0	1085
0	623
0	0
0	339
0	369
0	113
42	111
0	127
0	289
0	306
0	3
0	166
0	80
0	167
0	112
0	101
0	87
2	112
0	64
0	31
0	1
0	0
2	754
0	766
0	756
0	60
0	717
0	128
0	35
0	73
0	226
0	105
0	145
0	706
0	27
0	97
8	24
0	79
0	158
13	272
17	244
0	86
0	561
2	561
0	474
0	431
0	559
4	402
0	413
126	279
100	128
5	114
0	0
0	0
433	154
0	154
0	0
0	0
0	0
0	0
0	0
0	0
0	0
0	0
0	0
0	0
144	14973
32	7622
0	14967
2346	14877
8	14068
0	13005
0	10791
254	10599
0	7962
9	6307
0	2631
0	2215
0	0
0	0
0	0
0	0
0	0
0	0
0	0
0	12
0	0
0	65
1	1096
39	1146
0	188
10	905
18	553
0	194
0	444
0	207
6	562
0	102
0	17
0	33
2	99
0	330
0	204
0	0
0	1
0	10
0	4
0	1
0	3
3	10
0	10
0	1
0	0
0	0
0	0
0	2
0	2
0	7
0	0
0	2
0	1
0	1
0	1
0	0
0	0
0	0
0	0
0	0
0	255
28	1496
4	1745
0	327
0	438
0	1101
0	1047
0	171
1	441
11	621
0	593
5	419
0	211
471	0
5	32
1	37
0	23
0	21
0	6
3	562
17	562
12	552
12	1529
4	336
1	810
15	529
0	882
38	1342
0	568
0	598
0	25
0	0
0	0
0	0
0	0
0	0
1929	980
0	6
0	499
0	16
0	98
0	170
12	225
0	113
0	0
0	2465
28	2413
0	544
16	672
34	768
37	664
0	191
0	406
0	278
17	222
0	228
779	2131
205	2127
0	224
0	44
80	1339
24	1819
4	835
0	299
0	0
0	0
0	0
0	0
0	0
0	0
0	0
0	0
0	20140
227	21801
0	2714
3	3822
0	55
0	1643
0	5860
0	863
0	809
0	0
6	842
6	5123
43	6352
32	860
0	0
0	0
0	3240
9118	11974
0	435
0	1348
0	268
0	585
0	73
0	136
0	7236
0	1431
0	854
0	315
0	1788
0	1270
0	650
0	0
32	0
0	8
0	123
0	8
0	10
0	121
0	105
2	122
0	32
0	7
0	11
0	105
27	111
0	0
0	6
0	0
0	0
0	0
1863	1569
0	1187
8	0
0	85
0	312
0	0
0	0
0	0
0	0
0	0
0	0
0	293
4	320
0	478
0	779
117	1961
233	2905
0	775
0	31
31	1514
0	1229
0	1328
0	373
0	373
0	0
0	0
0	0
0	0
0	0
0	0
0	0
0	0
0	0
0	0
0	0
0	0
5	1001
0	693
121	1064
0	966
4	469
0	628
0	303
0	401
0	72
285	0
0	0
0	11
0	0
0	326
0	364
17	342
0	327
0	364
6	333
0	363
0	0
0	0
0	0
0	0
0	0
0	0
0	0
0	0
0	0
0	0
0	3167
304	3060
0	3003
0	265
24	1010
136	903
0	0
0	16
0	18
0	18
0	16
0	2
0	3
0	0
0	0
0	14
64	18
0	0
0	18
0	0
0	0
2	1945
0	2023
18	2026
0	65
0	280
0	130
0	1604
0	324
0	67
0	55
0	331
0	333
1	334
0	310
0	100
0	53
3	654
0	564
0	131
2	641
0	99
0	8
0	69
0	58
0	231
0	487
0	74
0	73
0	129
0	266
0	209
0	337
0	92
0	5
0	72
0	108
0	54
0	22
0	27
0	0
0	17
0	50
34	55
14	40
218	13
0	6
0	0
0	0
0	0
0	0
2	10
0	10
0	1
0	4
0	1
0	0
0	0
0	0
0	0
0	9
46	872
0	879
0	277
2	731
0	136
0	373
38	719
0	178
0	393
0	0
757	800
0	680
0	86
0	209
0	126
0	57
0	0
0	66
0	0
0	1478
0	86
24	1504
0	550
45	2298
16	679
14	2220
0	585
119	608
0	1191
0	732
0	799
11	533
0	1117
0	571
0	2169
8	762
4	387
1	421
1	165
0	3
0	3
0	45
0	182
62	163
129	106
0	44
0	26
0	26
0	26
0	14
0	23
0	2
0	13
0	1
0	0
0	2
0	0
0	0
0	0
0	0
0	29
0	127
0	127
0	93
0	14
11	166
0	9
1	123
0	73
0	90
0	94
0	10
0	22
13	27
0	0
0	18
0	34
0	10
0	0
0	0
1	175
0	238
4	180
0	241
0	4
0	1
0	40
0	246
0	6
0	48
0	94
0	96
0	96
0	42
0	6
0	7
0	35
0	28
0	24
0	4
0	5
0	0
0	0
0	0
7	115
104	115
0	0
0	0
0	0
0	0
228	98
0	95
0	98
0	11
0	0
0	6
0	12
6	2
0	2
0	0
18	3214
44	3472
0	32
0	35
0	1595
0	13
41	3201
0	2333
0	29
0	171
22	1935
0	0
0	161
0	15
59	2172
0	0
0	0
0	0
0	4898
0	1993
0	149
6	3808
0	39
49	653
0	261
0	893
0	556
0	988
0	154
0	171
0	74
10	525
5	373
0	373
19	35
0	35
1	357
2	325
0	79
0	75
0	27
0	34
0	32
0	196
1	184
0	25
6	110
0	0
0	116
0	39
0	87
0	72
0	55
0	7
2	85
0	0
0	19
0	6
0	4
0	12
0	0
0	0
0	0
0	151
0	725
0	113
0	167
0	71
0	96
6	73
2	166
0	572
25	2214
22	1990
2	2279
71	2455
0	2214
1	1556
0	1526
0	1234
55	993
0	53
17	125
0	76
10	2141
0	0
0	0
5	3
0	3
0	0
0	0
327	6166
3	5903
13	6110
9	5921
5	3884
4	500
0	1770
0	2746
0	183
0	97
0	66
3	368
2	201
6	395
0	368
17	383
0	112
0	73
8	192
0	12
0	0
0	0
0	2
0	0
0	2
0	2
0	2
0	196
12	377
0	119
0	146
0	10
205	1431
1	1326
40	324
0	725
0	2
33	408
0	94
0	76
479	4343
28	4824
0	546
0	552
2	474
1	40
0	1
0	281
3	272
6	142
0	121
0	0
0	0
0	0
0	0
0	0
0	0
0	0
0	0
28	173
33	181
0	18
0	34
4	132
7	102
0	86
0	41
13	46
21	32
0	37
0	16
0	28
0	33
0	11
0	33
0	12
364	938
7	964
0	413
10	298
0	1215
15	1215
13	606
0	1238
4	91
0	33
0	69
0	9
0	46
0	33
0	155
0	139
0	136
0	71
0	35
0	0
33	803
0	801
29	550
0	99
0	85
0	0
0	0
0	0
0	0
0	0
0	0
20	5603
27	2084
0	5578
25	1158
0	2617
0	245
0	2879
0	2310
0	1
26	73
0	25
0	0
173	4383
9	3691
0	1592
0	86
17	4044
0	84
8	924
0	1102
37	4051
0	44
5	1
0	749
0	749
0	652
0	523
0	653
0	899
2	20
0	583
16	722
17	579
45	3091
7	1594
0	1238
10	874
6	477
0	452
0	5
0	0
0	0
0	0
0	0
0	0
0	48
31	48
0	39
0	0
50	118
2	118
0	0
0	0
0	0
0	0
0	0
0	0
0	0
0	0
0	0
0	0
0	6
0	0
0	0
0	0
0	0
0	0
0	0
0	0
14	101
0	102
10	101
0	0
0	0
0	0
0	0
0	1
10	1
0	1
0	0
0	0
0	0
0	0
0	0
0	0
0	0
0	0
0	63
254	662
0	129
2	498
2	323
0	219
0	355
3	130
0	204
0	185
0	0
0	0
0	0
0	0
0	0
0	0
0	0
0	0
0	0
0	0
0	0
0	989
28	2121
0	5
0	625
0	842
0	586
51	30
0	470
0	1146
0	379
0	540
0	186
41	653
0	7
0	611
0	0
0	1333
0	111
0	177
23	93
8	71
3	1255
0	43
0	294
1	1101
0	244
22	843
0	139
25	83
0	0
3	5
0	0
0	1
4	57
0	91
164	638
0	150
4	213
16	392
8	148
1	128
0	100
16	9
0	0
0	0
23	462
0	434
2	318
0	285
0	378
2	390
6	250
1	263
0	37
0	30
9	25
0	34
0	25
0	57
0	26
303	304
12	49
9	165
11	119
0	66
0	31
0	26
15	27
0	28
1	0
0	0
0	0
0	0
0	0
0	0
0	0
0	1
3	2828
0	5
0	26
10	246
0	109
2	1517
0	1794
12	2575
82	2596
0	2654
0	2484
0	1606
15	2687
0	179
0	120
0	253
0	224
0	17
17	1115
0	106
0	216
8	1264
0	54
3	167
0	157
0	0
0	0
0	0
0	0
0	0
0	0
0	0
0	0
0	0
0	0
0	0
0	0
0	0
0	0
0	0
0	0
0	0
0	0
0	386
0	405
416	426
0	407
0	19
0	19
0	56
0	40
0	21
14	0
0	604
0	855
0	291
1	584
0	432
0	229
10	182
0	58
84	324
0	11
0	48
0	14
0	0
0	0
8	144
0	16
0	227
0	30
0	32
0	92
0	0
0	0
0	0
0	0
0	0
0	0
0	0
0	0
0	0
0	0
0	339
28	409
10	195
0	455
0	277
0	389
0	0
95	205
80	120
0	0
0	0
0	0
1	11
15	11
0	0
0	0
0	0
0	0
0	0
0	0
0	0
0	0
0	0
0	0
0	0
0	0
0	0
0	0
0	0
0	0
0	0
0	0
0	0
0	0
0	0
0	0
55	12
0	7
0	0
0	3
0	3
0	0
0	2
0	13
0	2
0	54
31	47
0	42
1	18
0	12
0	8
0	9
0	2
0	1
0	10
0	0
0	0
13	11
0	8
0	1
0	0
0	0
0	0
0	0
0	0
0	0
0	0
0	0
0	0
0	0
0	0
0	0
0	0
0	0
0	0
0	0
0	0
0	0
0	0
0	0
0	0
0	0
0	0
0	0
0	0
0	0
0	0
385	341
1	325
0	165
0	523
6	408
2	479
0	35
0	11
0	471
0	347
0	20
0	5
0	16
0	42
0	30
0	40
0	82
0	35
0	10
0	79
0	32
0	58
0	38
0	41
0	4
0	176
0	6
6	176
3	28
0	0
0	0
0	0
0	0
0	0
0	0
0	1
0	0
0	0
2	295
0	279
0	8
0	19
0	166
4	41
0	0
0	1
0	6
0	0
0	8
0	0
5	105
0	45
0	13
0	0
0	0
0	0
0	0
0	0
0	0
0	0
0	0
0	0
0	0
0	0
0	0
0	0
0	0
0	0
0	0
0	0
0	0
0	0
0	0
0	0
0	0
0	0
0	0
0	0
0	0
0	0
0	0
0	0
0	0
0	0
0	0
0	0
0	0
0	133
10	1994
24	2061
0	285
4	310
0	601
0	137
0	424
0	255
12	242
0	114
0	194
93	0
1	125
296	1819
0	31
0	147
11	554
2	200
0	201
0	86
26	10
35	1684
51	42
0	292
9	509
139	1233
0	289
0	12
10	598
0	43
27	124
0	204
0	62
0	0
6	1
0	0
0	0
0	0
0	0
0	0
0	0
0	0
0	0
0	0
0	0
0	0
0	0
0	3
0	0
0	0
0	0
0	0
0	0
0	0
0	0
0	0
0	0
0	0
0	0
0	0
1	75
0	4
0	56
5	75
0	21
0	17
0	0
0	0
0	0
0	0
0	3
0	0
0	0
0	0
0	0
0	0
0	0
14	9
0	9
0	0
0	1
0	1
0	0
0	0
0	0
0	0
0	0
0	0
0	0
0	0
3	406
0	19
0	5
0	93
0	104
0	322
0	50
1	69
0	373
13	110
0	409
0	26
0	4
0	50
0	0
7	430
31	3756
6	394
0	33
0	30
0	32
4	397
0	368
0	166
15	368
0	474
0	202
0	397
0	233
0	10912
79	18417
0	21515
0	40675
382	40168
0	40691
0	21879
0	39662
0	2677
167	7858
0	1008
0	0
16	15779
0	12830
26	6515
0	6684
0	6507
0	3168
0	2866
0	2326
0	2021
0	2023
0	1817
0	321
0	1242
0	811
0	624
0	599
0	439
0	616
0	188
20	188
0	117
0	159
8	10403
0	0
0	0
0	0
0	684
0	82
0	103
0	104
0	1
0	16
0	17
0	16
0	47
0	9
2	33
0	3
0	13
0	19
0	17
0	42
0	15
0	2
0	10
0	0
0	47
0	17
0	48
0	630
0	0
0	9
0	10
0	10
0	630
0	630
10	521
0	188
0	897
0	1364
1229	1330
0	1051
17	449
0	182
0	0
0	0
64	86
0	697
0	727
0	1484
0	1179
0	1628
27	2426
16	2134
9	2024
27	1998
1	2265
64	1913
18	1306
0	211
0	31
0	225
0	83
0	0
0	0
0	0
0	0
0	0
0	0
0	0
0	0
0	0
0	0
0	0
0	0
0	0
0	0
0	0
0	0
0	0
0	0
0	0
0	0
0	0
0	0
0	0
0	0
0	0
0	0
9	2260
0	60
0	2220
0	2126
0	154
80	96
0	58
0	66
0	18
40	564
5	407
0	57
5	132
0	108
0	0
0	0
0	0
0	0
0	0
432	825
0	794
0	839
0	452
0	445
0	549
4	559
0	524
0	545
0	343
21	345
0	345
0	257
0	60
3	69
0	32
0	101
0	29
0	3
0	27
0	0
0	0
0	0
0	0
0	0
0	0
0	0
0	0
0	0
0	0
0	0
0	0
0	0
0	0
0	0
0	0
0	0
0	0
0	0
0	0
0	0
0	0
0	0
0	0
0	0
0	0
0	0
0	0
0	0
0	0
0	0
0	0
0	0
0	0
0	0
0	0
0	0
0	0
0	0
0	0
6	2102
0	3381
0	2102
5	3261
0	3319
87	3455
17	3514
0	2877
1	2683
28	259
0	296
0	95
0	34
0	19
0	108
0	84
0	114
0	271
0	714
0	592
0	0
0	129
0	1
0	0
0	32
0	133
0	133
0	92
8	69
1	25
0	13
0	82
0	51
0	114
2	41
0	0
0	81
0	45
0	32
0	1
0	0
0	10
0	7
0	9
0	7
0	0
0	0
0	0
0	331
13	76
1	316
0	376
0	30
0	72
4	331
112	30
0	0
43	3
5	211
0	36
0	20
0	128
0	210
0	286
0	19
0	240
0	34
0	1
0	5
86	2526
0	2496
5	1814
0	359
0	1124
0	948
0	131
0	26
12	167
0	0
0	0
22	0
0	0
0	0
0	0
0	0
0	0
0	0
0	0
0	0
0	0
0	0
0	0
0	0
0	0
0	0
0	0
0	0
0	0
0	0
0	0
125	258
5	9
3	249
0	4
0	0
0	0
0	30
0	0
0	623
0	28
0	32
5	559
27	408
1	531
0	21
0	140
619	206
3	128
5	218
0	0
0	0
0	0
0	0
0	0
0	0
0	0
0	0
0	23
0	24
0	0
1	26
0	25
0	1
0	2
0	1
0	2
0	4
0	2
0	5
0	4
0	3
0	4
0	6
0	2
0	3
0	21
0	0
0	4
0	3
0	0
47	4002
51	4388
0	1189
0	1191
0	380
0	32
0	254
0	109
0	465
0	217
0	0
0	38
72	616
23	555
47	515
0	297
0	540
15	50
50	563
0	129
0	558
17	157
0	41
12	128
0	104
0	415
0	0
0	0
161	556
34	601
18	471
14	264
17	0
0	1
9	578
69	639
6	0
0	284
2	302
0	595
0	198
1	638
0	641
0	211
0	638
0	44
0	127
0	573
0	42
0	0
0	0
0	0
0	0
0	0
0	0
0	0
0	0
0	0
282	3097
121	2144
56	2071
0	264
0	286
11	491
0	10
0	123
0	123
0	123
0	0
0	0
0	0
0	0
0	0
0	0
0	459
14	311
0	47
0	51
0	1
0	280
0	147
0	15
0	2
0	33
0	9
0	15
0	0
0	90
13	112
0	16
0	21
0	14
0	15
0	10
0	0
10	429
0	25
19	410
0	28
7	330
0	37
13	274
0	52
39	255
0	0
0	0
0	0
0	0
0	0
0	0
0	0
0	0
0	0
0	0
0	0
1	0
0	0
0	2
0	0
0	0
0	0
0	0
0	0
0	0
0	0
0	0
0	0
0	0
0	0
0	0
0	0
0	17
9	17
0	0
0	4
0	4
0	386
3486	2864
0	60
8	2807
0	2479
0	715
0	433
86	376
47	1041
0	598
0	0
0	0
0	0
0	0
0	0
0	0
0	0
0	0
0	0
0	0
0	0
0	0
0	0
0	0
0	0
0	0
0	0
0	1106
992	465
0	11
0	0
0	117
4	713
2	583
6	599
0	145
5	186
7	122
0	27
0	8
0	10
0	58
0	63
0	0
0	15
0	35
0	13
0	16
0	10
1	15
0	0
29	0
0	0
0	0
0	0
0	0
0	0
0	0
0	0
0	4168
6	3455
86	790
66	954
496	1762
49	63
85	581
0	74
22	734
0	0
486	288
0	283
0	8
0	3
0	178
0	20
0	20
1	0
0	0
0	0
0	24
0	23
0	22
0	24
0	3
0	0
0	0
0	0
0	0
0	0
0	0
0	0
0	0
0	0
0	0
0	0
0	0
0	0
0	0
0	0
0	0
0	0
0	0
0	0
0	0
0	0
0	0
0	0
0	0
0	0
0	0
0	1
20	1
92	81
0	77
0	14
114	6
0	6
0	29
0	17
0	19
0	19
0	0
0	6
0	17
0	0
0	0
142	38017
5	24767
109	4859
34	8233
1737	29406
6	29283
17	25948
3792	23588
2052	9947
103	34238
1062	23215
22	2650
0	38324
16	23380
0	5481
0	1613
27	13116
7	19564
15	8507
0	7113
0	0
0	0
0	0
0	0
0	0
0	0
0	0
10	122
0	141
0	120
0	142
6	145
0	113
0	140
0	40
0	10
0	7
0	13
0	15
0	12
0	9
0	0
0	0
0	0
0	0
0	476
15	491
0	15
0	92
0	34
0	24
0	172
0	148
2	469
0	32
0	24
0	88
0	56
0	351
0	88
0	0
0	0
0	0
0	0
0	0
0	0
0	0
0	0
0	0
0	0
0	0
0	0
0	0
0	0
1	150
0	97
24	539
0	496
0	1
0	191
0	98
10	432
0	152
0	0
0	55
0	0
0	0
0	0
0	0
0	0
0	0
176	1177
11	918
0	69
0	0
0	561
0	11
45	983
0	723
7	367
0	0
0	0
0	0
0	0
0	0
0	0
0	0
99	35
0	35
0	0
0	0
0	0
0	0
10	671
30	736
11	134
0	41
0	30
0	1
9	12
17	11
0	3
0	3
0	0
0	0
0	0
0	0
19	59
60	59
0	91
12	18
0	384
0	569
0	18
0	8
123	45
0	391
0	349
0	414
0	406
78	556
0	14
0	32
2	133
4	36
0	98
4	28
0	0
0	0
0	0
0	0
0	0
0	0
0	21
0	21
0	8
0	1
0	4
0	0
0	0
0	0
0	0
0	0
0	3
0	68
0	68
0	2
31	68
0	0
0	0
0	0
0	0
0	20
15	268
0	2
0	18
0	115
0	72
0	9
0	83
0	43
0	141
6	290
0	3
0	14
0	16
0	0
0	0
0	0
0	0
0	0
0	0
0	0
0	0
0	0
0	0
0	0
0	0
0	0
0	0
0	0
0	0
0	0
0	0
0	0
0	0
0	0
0	0
0	0
0	0
0	0
0	0
0	0
0	0
0	0
0	0
159	3190
124	2781
0	2428
38	2051
0	714
6	1009
7	930
0	585
53	620
0	79
0	109
30	61
0	335
0	511
0	137
15	150
0	134
0	92
0	21
0	0
0	38
0	0
0	0
58	1711
115	1260
113	1197
0	458
72	862
117	1055
0	119
25	432
0	87
0	0
0	0
0	4
18	4
0	0
289	890
77	812
0	35
0	182
0	457
0	74
11	28
0	320
0	18
0	24
0	16
13	8
0	0
0	0
0	3
0	0
1	8
0	8
0	18
1	52
0	0
1	53
0	17
0	17
0	17
0	2
0	21
0	43
0	0
0	0
0	0
0	0
0	0
0	3099
7	3625
0	1433
11	477
0	33
62	45
0	356
47	1592
0	94
0	102
0	94
0	0
0	0
0	5
5	5
0	153
0	488
0	16
0	307
0	0
0	0
137	853
0	575
0	117
150	175
211	487
0	209
4	877
0	56
0	134
0	213
10	737
0	760
0	261
0	73
0	739
0	211
0	106
0	169
0	317
7	335
0	279
0	245
0	215
24	71
0	56
0	0
0	0
0	2
0	0
0	16
10	2
0	1
0	23
1	48
148	71
0	27
0	20
0	17
0	6
0	0
1	102
0	88
1	44
2	167
3	129
8	159
0	6
0	572
2	582
0	28
0	10
0	25
0	17
0	19
0	0
0	0
13	0
118	615
4	147
0	543
0	164
0	159
0	127
0	1
0	0
0	0
0	0
0	0
0	0
0	0
0	0
0	0
0	0
0	0
0	0
0	0
0	0
0	0
0	0
0	0
0	0
0	0
0	0
0	0
0	0
0	0
0	0
0	0
0	0
0	0
0	0
0	0
0	0
0	0
0	0
0	0
0	0
0	0
0	0
0	0
0	0
0	0
0	0
0	0
0	0
0	482
0	0
0	0
0	0
631	2204
0	741
185	2205
0	1170
0	372
0	193
0	131
0	62
0	1
0	880
0	495
0	678
0	337
0	544
0	359
0	358
0	230
0	131
0	0
0	0
0	0
0	18
0	25
7	375
7	52
0	428
0	42
0	6
0	24
0	53
0	34
2	417
0	37
0	5
0	0
11	1693
6	1694
67	1140
0	397
2	159
0	333
0	191
6	159
0	8
0	140
0	66
0	113
0	87
0	0
0	5
0	1
0	0
0	0
2	68
0	10
0	21
19	0
0	0
0	2
0	21
6	60
0	0
0	0
0	0
0	0
0	0
474	1060
71	678
0	629
0	76
324	75
11	137
15	67
0	1
0	0
11	2
1	0
0	0
0	0
0	0
0	0
0	2
0	0
0	173
14	111
0	18
0	45
0	87
0	23
0	12
0	16
0	1
0	9
0	0
0	0
0	8
25	1073
20	857
120	394
66	1271
0	883
12	965
15	241
0	489
0	158
0	513
0	270
15	236
11	246
4	453
0	426
5	15
0	159
0	12
0	179
17	15
0	0
0	0
0	0
0	0
0	0
0	0
0	0
0	0
0	0
0	0
0	0
0	0
0	0
0	0
0	0
0	0
0	0
0	0
0	0
0	0
0	0
0	0
0	0
0	0
0	0
0	0
0	0
0	0
0	0
0	0
0	0
0	0
0	0
0	0
0	0
0	0
0	0
0	0
0	0
0	0
0	0
0	0
0	0
0	0
0	0
0	0
0	0
0	0
0	0
0	549
9	539
0	63
0	303
2	138
0	224
7	398
2	410
0	545
0	18
0	43
81	787
209	1704
1	1275
13	2142
0	1753
0	407
105	962
0	275
1	279
0	65
0	44
0	67
0	524
215	749
0	118
0	0
0	0
0	0
0	0
0	0
0	0
0	0
0	0
0	0
0	0
0	0
0	0
0	0
0	0
0	0
0	0
0	0
0	0
0	0
0	0
0	0
0	0
0	0
0	0
0	0
0	0
0	0
0	0
0	0
0	15
0	0
20	6
0	0
0	0
0	0
0	0
0	0
0	0
2	1096
21	1135
0	158
0	114
0	814
0	721
1	356
0	626
3	110
0	624
0	218
0	177
0	0
0	281
0	5
0	165
0	6
0	77
0	26
0	144
0	112
0	89
0	113
0	46
0	0
0	0
0	0
0	0
154	1927
4	1432
13	1578
88	1712
0	69
15	1188
13	145
0	472
0	394
0	499
31	317
41	0
0	0
12	568
0	795
0	323
0	384
0	157
13	315
1	314
0	159
0	0
0	0
0	0
0	0
0	0
0	0
0	0
0	0
0	0
0	0
0	0
0	0
0	0
0	0
0	0
0	0
0	0
0	0
0	0
0	0
0	0
0	0
0	0
0	0
0	0
0	0
0	0
0	0
0	0
0	0
0	0
0	0
0	0
0	0
2	0
0	0
0	0
0	0
0	0
0	0
0	0
0	0
0	0
0	0
0	0
0	0
0	0
0	0
236	557
0	107
0	48
0	207
5	88
17	561
0	2
0	293
0	181
0	0
0	0
0	0
0	0
0	0
0	0
0	0
0	0
0	0
0	0
0	0
0	0
0	0
0	0
0	0
0	0
0	0
0	0
0	0
0	0
0	0
96	207
0	123
3	170
0	0
0	0
267	1456
33	657
0	492
0	163
200	443
0	144
55	498
19	317
0	292
0	0
0	0
0	0
0	0
0	0
0	0
0	0
0	0
0	0
0	0
0	0
0	0
0	0
0	0
0	0
0	0
0	0
0	0
0	0
0	0
0	0
0	0
0	0
0	0
0	0
0	0
0	0
0	0
0	0
0	0
0	0
0	0
0	0
0	0
0	0
0	0
0	0
0	0
0	0
0	0
0	0
0	0
0	0
0	0
0	0
0	0
0	0
0	0
0	0
0	0
0	0
0	0
0	0
0	0
0	0
0	0
0	0
0	0
0	0
0	0
0	0
0	0
0	0
0	0
0	0
0	0
0	0
0	0
0	0
0	0
0	0
0	0
0	0
0	0
0	0
0	0
0	0
0	0
0	0
0	0
0	0
0	0
0	0
0	0
0	0
0	0
0	0
0	0
2	9
0	1
0	2
0	2
0	9
0	1
0	2
0	1
0	0
334	0
88	1474
0	977
62	1176
141	1287
71	617
93	702
22	220
0	217
0	83
0	79
0	14
0	6
0	0
0	0
0	0
0	0
0	0
9	737
0	0
0	0
0	0
0	0
0	0
0	0
0	0
0	0
0	0
0	0
0	0
0	0
0	0
0	0
0	0
0	0
0	0
0	0
0	0
0	0
0	0
0	0
0	0
0	0
0	0
0	0
0	0
0	0
0	0
0	0
0	0
0	0
0	0
0	0
0	0
0	0
0	0
0	0
0	0
0	0
0	0
0	0
127	123
14	25
5	112
0	20
0	63
4	45
0	7
0	0
0	0
0	0
0	0
0	0
0	0
0	0
0	0
0	0
0	0
0	0
0	0
0	0
0	0
0	0
0	0
0	0
0	0
0	0
1	242
11	355
0	123
0	59
0	163
0	0
0	0
0	0
0	0
0	0
322	479
0	0
0	38
7	341
0	145
26	226
0	37
0	0
45	0
14	80
122	884
51	1088
16	457
43	841
45	409
113	1022
4	675
54	551
5	117
0	50
12	434
8	449
9	22
12	52
14	463
48	919
5	568
1	236
0	47
0	128
0	60
0	0
0	0
0	0
0	0
0	0
0	0
0	0
0	0
0	0
0	0
21	315
0	326
2	360
0	0
4	393
0	47
0	297
0	304
0	120
0	30
0	71
0	43
0	88
0	79
0	95
9	627
0	516
0	484
0	608
0	560
0	398
0	55
17	482
0	480
0	547
11	485
0	461
0	270
0	36
0	58
0	82
4	322
8	437
2	466
0	103
0	105
0	374
11	489
0	347
0	341
0	52
0	50
0	234
33	138
0	157
0	0
0	0
0	0
0	0
0	0
0	0
0	0
0	0
0	0
0	0
0	414
42	414
0	97
0	0
0	0
0	0
0	0
0	0
0	0
449	925
43	877
28	862
7	879
0	0
0	266
0	102
0	129
0	111
0	113
0	0
0	0
0	0
2	307
5	54
7	62
0	21
0	48
0	36
14	335
0	44
0	302
0	54
15	273
0	0
47	3
0	0
0	3
0	0
0	0
0	0
0	2
0	0
0	0
0	0
0	0
0	0
0	0
0	0
0	0
0	0
0	0
0	0
0	0
0	0
0	0
813	669
39	281
0	548
12	267
11	188
0	70
6	49
0	49
0	41
0	0
0	0
0	0
0	0
0	0
0	0
0	0
0	0
494	52
3	52
607	0
0	0
0	0
0	0
0	0
0	0
0	0
0	0
0	0
0	0
0	0
0	24
7	26
0	4
0	0
0	2
0	2
0	0
0	0
0	0
0	0
0	0
21	584
0	592
0	233
15	455
1	72
0	36
20	160
13	57
0	100
7	101
0	12
0	11
0	5
2	1746
0	2897
0	3269
0	63
0	513
0	1798
0	592
0	69
46	2085
98	794
0	3034
0	125
0	238
0	82
0	567
41	504
0	0
124	1361
0	1409
8	1463
0	765
0	247
0	47
0	30
0	4
0	9
0	2
0	87
0	64
0	4
0	0
0	0
0	0
2	9
0	9
0	0
1	721
0	749
0	778
0	727
0	743
0	691
3	719
2	683
5	638
6	660
53	589
2	65
0	522
0	484
0	531
0	501
30	372
0	230
0	0
0	11
0	3
0	0
507	0
0	0
0	0
0	0
0	0
0	0
0	0
0	0
0	0
0	0
0	0
0	0
0	0
0	0
0	0
0	0
0	0
0	0
0	0
0	0
0	0
0	0
0	0
0	0
0	0
0	0
0	0
0	0
0	0
0	0
0	0
0	0
0	0
0	0
1	0
0	0
2	41
2	28
0	0
0	0
0	0
0	0
0	3
0	12
0	14
0	0
0	0
0	0
0	0
0	0
0	0
0	0
0	0
0	0
0	0
0	0
0	0
0	0
0	0
0	0
0	0
0	0
0	0
0	0
0	0
0	0
0	0
0	0
0	0
0	0
0	0
0	0
0	0
0	0
0	0
14	6
0	6
0	1
0	0
0	0
0	0
0	0
0	0
0	0
0	0
0	0
0	0
0	0
0	0
0	0
0	0
0	0
0	0
0	0
0	0
0	0
0	0
0	0
0	0
0	0
0	0
0	0
0	0
0	2127
2	133
1400	2105
0	60
0	2127
0	65
0	141
0	5
0	23
87	1033
0	48
0	224
1	1123
10	1085
0	142
0	139
0	900
0	1132
0	1132
0	393
0	178
23	4336
272	4516
0	874
12	816
0	421
0	358
0	81
0	0
0	0
0	0
28	36
0	36
0	27
0	0
0	0
0	0
0	0
0	0
0	0
0	0
0	0
0	0
0	0
0	0
0	0
0	0
0	0
0	0
0	0
0	0
0	0
0	0
0	0
0	0
0	0
0	0
0	0
0	0
0	0
0	0
0	0
0	0
0	0
0	0
0	0
0	0
0	0
0	0
0	0
41	0
1	607
79	1452
4	1149
0	747
0	1049
0	297
2	307
0	534
0	0
0	166
0	54
0	0
0	0
0	0
0	0
0	0
0	0
0	0
0	0
0	0
0	0
0	0
0	0
0	0
0	0
0	0
0	0
0	0
0	0
0	8
3	8
0	0
0	0
0	0
0	0
0	0
0	0
0	0
0	0
0	0
0	0
0	0
0	0
0	0
0	0
0	0
0	0
0	0
0	0
0	0
0	0
0	0
0	0
0	0
0	0
0	0
0	0
0	0
0	0
0	0
0	0
0	0
0	211
0	937
72	928
0	0
29	114
0	85
10	706
0	54
18	169
0	565
13	192
0	244
0	185
0	0
0	0
0	0
0	0
0	0
0	0
0	0
0	0
0	0
0	0
0	376
0	1
0	614
0	714
91	780
13	812
0	349
0	71
0	717
0	35
0	313
0	478
0	490
0	197
0	65
0	18
0	198
50	80
2	172
0	171
0	65
0	55
0	0
0	0
0	0
0	0
0	0
0	0
0	0
0	0
0	0
0	0
0	0
0	0
0	0
0	0
0	0
0	0
0	0
0	0
0	0
0	0
0	0
0	0
0	0
0	0
0	0
0	0
0	0
0	0
0	0
16	1
884	280
0	55
14	209
0	116
0	97
0	62
0	67
12	80
0	2
0	2
6	13
14	4
0	73
0	99
10	545
3	219
0	342
0	0
0	3
0	0
0	0
0	0
0	0
0	0
0	0
0	0
0	0
0	0
0	8
0	86
0	0
244	0
41	377
0	353
0	263
0	28
0	0
135	863
0	438
0	547
0	294
0	528
0	165
0	50
0	0
0	0
0	0
0	0
0	0
0	0
0	0
0	0
0	0
0	0
0	0
0	0
0	0
0	0
0	0
0	0
0	0
86	1161
3	1054
0	343
1	404
0	302
0	54
0	0
77	0
413	865
0	128
0	78
10	801
0	24
0	0
0	0
0	19
689	1867
0	333
0	514
2	791
0	13
0	291
5	0
0	351
0	94
0	488
0	378
0	482
605	1889
0	154
0	744
2	339
17	1093
0	38
0	671
0	2396
0	30
0	18
16	55
10	2394
0	24
0	24
0	24
0	24
0	53
0	41
0	0
0	0
0	2
1	40
0	1171
11	43
0	3
4	547
0	47
0	29
0	62
0	31
0	31
3	54
0	53
6	268
0	244
14	153
0	0
0	0
1	1
0	1
0	1
0	0
0	1
0	1
0	1
0	0
0	0
25	595
1	595
0	423
0	52
0	24
0	27
41	73
0	73
0	60
0	43
0	16
0	0
47	1451
0	134
0	1108
0	46
0	47
0	0
2	273
0	252
0	0
0	0
0	0
0	0
0	0
0	0
0	0
0	0
0	0
0	0
0	0
0	0
0	0
0	0
0	0
7	819
0	1012
0	1012
0	145
0	1011
0	1011
0	402
0	131
0	944
0	2185
0	1867
0	1380
6	1494
0	2185
1	353
0	894
3	347
0	147
0	81
0	77
0	153
0	174
0	98
0	28
0	0
0	0
0	0
0	0
22	2123
0	849
4	2123
0	0
0	0
563	0
0	0
0	0
0	0
0	0
0	0
0	0
0	0
0	0
0	0
0	0
0	0
0	0
0	0
0	0
0	0
0	0
0	0
17	41
0	41
0	41
0	41
0	0
0	0
0	0
0	0
0	0
0	0
0	0
0	0
0	0
24035	1544
11	1510
0	743
21	34
0	2
99	0
4	2
11	1
0	1
0	1
0	1
0	0
0	0
0	0
0	0
0	0
0	0
0	0
0	0
0	0
0	0
0	0
0	0
0	0
0	0
0	0
0	0
0	0
0	0
0	0
0	0
0	0
0	0
0	0
0	0
0	0
0	0
0	0
0	0
939	66
10	65
0	0
0	0
1	807
0	628
0	0
0	0
863	992
3	747
31	780
0	527
0	71
0	113
0	102
0	63
14	4
0	4
72	78
0	43
0	354
1	70
2	258
0	12
0	342
15	351
0	355
0	12
0	48
8	179
0	34
11	75
12	81
0	65
0	12
0	410
0	39
0	54
0	0
0	0
72	196
3	163
0	98
33	147
171	353
190	271
0	94
0	271
0	0
0	0
0	0
0	0
0	0
0	0
0	0
0	0
0	0
0	0
0	0
0	0
0	0
0	0
0	0
0	0
0	0
0	0
0	0
0	0
0	0
0	0
0	0
0	0
0	4
3	38
0	1
0	2
0	34
0	32
0	11
0	3
0	2
0	0
0	0
0	0
24	1227
40	879
41	1010
0	658
0	15
0	0
0	0
0	0
0	4
0	4
0	0
0	0
0	0
0	0
0	0
0	0
23	558
0	980
0	996
82	55
0	40
11	211
0	1026
0	170
0	26
0	695
45	583
0	695
6	203
470	1209
0	139
0	355
0	582
17	650
8	251
0	538
0	739
0	434
0	1
0	197
0	197
0	197
0	0
0	0
0	0
0	0
0	0
0	0
0	0
0	0
0	0
0	0
0	0
0	0
0	0
0	0
0	0
0	0
0	0
0	0
0	0
0	0
0	0
0	0
0	0
0	0
0	0
0	0
0	0
0	0
0	0
0	3
0	0
0	0
26	129
9	118
0	6
0	18
0	68
4	109
0	0
0	0
0	53
0	0
0	0
0	0
0	0
0	0
0	0
0	0
0	0
0	0
0	0
0	0
0	0
0	0
0	0
0	0
0	0
0	0
0	0
0	0
0	0
0	0
0	0
0	0
0	0
0	0
0	0
0	0
0	0
0	0
0	0
0	0
0	0
0	0
0	0
0	0
0	0
0	0
0	0
0	0
0	0
0	0
0	0
0	0
0	0
0	0
0	0
0	0
0	0
0	0
0	0
0	0
0	0
0	0
0	0
0	0
0	0
2	275
0	20
0	67
0	52
0	39
0	48
3	249
0	313
0	237
0	49
0	2
0	8
0	313
0	39
0	247
0	39
0	1
0	6
0	85
0	11
0	20
0	8
16	0
0	0
0	0
0	0
0	0
0	0
0	0
0	0
0	0
0	0
0	0
0	0
0	0
0	0
0	0
0	0
0	0
0	0
0	0
0	0
0	0
0	0
0	0
0	0
0	0
0	0
0	0
0	0
0	0
0	0
117	705
4	693
0	136
0	0
0	0
0	0
0	0
0	103
0	3
0	0
0	0
10	3700
123	3821
2	3157
0	642
0	1945
0	76
0	608
0	854
0	228
0	375
0	79
0	43
1	89
0	0
0	0
0	0
0	0
0	0
0	0
0	0
0	0
0	0
0	0
0	0
0	0
0	0
0	0
0	0
0	0
0	0
0	0
0	0
0	0
0	0
0	0
0	0
0	0
0	0
0	0
0	0
0	0
0	0
0	0
0	0
0	0
0	0
0	0
0	0
0	17
106	32
18	719
0	646
0	606
0	636
0	159
0	522
0	63
4	237
0	16
0	87
0	78
0	78
0	10
0	3
0	37
0	20
0	2
0	2
0	9
0	26
0	8
2	46
0	0
0	64
0	40
0	41
0	52
4	51
0	6
0	16
0	0
0	0
0	0
0	0
0	0
0	0
0	0
0	0
0	0
0	0
0	0
0	0
0	0
0	0
0	0
0	0
4	254
0	85
0	78
0	259
0	239
0	226
0	160
0	100
0	14
0	13
0	12
0	93
0	0
0	78
0	0
0	51
0	41
0	37
0	28
0	14
0	0
0	0
0	0
0	0
0	0
0	0
0	0
0	0
0	0
0	0
0	0
0	0
0	0
0	0
0	0
0	0
0	0
0	0
0	0
0	0
0	0
0	0
0	0
0	0
0	0
0	0
0	0
0	0
0	0
0	0
0	0
0	186
0	554
177	586
0	0
78	1582
0	5
137	1329
41	1401
148	283
18	175
14	137
0	1
0	17
0	0
0	0
0	0
0	0
0	0
0	0
0	0
0	0
0	0
0	0
0	0
0	0
0	0
0	0
0	0
0	0
0	0
18	2132
0	3716
0	3498
0	0
22	1378
2	2164
23	2290
0	825
0	112
39	865
0	14
0	228
0	174
0	0
0	0
0	0
1	267
0	0
0	0
11	57
0	0
834	262
0	112
0	150
3	112
0	4
0	94
0	84
0	5
15	1060
0	46
0	1056
0	2
0	699
0	622
8	968
0	139
0	76
0	11
0	50
0	36
0	186
0	68
0	0
0	50
8	146
0	42
0	102
0	365
0	6
0	3
0	27
0	0
20	36
0	24
0	36
0	1
69	1923
88	1170
96	1837
0	225
0	236
1	34
7	38
0	11
0	33
198	29
0	9
0	340
0	95
0	84
0	84
6	828
0	59
0	512
0	93
2	300
0	495
2	324
0	50
0	165
0	0
0	159
2	110
0	69
0	38
0	35
0	37
0	36
11	23
0	17
0	5
0	4
0	0
32	6
0	6
0	0
0	38
0	44
16	1196
0	30
4	44
0	33
0	92
59	939
21	1006
0	59
11	562
4	149
0	8
6	155
0	0
0	0
1	61
0	61
0	0
0	0
0	0
0	0
0	0
0	0
0	0
0	0
0	0
0	0
0	0
0	0
0	1
0	1
0	0
0	0
0	0
0	2
0	2
0	2
0	3
0	2
3	3
0	2
0	2
0	0
0	0
0	0
0	1
0	1
0	0
0	0
0	0
0	0
13	14
0	14
0	10
0	10
0	5
0	0
0	2
9	5254
6	2662
12	2751
15	2136
0	2773
0	340
195	5077
0	284
0	822
0	202
0	966
0	0
0	0
0	0
0	0
0	0
0	0
0	0
0	0
0	0
0	0
0	0
0	0
0	0
0	0
0	0
0	0
0	0
0	0
0	0
0	0
0	0
0	0
0	0
0	0
0	0
0	0
0	0
0	0
0	0
0	0
0	0
0	0
1	52
0	51
11	44
7	46
0	48
0	23
0	44
0	37
0	28
9	17
0	17
0	12
0	16
0	0
149	78
0	36
0	64
0	26
0	5
0	4
0	0
0	3
0	3
0	1
0	1
0	0
0	0
0	0
0	0
0	0
0	0
0	0
0	0
0	0
0	0
0	0
0	0
0	0
0	0
0	0
0	0
0	0
0	0
0	0
0	0
541	11889
2	11889
0	3332
16	3636
0	1
1114	2089
17	1960
17	1432
21	112
0	97
716	1419
0	61
0	1983
0	0
0	0
0	0
733	4086
0	885
0	4086
0	1
53	1
0	0
0	105
0	125
0	0
0	309
0	0
0	6
70	1088
0	466
0	0
0	0
0	0
0	0
0	0
0	0
0	0
0	0
0	92
0	92
0	45
0	3
0	1
0	12
0	16
0	8
4	67
0	0
0	0
0	23
0	8
0	42
0	8
0	12
0	62
0	65
0	55
0	80
0	8
0	26
0	109
0	0
0	92
0	18
0	10
0	0
0	38
0	18
6	327
0	319
0	210
6	148
0	71
0	94
0	105
0	39
0	46
0	53
0	20
0	5
0	0
24	1212
62	2128
0	3529
23	1438
0	3637
0	0
0	0
0	0
0	0
0	0
0	0
0	0
0	0
0	0
0	0
0	0
0	0
0	0
0	0
0	0
0	0
0	0
0	0
0	0
0	0
0	0
0	0
0	0
0	0
0	0
0	0
0	0
0	0
0	0
0	0
0	0
0	0
0	0
0	0
0	0
0	0
0	0
0	0
0	0
2152	6590
0	6452
0	3504
11	1720
0	2659
0	466
0	570
10	466
0	0
0	0
0	0
0	0
23	360
0	0
16	605
6	245
0	8
0	14
0	7
0	0
8	5
0	5
0	0
0	0
0	0
0	0
0	0
0	0
1	13
31	13
16	38
0	23
0	20
0	32
0	5
0	6
35	5
0	6
12	14
0	2
0	0
15	0
0	0
144	4352
4	10535
4303	15609
19	10735
9	10109
0	0
13	2546
0	145
6	240
20	132
0	217
9	331
119	459
64	412
7	319
13	225
18	355
18	307
8	245
0	0
0	0
0	529
0	523
0	476
0	533
0	407
0	389
39	344
0	538
0	470
0	461
0	519
0	274
0	257
0	193
0	334
0	77
0	170
0	88
0	141
0	114
0	1222
38	14407
0	8957
45	3824
0	13221
0	6291
0	9086
16	99
0	50
5	5721
0	5908
0	1168
0	1624
0	1506
0	700
0	948
0	777
0	905
0	1022
0	86
0	388
0	277
0	283
0	0
0	0
23	720
5	687
10	564
0	622
0	2
0	10
0	36
0	41
0	77
0	60
0	60
0	160
0	585
0	71
0	481
0	398
0	174
123	581
0	134
0	481
0	81
0	267
0	493
0	93
0	437
0	168
0	170
0	170
0	470
0	307
0	475
2	168
0	140
0	86
0	188
326	658
47	658
4	930
0	1073
12	846
13	243
0	821
8	611
23	805
0	470
0	199
8	856
0	294
0	491
7	179
0	83
0	223
0	54
0	105
3	188
0	143
0	0
0	0
0	0
0	0
0	0
72	230
0	42
11	181
28	222
0	12
54	303
0	6
13	62
8	32
0	21
0	74
7	201
0	2
73	58
0	130
0	11
44	169
12	110
39	26
0	0
0	0
0	0
0	0
0	0
0	0
0	0
0	24
0	45
0	543
0	34
0	29
5	14
4	546
3	545
0	354
1	546
0	23
2	404
0	161
0	59
0	0
0	0
0	0
0	0
0	0
0	0
0	0
0	0
0	0
0	0
0	0
0	0
0	0
0	0
0	0
0	0
0	0
0	0
5711	4926
0	2787
0	4238
0	2395
0	96
0	0
11	90
0	80
0	64
0	0
0	13
0	9
0	7
0	7
0	5
0	5
0	1
0	5
0	2
0	2
0	1
0	1
0	0
0	0
1250	59
0	59
0	0
0	0
0	0
0	0
0	0
0	0
0	0
0	0
0	0
0	0
0	0
0	0
0	0
0	0
0	0
0	0
0	0
0	0
0	0
0	0
0	0
0	0
0	0
0	0
0	0
0	0
0	0
0	0
0	0
0	0
0	0
0	0
0	0
0	0
0	0
0	0
0	0
0	0
0	0
0	0
0	0
0	95
333	95
0	0
2	95
0	0
0	60
0	0
0	0
0	0
0	0
0	0
0	0
0	0
0	0
0	0
0	0
0	0
0	0
0	0
0	0
0	0
0	0
0	0
0	0
0	0
0	0
0	0
0	0
0	0
0	0
0	0
0	0
0	0
0	0
0	0
0	0
0	0
46	10
0	10
0	0
0	0
0	0
0	0
0	0
0	0
0	0
0	0
0	0
0	0
0	108
0	26
0	101
5	113
0	1
15	1167
21	1438
4	1445
0	642
0	0
0	150
0	15
0	65
0	75
0	14
0	45
0	41
0	65
0	1
0	0
21	90
0	86
0	0
0	86
2	71
0	0
0	0
0	0
0	0
0	0
0	0
7	134
0	248
0	15
0	138
45	275
0	46
0	61
0	1
0	29
0	85
0	99
0	78
0	0
0	0
0	0
0	0
0	0
0	0
0	0
0	0
7	651
0	58
3	99
0	15
0	53
7	434
51	638
0	24
151	363
0	53
0	0
23	1
0	1
1990	3443
0	755
0	128
0	42
1	2543
6	2357
0	2355
159	1971
33	603
27	533
0	499
0	166
21	16
0	0
0	0
0	0
0	0
0	0
0	0
0	0
0	0
0	0
0	0
0	0
0	0
0	0
0	0
0	0
0	0
0	0
0	0
0	0
0	0
0	0
0	0
0	0
0	0
0	0
0	0
0	0
0	0
0	0
0	0
0	0
0	0
0	0
0	0
0	0
0	0
20	9
0	0
0	1
0	6
0	3
0	3
0	4
0	1
0	0
0	0
0	0
0	0
0	26
0	11
1	26
0	1
0	0
0	0
0	0
0	0
0	0
0	0
0	0
0	317444
1421	229596
0	325660
8	222432
109	190043
0	317717
0	245095
62	249234
66	91686
3	43647
6316	33326
10	31924
160	159801
31	135376
48	72111
205	27482
168	11679
137	65671
0	63969
0	61112
0	58282
0	42829
0	40490
0	11494
0	0
0	0
0	0
0	0
0	0
0	0
0	0
0	0
0	0
0	0
0	0
0	0
0	0
6	182
0	1
7	148
0	1
0	0
0	24
0	13
0	134
0	11
0	118
0	125
0	213
0	131
0	170
0	75
2	201
0	81
0	43
0	0
0	0
0	0
0	0
0	0
0	0
0	0
0	0
0	0
0	0
3	174
0	173
6	174
0	20
0	5
0	1
0	0
0	0
0	0
0	0
0	0
0	0
0	0
0	0
0	0
0	0
0	0
0	0
0	0
0	0
0	0
0	0
0	0
0	0
0	0
0	0
0	0
0	0
0	0
0	0
0	0
0	0
0	0
0	0
0	0
0	0
0	0
0	39
0	36
0	34
0	41
0	30
0	1
0	0
0	0
0	0
0	0
0	0
0	0
0	0
0	0
0	0
0	0
0	0
0	0
0	0
0	0
0	0
0	0
0	0
0	0
0	0
0	0
0	0
0	0
0	0
0	0
0	0
0	0
0	0
0	0
0	0
0	0
0	0
0	0
0	0
0	0
0	0
0	0
0	0
0	0
0	0
0	0
0	0
0	0
6	3
0	3
0	3
0	0
0	0
0	0
19	293
14	257
0	17
0	482
28	465
5	110
0	290
24	155
0	73
0	73
4	360
0	262
0	169
0	23
0	15
0	5
0	0
6	30
8	30
0	1
0	12
3	470
56	470
0	0
0	0
0	0
0	27
0	565
11	594
0	666
2	440
7	91
22	10
0	10
10	192
12	208
42	203
0	67
0	11
0	15
0	4
17	4
0	2
0	2
0	1
4	1
0	0
0	0
0	73
0	73
0	73
15	90
0	88
0	2
0	81
0	11
0	4
0	10
0	8
0	9
0	11
0	11
0	27
1	72
2	19
0	16
0	49
0	52
0	35
0	0
0	0
0	0
0	0
0	0
0	0
0	0
0	0
0	0
0	0
0	0
0	0
0	0
0	0
0	0
0	0
0	147
1	152
0	19
0	4
10	816
0	41
50	674
3	705
0	91
191	665
28	278
28	232
0	213
6	222
0	169
0	219
6	224
0	188
0	190
16	187
2	82
1	120
0	100
0	36
0	55
0	6
0	11
0	0
0	0
0	0
0	0
0	0
0	0
0	0
0	0
0	0
0	0
0	0
0	0
0	0
0	0
0	0
0	0
0	0
0	0
0	0
0	0
0	0
0	0
0	45
0	179
7	436
0	179
0	50
0	11
0	0
0	218
0	68
0	63
0	9
0	156
70	136
0	91
0	52
0	0
291	1458
0	6
0	268
0	1004
4	1138
7	1296
16	1385
0	230
2	392
0	628
3	1133
0	38
0	215
0	0
0	0
0	0
0	285
300	4282
163	2026
53	3998
57	3862
0	183
0	275
0	690
0	389
0	329
0	105
0	223
1	687
15	219
180	1143
0	0
1	1078
0	1271
0	140
0	749
18	825
0	851
0	213
0	250
5	184
0	140
0	12
8	1266
5	806
0	95
0	765
0	3
0	430
18	127
0	0
16	7
0	3
0	4
0	5
0	0
0	0
0	0
0	0
0	0
0	0
0	0
0	0
0	0
0	0
0	0
0	160
28	165
26	164
0	234
0	244
1	147
0	91
0	39
0	0
0	0
0	0
0	0
0	0
0	0
0	0
0	0
0	0
0	0
0	0
0	0
0	0
0	0
0	0
0	0
0	0
0	0
0	0
0	0
0	0
0	0
0	0
0	0
0	0
0	0
0	0
0	0
0	0
113	838
20	753
8	629
22	229
0	166
0	131
0	7
0	181
0	67
0	0
8	257
0	196
0	62
0	153
0	143
14	228
0	54
0	46
0	97
0	60
0	0
0	0
1328	5475
0	4952
13	226
0	330
1	931
0	597
0	447
0	96
6	1302
8	927
0	106
0	0
0	344
0	850
10	947
0	78
0	26
0	426
4	1100
13	1016
0	0
0	14
0	109
5	737
0	249
0	0
0	0
0	0
0	33
33	304
0	7
0	94
11	304
19	265
0	0
0	49
49	71
333	204
0	136
0	189
237	0
0	0
0	2
1	113
0	90
0	120
0	81
1	120
0	45
0	13
0	45
0	5
0	116
0	99
0	45
0	116
0	113
0	113
0	75
0	26
0	67
0	35
0	0
0	0
0	0
0	0
0	0
0	0
0	0
0	0
0	0
0	0
0	0
0	0
0	0
0	0
0	0
0	0
0	0
0	0
0	0
0	0
0	0
0	0
0	0
0	0
0	0
0	0
0	0
0	0
0	0
0	0
0	0
0	0
0	0
0	0
1	339
0	0
0	0
0	0
109	6357
205	7270
23	4753
0	2688
0	3374
0	2
0	0
0	83
0	0
0	0
0	0
0	0
0	0
0	0
0	0
0	1166
0	1184
9	39
0	1512
0	1668
0	1644
2	1419
0	34
0	1035
0	0
0	0
0	0
0	0
0	0
0	0
0	0
0	0
0	0
0	0
0	0
0	0
0	0
0	0
0	0
0	0
0	0
0	0
0	0
0	0
0	0
7	12
0	9
0	10
0	7
0	7
0	0
0	1
0	1
0	0
0	0
0	0
0	0
0	0
0	0
0	0
0	0
0	0
0	0
0	0
0	0
0	0
0	0
0	0
610	3408
5	3224
0	3236
0	2095
0	54
0	577
0	522
14	596
0	225
0	172
0	1
0	337
0	302
0	346
0	300
0	325
0	182
0	154
0	20
0	20
0	0
0	0
0	0
0	0
0	0
0	63
3	1087
0	99
0	84
0	24
0	79
0	96
0	149
0	150
0	99
0	156
0	197
0	108
0	106
0	1549
2	2016
0	1036
0	1863
15	1935
0	3
0	9
0	8
0	275
0	108
0	451
0	0
0	0
32	7
0	3
0	6
0	3
0	385
245	770
0	403
0	299
0	257
0	321
23	438
0	18
0	34
0	179
0	0
0	0
0	0
0	0
0	0
0	0
0	0
0	0
0	0
0	0
0	0
0	0
0	0
0	0
0	0
0	0
99	0
417	804
21	220
0	138
0	263
0	169
0	243
0	115
0	256
0	257
0	115
0	26
0	484
0	0
0	0
0	0
0	0
0	0
0	0
0	0
0	0
0	0
0	0
0	0
0	0
0	0
0	0
0	0
0	0
0	0
0	0
0	0
0	0
0	0
0	0
0	0
0	0
0	0
0	0
0	0
0	0
0	0
0	0
0	0
0	0
0	0
0	0
0	0
0	0
0	0
0	0
0	0
0	0
0	0
0	0
0	0
0	0
0	0
0	0
0	0
0	0
0	0
0	0
0	0
0	0
0	0
0	0
0	0
0	0
0	0
0	0
0	0
0	0
0	0
57	0
0	0
0	7
3	39
0	0
0	32
0	23
0	3
0	1
0	0
0	0
0	0
0	0
0	0
0	0
0	0
0	0
0	0
0	0
1	35
0	2
0	0
0	32
0	5
0	4
0	4
0	0
0	0
5	4
2	3460
0	3648
3	3256
22	9
0	232
0	508
0	11
0	214
0	62
0	65
0	21
0	4
0	20
0	0
0	0
275	442
0	328
0	36
0	5
0	17
0	27
0	182
0	906
0	957
44	891
104	598
5	593
0	585
0	9
0	1
3	490
0	211
8	134
0	51
1	378
0	10
0	51
0	36
15	364
0	17
0	121
26	391
0	81
0	147
0	44
0	2
4	12
0	0
0	0
0	0
0	0
0	0
0	0
0	0
0	0
0	0
0	59
0	59
0	39
0	5
0	9
0	0
0	0
0	0
0	0
0	0
0	0
0	0
0	0
0	0
0	0
0	0
0	0
0	0
0	0
0	0
0	0
0	0
0	0
0	0
0	0
168	1518
0	0
0	0
0	0
0	0
0	0
0	0
0	0
0	0
0	0
0	0
0	0
0	0
0	0
0	0
0	0
0	0
0	0
0	0
0	0
0	0
0	0
0	0
0	0
0	0
0	0
0	0
0	0
0	0
0	0
0	0
0	0
0	0
0	0
0	0
0	0
0	0
0	0
0	0
0	0
0	0
0	0
0	0
0	0
0	0
0	0
0	0
167	0
1297	503
54	11
9	87
4	376
0	13
0	6
0	40
0	12
0	24
0	12
0	18
0	2
0	287
0	461
0	9
0	241
0	110
0	446
8	463
0	0
0	36
4	40
0	105
0	0
0	0
0	0
0	0
0	0
0	0
14	79
4	75
5	68
0	16
0	0
0	0
0	0
0	0
13	134
0	4
50	134
0	0
621	23445
0	24089
27	24964
43	23730
0	23953
0	1928
0	1041
0	67
79	750
0	336
0	630
0	168
0	90
0	243
0	654
0	600
26	1021
51	652
0	0
0	0
29	2026
0	0
9	224
0	205
0	182
0	159
0	182
3	160
0	42
0	12
0	78
0	65
2	66
0	51
0	12
0	31
0	9
0	18
0	18
0	11
0	11
0	0
0	0
0	0
0	0
0	6
0	293
0	125
0	109
0	127
0	23
0	198
0	73
0	185
0	11
0	0
0	73
0	293
0	301
0	178
0	47
0	13
0	24
0	2
0	70
0	0
0	9
0	3
0	0
0	44
0	0
0	0
0	0
0	0
0	0
1	46
0	61
0	123
0	0
16	253
0	253
0	41
0	84
0	41
0	52
220	0
0	0
0	0
0	456
10770	1175
0	0
0	15
0	500
0	85
0	219
0	0
0	0
0	0
0	0
0	0
0	0
0	0
0	0
0	0
0	0
0	0
0	0
0	0
0	0
0	0
0	0
0	0
0	0
0	0
0	0
0	0
0	0
0	0
0	0
0	0
0	0
0	0
0	0
0	0
0	0
0	0
0	0
0	0
0	0
0	0
0	0
0	0
0	0
0	0
0	0
0	0
0	0
16	381
18	348
0	226
0	124
0	70
0	57
0	36
0	0
0	0
0	0
0	0
0	0
0	0
0	0
0	0
0	0
0	0
0	0
0	0
0	0
0	0
0	0
0	0
0	0
0	0
0	0
0	0
0	0
0	0
0	0
0	0
0	0
0	0
0	0
0	0
0	0
0	0
0	0
0	0
0	0
0	0
0	0
0	0
0	0
0	0
0	0
0	0
0	0
0	0
0	0
0	0
0	8
0	0
0	0
0	0
0	0
0	0
0	0
0	0
0	0
3589	512
0	20
0	0
25	0
18	145
33	273
0	5
0	59
0	8
0	10
0	8
0	1
69	270
0	105
0	317
0	21
0	185
0	216
0	27
0	31
0	273
0	83
10	224
0	60
1	35
0	4
0	2
0	85
0	0
1	305
31	1
0	0
0	1
0	0
0	0
4	1316
51	1811
60	1884
9	1925
0	1960
21	156
0	10
0	133
0	259
0	208
0	0
0	45
15	288
7	944
2	1258
0	991
0	1295
0	85
0	101
0	216
0	660
0	57
0	45
0	79
0	67
108	236
0	199
0	14
0	10
0	0
0	0
0	0
3	58
0	0
0	1
0	63
0	14
0	52
0	9
0	6
11	0
1	2
0	23
0	1
0	23
0	0
0	0
0	2
0	2
0	1
0	0
0	0
0	15600
0	0
0	0
0	0
0	0
0	0
0	0
0	0
0	0
0	0
0	0
0	0
0	0
0	0
116	183
17	242
0	3
10	156
0	5
0	9
216	0
0	0
0	0
0	0
0	0
0	19
2	190
0	184
0	188
0	184
0	8
3	40
0	7
0	16
0	0
0	0
0	0
0	0
0	0
2	1
19	0
44	0
0	0
0	0
0	0
0	0
0	0
14656	677
0	354
13	329
48	1
0	491
27	491
0	0
13	73
1	0
22	0
0	0
0	0
0	0
155	235
4	230
0	44
0	0
0	82
0	8
0	7
0	32
0	22
18	69
0	142
0	52
0	144
1	206
0	424
58	426
0	408
0	36
0	91
0	107
0	24
2	105
0	116
3	156
0	1
0	0
0	1
0	1
0	0
0	215
0	14
0	1
0	215
0	3
0	11
9	95
4	9
9	35
0	16
8	133
0	0
86	2286
3	90
0	90
0	11
0	9
0	4
0	1
0	0
0	0
287	1290
2700	3419
172	673
1309	2564
0	666
0	669
0	1265
3	600
595	486
0	496
10	47
0	0
0	20
0	1
0	0
20	39
0	7
0	0
0	32
0	0
0	7
0	7
0	1
0	0
0	0
0	0
0	0
0	0
0	0
0	0
0	0
0	0
0	0
0	0
0	0
0	0
0	0
0	0
0	0
0	0
109	61
0	2
0	54
0	3
0	0
0	0
0	0
0	0
0	0
0	0
0	0
0	0
0	0
0	0
0	0
0	0
0	0
0	0
0	0
0	0
0	0
0	0
0	0
0	0
0	0
0	0
0	0
0	0
0	0
0	0
0	0
0	0
0	0
0	0
0	0
0	0
0	0
0	0
0	0
0	0
0	0
0	0
0	0
0	0
0	0
0	0
0	274
0	217
0	3
0	283
0	146
2	279
4	218
0	68
0	282
0	36
0	15
0	98
0	214
0	91
0	196
0	69
0	0
0	0
14	264
0	124
0	0
0	264
0	245
0	1
0	6
0	3
0	110
0	317
0	405
0	114
0	194
0	202
0	66
0	49
0	0
0	193
0	119
0	96
0	45
0	137
0	43
0	41
0	38
0	0
0	0
0	0
0	0
0	0
0	0
0	0
0	0
0	0
0	0
0	0
0	0
0	0
0	0
0	0
0	0
0	0
0	0
0	0
0	0
0	0
0	0
0	0
0	0
0	1
0	3
0	43
0	64
0	12
0	7
0	11
0	4
0	7
0	20
0	0
0	1
0	7
0	0
0	36
0	0
2	0
0	0
146	566
2	416
10	138
0	202
21	129
0	132
4	119
0	236
0	123
932	2644
43	2644
14	1898
0	420
0	373
115	1924
112	1470
0	1855
0	306
236	157
0	339
241	442
0	179
0	128
0	180
0	79
0	47
0	82
25	0
0	0
807	1009
64	950
60	1105
0	386
0	867
52	867
26	452
0	206
579	7946
0	239
0	311
0	4702
169	7409
0	232
0	383
0	145
0	8
0	1638
0	169
0	223
0	0
0	0
2049	192170
6	6
6534	184862
28	80872
169	186935
0	214693
0	211619
0	185964
254	136002
27	176474
149	178193
280	5503
0	180
1	152
0	150
0	176
0	175
0	181
0	168
0	170
0	179
0	188
17	167
0	143
0	0
0	3128
0	2981
0	2948
3	2780
0	2927
0	3241
3	3019
13	837
11	210
0	2020
0	521
0	48
0	617
5	1043
0	633
0	14
0	448
0	163
0	393
0	170
0	79
0	17
0	10
0	2855
0	2454
0	9326
0	9609
0	10069
1	2294
0	10074
0	9912
0	4022
0	967
0	578
0	2204
0	8244
0	9463
0	4120
0	9871
2	2243
0	3422
0	9527
0	9692
0	9865
0	3327
0	9478
0	9562
0	9301
0	6522
0	1760
0	1713
0	6454
0	647
0	8132
3	2981
0	3751
0	9275
3	1618
0	196
0	1026
0	412
0	106
0	46
0	6891
0	7110
0	6986
0	4519
0	671
0	16
0	509
0	594
0	269
0	1034
0	94
0	207
0	21
0	0
0	0
0	0
22	32
0	0
0	324
12	317
3	90
0	0
0	6
0	5
0	0
0	5
0	0
2	5
0	4
0	0
0	745
0	515
0	733
42	658
0	222
16	388
0	114
0	288
0	240
0	406
0	204
0	299
0	287
0	372
0	128
0	221
0	39
0	0
0	100
0	0
14	1008
0	976
0	981
26	847
0	44
0	17
15	295
2	173
2	332
7	211
0	146
0	118
0	70
0	73
0	121
0	10
0	0
0	0
0	0
0	0
0	0
0	0
0	0
0	0
4	1214
0	1010
0	988
0	299
0	1188
0	1202
0	96
0	915
0	53
0	36
0	986
0	400
0	192
1	1252
0	191
1	180
0	396
3	1217
2	401
0	315
0	39
0	125
0	0
171	2526
0	2020
1	392
0	1482
0	1467
685	1740
11	1154
0	879
0	3
0	345
0	31
0	1712
1	301
0	2049
0	16
0	2041
0	1633
4	1478
17	223
2	147
11	272
0	31
0	0
0	0
0	0
0	0
0	0
0	0
0	0
0	0
0	0
0	0
0	0
0	0
0	0
0	0
0	0
0	0
0	0
0	0
0	0
0	0
0	0
0	0
0	0
0	0
0	0
0	0
0	0
0	0
0	0
0	0
0	0
0	3
0	3
0	0
0	0
0	3
0	0
0	0
0	3
0	23
3	433
47	285
12	218
54	527
59	430
33	516
25	331
0	171
5	359
0	124
0	57
10	73
68	2812
0	2942
0	200
0	152
4	2078
0	295
0	357
0	33101
0	33101
0	32885
35	14116
3	28573
0	8909
0	1632
6	7469
38	0
57	6763
0	1
0	1
0	0
0	0
0	0
1	10
0	2
0	0
7	12
0	3
2	48
0	17
0	113
0	49
0	117
7	69
5	73
0	22
0	31
0	63
0	104
0	9
0	48
0	24
0	12
17	10
1	10
0	0
0	490
2	4722
18	4888
0	38
0	176
2	2841
0	312
20	223
6	3423
14	4731
0	359
0	659
18	80
0	116
55	2165
22	2165
0	232
0	204
0	145
0	4311
0	4091
11	2893
355	1999
2	7051
88	4275
49	601
0	0
0	784
0	709
0	673
51	9153
0	887
0	1886
0	1530
1	9563
12	8434
13	458
3	343
0	8859
0	2123
0	973
0	503
0	1204
0	979
0	827
0	831
0	2458
34	2833
82	606
10	2816
0	0
0	0
0	0
0	0
17	2652
10	7326
0	2014
397	9076
65	7262
12	5609
15	3940
0	9
14	2734
0	1901
12	1334
0	670
0	732
0	408
0	1
318	894
124	285
0	125
2	123
206	374
11	335
0	648
0	298
0	37
0	65
0	189
58	457
0	233
0	21
0	0
0	13
0	2
0	17
0	64
0	13
0	0
0	0
0	0
0	0
0	0
0	0
0	0
0	0
0	0
0	0
0	0
0	0
0	0
0	0
0	0
0	0
0	0
0	0
0	0
0	0
0	0
0	0
8	17
0	17
1	48
0	0
0	28
0	24
1	23
2	31
0	10
0	2
0	2
0	7
0	0
0	10
0	7
0	7
0	4
0	12
0	0
157	109
0	19
0	85
0	25
0	18
6	17
0	17
0	18
0	14
0	3
0	12
147	85
0	12
12	70
0	0
0	22
0	0
4	2
0	0
0	2
0	0
8	5
20	5
0	125
54	2044
0	272
0	168
0	144
0	198
0	201
141	2042
0	116
0	263
0	140
0	142
0	216
0	55
0	471
0	199
0	0
0	0
0	141
0	249
0	850
0	44
3	1286
0	169
0	69
2	908
0	49
0	187
1	864
0	862
0	384
0	3
0	61
0	128
24	1284
0	157
0	63
0	0
0	0
0	0
0	0
12	10
0	2
0	12
0	97
4	97
8	12
0	0
0	7
0	4
0	4
0	0
0	0
0	0
0	0
0	0
0	0
0	0
0	0
0	0
0	0
0	0
0	0
0	0
0	0
0	0
0	0
0	0
0	0
0	0
0	0
0	0
0	0
0	0
0	0
0	0
0	0
0	0
0	0
0	0
0	0
0	0
0	0
0	0
1	0
0	0
0	0
0	0
0	977
0	977
0	977
0	977
0	977
0	222
0	378
0	230
0	207
0	0
0	0
0	0
0	0
0	0
0	0
0	0
0	0
0	0
0	0
0	0
0	0
0	0
0	0
0	0
0	0
0	0
0	0
0	0
1499	19442
0	590
0	19419
66	3678
0	2944
0	608
9	3907
0	1298
0	1044
0	1358
0	364
0	0
0	0
0	0
0	0
0	0
418	279
0	253
0	26
0	0
0	0
0	576
0	1080
0	574
0	87
0	254
0	526
0	544
0	564
0	559
0	523
0	599
0	737
0	570
0	502
0	436
0	536
0	793
0	1133
0	34
0	887
0	722
0	638
0	33
0	549
0	532
0	24
19	498
15	2
0	23
0	3
0	3
0	2
0	1
0	2
0	0
0	0
0	0
0	0
0	0
0	0
0	0
0	0
0	1
0	1
7	7
0	5
0	0
0	0
0	0
0	0
0	0
0	0
0	1
0	0
79	1
1	29
0	29
0	4
0	0
0	0
0	0
15	4
0	0
0	4
0	0
0	0
0	0
0	0
0	0
0	0
0	0
0	0
0	0
0	0
0	0
0	0
0	0
0	1
0	0
0	0
0	0
0	0
0	0
0	2
0	0
0	0
0	1
0	0
0	0
0	0
0	0
0	0
0	0
0	0
0	0
0	0
0	0
0	0
0	0
0	0
975	650
9	448
0	0
24	203
7	244
0	266
15	0
0	0
0	0
0	0
0	0
0	0
0	0
0	0
0	0
0	0
0	0
0	0
0	0
0	0
0	0
0	0
0	0
0	0
0	0
0	0
0	0
0	5
0	0
0	0
0	0
0	18
0	53
0	19
0	50
0	5
0	0
0	0
0	0
0	0
0	0
0	26
0	22
77	26
0	0
0	0
0	0
0	0
0	0
0	0
0	0
0	0
0	0
0	0
0	0
0	9
3	142
0	55
16	1728
0	130
0	8
0	4
7	1328
0	1
0	5
0	15
0	8
0	13
0	16
0	529
20	3174
436	3915
0	0
9	714
33	276
0	222
0	181
0	371
0	449
0	229
0	136
1	0
0	0
0	0
0	0
0	0
0	0
0	0
0	0
0	0
0	0
0	0
0	0
0	3
0	0
0	1
17	12
0	0
0	2
0	1
0	2
0	0
0	2
0	1
0	0
0	0
0	0
0	0
0	0
0	0
0	0
0	0
0	0
0	0
0	0
0	0
0	0
0	0
0	0
0	0
0	0
0	0
0	0
1	0
0	0
96	339
0	0
0	0
0	0
0	0
0	0
81	204
0	0
0	0
0	243
0	2
3	110
0	49
0	86
0	1
0	0
24	3
0	0
0	0
0	0
0	0
0	0
0	27
0	0
117	258
16	48
0	30
0	5
112	0
0	405
0	0
0	1864
15	1529
1125	2549
12	722
75	1718
150	1815
0	35
0	568
0	459
0	598
1	549
0	1618
3	308
126	887
0	725
0	0
225	22
88	445
0	900
326	900
1273	712
34	713
81	534
6	142
0	0
0	0
0	0
0	0
0	0
0	0
0	0
0	0
0	0
42	43
6	15
1	25
0	17
0	19
0	0
0	0
0	0
0	0
0	3
0	0
0	0
0	0
0	0
0	0
0	0
0	0
0	0
0	0
0	0
0	0
0	0
0	0
0	0
0	0
0	0
0	0
0	0
0	0
0	0
0	0
0	0
0	0
0	0
0	0
0	0
0	0
0	0
0	0
0	0
0	0
0	0
0	0
0	0
0	0
0	0
0	0
0	0
0	0
0	0
0	0
0	0
0	0
0	0
0	0
0	0
0	0
0	0
0	0
0	0
0	0
0	0
0	0
0	0
0	0
0	0
0	0
0	0
0	6
0	28
0	12
0	99
0	19
0	14
0	7
0	7
0	7
0	9
0	89
0	6
0	18
0	81
0	0
0	81
0	6
0	80
0	2
0	0
0	0
0	1
29	6
0	6
0	6
0	0
0	1
0	1
0	1
0	0
0	0
0	0
0	0
0	0
0	0
0	0
0	0
0	0
0	0
0	0
0	0
0	0
0	0
0	0
0	0
0	0
0	0
0	0
0	0
0	0
0	0
0	0
0	0
0	0
0	0
0	0
0	0
0	0
0	0
0	0
0	0
0	0
0	0
0	0
0	0
0	0
0	0
0	0
0	0
0	941
0	1096
0	0
0	0
34	59
0	41
0	31
37	274
0	75
5	161
0	233
13	362
0	51
0	101
1	41
0	23
0	277
0	6
0	0
0	0
0	0
0	0
0	0
0	0
193	2849
1	2937
96	2097
2	1218
34	1064
0	1092
0	404
0	994
0	271
0	914
0	336
0	324
0	461
7	153
0	259
0	0
0	2
0	0
0	0
0	0
0	0
0	0
0	0
0	0
0	0
0	2
0	5
0	6
0	10
0	0
0	0
0	0
0	0
0	2
0	0
0	0
0	0
0	0
0	0
0	10
0	2
0	9
0	6
0	0
0	0
0	26
7	19
0	0
0	0
0	0
0	0
0	0
14	13
1	23
0	0
0	0
27	0
0	0
0	0
0	0
0	0
0	0
0	0
0	0
0	0
0	0
0	0
0	0
0	0
0	0
383	0
0	0
0	0
0	0
0	0
0	0
0	0
0	0
0	0
0	0
0	0
0	0
0	0
0	0
0	0
0	0
0	0
0	0
0	0
0	0
0	0
0	0
0	0
0	0
0	0
0	0
0	0
0	0
0	0
0	0
0	0
0	0
0	0
0	0
2023	75
0	59
0	4
0	16
0	0
0	23
0	0
0	23
0	0
0	0
0	0
0	3
0	0
0	0
0	23
0	30
0	25
0	6
0	8
0	0
16	97
0	92
0	2
0	58
0	4
0	0
0	0
0	0
0	0
0	0
0	0
0	0
0	0
0	0
0	0
0	0
56	0
4	64
269	84
2	43
0	33
0	0
1084	2226
13	2145
0	84
8	191
9	141
0	0
0	0
0	0
0	31
1459	31
0	0
0	0
2	47
0	66
2	29
0	16
0	1
0	0
0	98
1353	639
0	488
0	184
35	0
0	0
16	14
0	1690
0	128
0	0
0	128
0	0
0	0
0	778
1	1510
0	201
0	203
0	1679
44	2403
0	16
22	1845
0	226
0	369
0	0
0	39
0	0
0	2
16	45
58	12
0	8
0	4
0	7
0	0
0	0
0	0
0	0
0	0
0	0
0	0
0	0
0	0
0	0
0	0
0	0
0	0
0	0
0	0
0	0
0	0
0	0
0	0
0	0
0	0
0	0
0	0
0	0
37	52
0	46
0	19
0	0
0	19
0	1
0	0
0	0
0	0
0	0
0	0
0	0
0	0
0	0
0	0
0	0
0	0
0	0
0	0
0	0
0	0
0	0
0	0
0	0
0	0
0	0
0	0
0	0
0	0
0	0
0	0
0	0
0	0
0	0
0	0
0	0
0	0
0	0
0	0
0	0
0	0
0	0
0	0
0	0
0	0
0	0
0	0
0	0
0	0
0	0
0	0
0	0
0	0
0	0
0	0
0	0
0	0
0	0
0	0
1	2145
0	657
8	1008
0	98
0	39
74	1115
0	2123
0	99
0	63
0	29
8	1420
0	790
0	1
0	90
0	99
0	86
0	45
0	460
0	48
0	16
0	0
3	1306
0	2
0	51
0	18
13	17
0	9
0	0
0	0
0	0
0	0
0	0
0	0
0	0
0	0
140	0
9	9
0	0
0	10
20	4
0	5
0	3
30	110
0	79
17	82
4521	777
29	606
0	238
0	31
0	54
88	0
0	0
0	0
0	0
0	0
0	0
0	0
0	0
0	0
0	0
0	0
0	0
0	0
0	0
0	0
0	0
0	0
27	8314
1973	8219
0	5048
32	3691
25	2763
0	1036
0	705
15	695
7	656
0	0
0	0
0	0
0	0
0	0
0	0
0	0
0	0
0	0
0	0
0	0
0	0
0	0
0	2
0	43
0	0
0	43
0	0
0	44
0	44
0	37
0	37
0	1
0	1
0	3
0	2
0	0
0	2
0	2
0	2
0	2
3	2
0	2
0	2
0	2
0	2
0	2
0	2
0	2
0	2
0	2
0	2
0	0
0	1
0	1
0	1
0	0
0	0
0	0
0	0
0	0
0	0
0	0
0	0
0	0
0	0
0	0
1	2426
0	1904
437	2806
0	2
9	539
3	827
40	726
0	193
0	208
0	261
0	221
11	287
0	315
2	697
0	258
0	12
0	0
0	0
0	1
0	6
0	0
0	0
0	6
0	1
0	0
0	0
0	2
0	1
0	1
0	6
0	2
0	0
0	6
0	1
0	1
0	1
0	0
0	4
0	0
0	0
0	0
0	0
0	0
0	0
0	0
0	0
0	0
0	0
0	0
0	0
0	0
0	0
0	0
0	0
0	0
0	0
0	0
0	0
0	0
0	0
0	0
0	0
0	0
0	0
0	0
0	0
0	0
0	0
0	0
0	0
0	0
0	0
0	0
0	0
0	0
0	0
0	0
0	0
0	0
3	4
0	0
0	0
0	0
0	0
0	0
0	0
0	0
0	0
0	0
0	0
0	0
0	0
0	0
0	0
0	0
0	0
0	0
0	0
0	0
0	0
0	0
0	0
0	0
0	0
0	0
0	0
0	0
0	0
0	0
0	0
0	0
0	0
0	0
0	0
0	0
0	0
0	0
0	0
0	0
0	0
0	0
0	6
0	0
0	0
0	9
0	0
0	0
0	30
0	31
0	35
45	36
0	0
0	2
0	5
0	29
0	25
0	0
0	9
0	1
0	5
0	0
0	9
0	0
0	0
0	0
0	121
4	535
106	1150
214	1163
17	1064
0	112
35	91
0	0
0	0
0	0
24	19
0	0
0	0
0	0
0	0
0	0
0	0
0	0
0	0
0	0
0	0
0	0
0	0
10	417
0	0
0	0
0	0
0	0
0	0
0	0
0	0
0	0
0	0
0	0
0	0
0	0
0	0
0	0
0	0
0	0
0	0
0	0
0	0
0	0
0	0
0	0
0	0
0	0
0	0
0	0
0	0
0	0
0	0
0	0
0	0
0	0
0	0
0	0
0	0
0	0
0	0
0	0
0	0
0	0
0	0
0	0
0	0
0	0
0	0
0	0
0	0
0	0
1	206
0	378
213	1248
0	358
2	1153
0	9
0	0
0	34
4	78
0	0
75	3923
182	3441
11	878
11	905
1	488
0	277
7	229
0	257
4	197
10	267
23	24
0	299
394	372
17	141
0	133
0	358
0	18
22	87
0	0
0	0
0	0
0	0
0	0
0	0
0	0
0	0
1	5141
0	7185
8	17765
984	18302
0	8895
0	2157
0	3902
0	2048
0	538
0	0
0	0
0	0
0	0
0	0
0	18
0	1
0	3
6	4
0	3
0	4
0	2
0	0
0	0
0	0
80	777
2	642
0	140
0	185
0	126
0	0
0	0
0	0
0	0
0	0
0	0
0	0
0	0
0	0
0	0
0	0
0	0
0	0
0	0
0	0
0	0
0	0
0	0
0	0
230	912
0	888
0	736
0	778
1	847
0	695
1	114
0	1
0	24
0	73
0	441
0	151
0	23
0	9
0	129
0	34
0	71
0	8
0	0
0	0
0	0
0	0
0	0
3594	1046
0	309
0	973
0	8
0	219
5	119
0	0
0	0
0	0
0	0
0	0
0	0
0	0
0	0
0	0
0	0
0	0
0	0
0	0
0	0
0	0
0	0
0	0
0	0
0	0
0	0
0	0
0	0
0	0
0	0
0	0
0	0
0	0
0	0
0	0
0	0
0	0
0	0
0	0
0	0
0	0
0	0
0	0
0	0
0	0
0	0
0	0
0	0
0	0
0	0
0	0
0	0
0	0
0	0
0	0
0	0
0	0
2291	2251
0	2190
0	1934
10	884
0	161
0	570
5	455
0	272
0	148
0	0
0	0
0	0
70	0
0	0
77	22
29	28
1	28
22	5230
0	9
0	401
0	3
0	136
0	2082
35	5187
0	1930
0	5926
158	4847
6	4880
0	675
11	555
24	4891
178	5222
6	827
11	588
0	2
10	1243
107	272
14	386
0	0
0	0
56	0
0	0
0	0
0	0
0	0
0	0
0	0
0	0
0	0
0	0
0	0
0	0
0	0
0	0
5	303
0	288
0	126
0	302
0	0
0	149
0	150
0	0
0	144
0	46
0	0
800	228
0	111
0	135
0	2
0	0
0	0
0	0
0	0
0	0
0	0
0	0
0	0
0	0
0	0
0	0
0	0
0	0
0	0
0	0
0	0
0	0
0	0
0	0
0	0
0	0
0	0
0	0
0	0
0	97
0	0
0	0
0	0
0	0
0	0
0	0
0	0
0	0
0	0
0	0
0	0
0	0
0	0
0	0
0	0
0	0
0	0
0	0
0	0
0	0
0	0
0	0
0	0
0	0
0	0
0	0
0	0
17	1
0	0
0	1
0	0
0	0
0	0
0	0
0	0
0	0
0	0
0	0
0	0
0	0
0	0
0	0
0	0
0	0
0	0
0	0
0	0
0	0
3329	1400
7	998
3	147
0	39
0	21
0	133
0	44
0	97
0	150
0	49
0	0
0	0
0	0
258	2113
837	2871
0	467
1	726
0	17
0	153
0	438
0	40
0	280
38	1316
0	36
19	385
19	416
123	1282
27	240
187	0
1157	1930
19	148
6	507
0	247
0	29
0	521
0	311
0	4
0	335
4	441
0	451
0	135
0	334
0	211
0	362
0	72
0	155
0	86
0	173
0	0
11	109
0	324
68	408
0	31
0	0
6	0
0	0
151	0
0	0
0	0
0	0
0	0
0	19
0	213
2045	1700
9	364
0	209
0	71
0	9
0	110
1	77
0	214
17	212
0	186
20	985
32	532
1457	1189
0	1070
0	874
11	1047
13	1105
8	1203
0	1102
0	5
0	1068
0	0
0	0
0	0
0	0
0	0
0	0
0	0
0	0
0	20
0	247
0	90
2	630
0	10
0	1335
0	1456
0	148
13	936
29	1341
0	44
0	74
0	0
5	88
24	2
0	80
3	228
0	55
0	0
0	0
0	0
0	26
5	26
0	0
0	15
0	0
0	0
0	0
264	1323
0	247
1	1244
0	123
0	327
0	0
0	0
0	27
147	163
35	163
4	79
0	3
0	0
0	0
0	0
0	0
0	0
0	0
0	0
0	0
0	0
0	0
0	0
0	0
0	0
0	14
0	8
0	27
0	121
0	144
0	114
0	31
16	184
0	0
0	18
0	118
0	110
0	180
0	121
0	49
4	20
0	6
0	0
0	0
0	0
0	0
0	0
0	0
3	0
0	0
0	0
0	0
0	0
0	0
0	0
0	0
0	0
0	0
0	0
0	2
14	36
0	0
0	5
0	0
0	31
0	29
0	6
0	2
0	4
0	0
0	0
0	0
0	0
0	0
50	0
1	1119
0	1080
13	70
32	140
30	229
0	42
0	7
49	273
0	289
38	160
5	254
0	41
1	108
0	0
0	0
0	0
0	0
0	0
0	0
0	0
0	0
0	0
0	0
0	0
0	0
0	0
0	0
0	0
0	0
0	0
0	0
0	0
0	0
0	0
0	0
0	0
0	0
0	0
0	0
0	0
685	1103
0	957
47	130
0	79
0	46
0	100
0	131
0	0
0	0
0	0
0	0
4	206
4	219
13	256
0	231
0	269
1	211
0	180
0	1
0	28
0	143
0	59
0	46
0	23
0	20
0	20
0	20
0	21
0	1
0	1
0	0
0	0
0	0
0	0
0	0
0	0
0	17
0	16
96	17
0	0
0	0
0	0
0	0
0	0
0	0
0	0
0	0
0	0
0	0
0	0
0	0
0	1317
5	550
2	1601
0	331
44	1395
0	414
0	1230
19	1317
0	317
2	1526
15	1539
0	472
0	104
0	262
20	157
0	49
0	45
0	49
0	166
0	77
0	256
0	220
0	39
4	115
0	1
16	6
0	0
18	34
0	47
0	294
0	0
0	0
0	0
0	0
0	0
0	0
0	0
0	0
0	0
0	0
24	8
0	0
12	56
43	2286
20	1769
29	2290
203	1666
0	568
0	482
5	327
1	301
9	0
0	0
0	0
7	2
0	0
0	0
463	667
1	662
0	3
0	470
29	421
0	5
0	8
0	0
0	0
0	0
0	0
0	0
0	0
0	0
0	11
0	254
0	0
0	0
0	155
0	10
0	21
0	13
5	44
0	1
0	8
2	65
1	47
2	41
0	37
0	22
0	23
0	2
0	1
0	3
11	1
0	1
0	3
0	0
0	0
39	0
0	0
161	0
0	1
0	0
0	0
0	0
0	0
0	0
0	0
0	0
0	0
0	0
0	1766
0	15
11340	11434
0	3374
0	3119
0	0
0	7364
199	3666
0	0
0	0
0	0
0	0
0	0
23	88
4	88
228	270
0	266
1	269
0	12
6	0
22	21
1	6
0	0
0	0
0	0
21	0
6	0
0	0
0	0
0	0
0	0
0	0
0	0
0	0
0	0
0	0
0	0
0	0
0	0
0	0
0	0
0	0
0	0
0	0
0	0
0	4092
1	3284
0	2349
0	2407
0	2753
0	389
0	2873
0	131
0	266
0	140
0	123
0	205
0	177
0	675
0	579
0	2255
0	1666
0	3645
0	496
0	271
0	2461
0	0
0	418
0	140
0	25
0	2
0	28
18	105
54	295
15	349
0	0
0	0
0	0
0	0
17	213
248	502
15	417
0	0
10	1
0	0
0	0
0	0
0	0
0	0
0	0
0	0
0	0
0	0
0	0
0	0
0	0
0	0
0	0
0	0
0	0
0	0
0	0
0	0
0	0
0	0
0	0
0	0
0	0
105	245
0	39
0	61
6	184
0	52
0	0
0	0
0	0
0	0
0	0
0	0
0	0
0	0
0	0
0	0
0	0
0	0
0	0
0	0
0	0
0	0
0	0
0	0
0	0
0	0
0	0
512	112
0	27
0	35
0	88
0	0
0	0
0	0
0	0
0	0
0	2
43	389
0	270
0	107
0	205
0	0
0	16
4	17
7	44
12	0
0	0
0	0
0	0
0	0
0	0
4	615
41	1568
2	1585
20	869
0	1075
0	1336
2	1263
0	1244
0	369
0	61
0	80
0	11
0	0
0	161
0	0
0	0
0	0
107	0
0	0
0	0
0	0
0	2
16	2
0	0
0	0
0	0
0	0
0	0
0	0
0	0
0	0
0	0
0	0
0	0
0	19
1	67
0	229
0	14
0	0
0	167
16	163
0	2
4	80
0	0
40	27
0	0
0	0
0	0
0	2
0	1
0	0
0	0
7	15
2	10
0	5
0	0
0	0
0	0
0	0
0	0
0	0
0	0
0	0
0	0
0	0
0	0
0	0
0	0
0	0
0	0
0	0
0	0
0	0
0	0
0	0
0	0
0	0
0	0
0	0
0	0
0	0
0	0
0	0
0	0
0	0
226	98
9	98
27	326
44	336
1	186
0	124
0	137
0	79
0	57
0	12
0	0
0	0
0	0
0	0
0	0
0	1
0	3
0	6
0	32
0	32
0	4
0	0
0	2536
1	2569
7	1481
0	2035
0	1577
0	1847
0	2662
0	282
0	19
0	270
0	2089
14	872
0	2097
0	1666
13	272
0	916
0	1203
0	1957
0	246
0	498
0	579
0	0
0	43
0	16
0	447
77	412
0	0
0	0
3082	2572
53	2322
14	1087
6	305
0	0
0	0
0	0
0	0
0	0
0	0
0	84
0	84
0	84
0	84
0	86
4	83
0	73
0	73
0	71
0	64
0	65
0	17
0	1
0	2
0	0
0	0
0	0
0	0
0	0
0	0
0	0
0	38
0	0
0	0
0	0
0	0
0	0
0	0
5	2
0	0
0	0
0	0
0	0
0	0
0	0
0	0
0	0
0	0
0	0
0	0
0	0
0	0
0	0
0	0
457	455
9	465
3	409
0	238
0	67
0	51
0	120
0	29
0	0
0	0
0	0
0	366
2	939
0	14
0	355
30	283
3	959
0	405
1	398
0	405
0	9
0	164
0	33
0	299
13	113
0	499
23	506
0	499
0	192
0	100
0	135
0	49
0	25
0	27
0	0
0	0
0	79
0	721
0	808
0	685
0	88
0	87
0	72
0	510
0	0
0	0
0	0
0	0
0	0
0	0
0	0
0	0
0	0
0	0
0	0
0	0
0	0
0	0
0	0
0	0
0	0
0	0
0	0
0	0
0	0
0	0
0	0
0	0
0	0
0	0
0	0
0	0
0	0
0	0
1	22
1	22
0	0
0	0
0	0
116	502
0	511
2	581
0	9
0	583
0	568
0	0
0	0
0	0
0	0
0	0
0	0
301	0
16	753
0	0
0	0
0	462
0	691
0	15
4	686
1	391
0	1
0	0
0	0
0	0
0	12
9	240
1414	3752
7	3060
0	3038
15	230
0	455
7	1980
0	199
0	0
0	1
12	110
12	195
41	195
0	194
0	0
7844	4684
0	4456
3	4681
10	3251
14	2439
0	2243
0	29
0	1250
0	287
0	217
0	4
0	0
1315	23741
66	21994
8	13437
0	993
0	6215
0	826
5	0
0	1192
4	3390
0	1140
0	1858
0	3465
0	1298
0	1844
0	0
0	12
28	12
0	12
0	0
0	0
0	0
17	0
0	0
0	0
0	0
0	0
0	0
0	0
0	0
0	0
0	0
0	0
0	0
61	357
27	355
0	76
0	104
0	104
0	13
0	0
0	0
0	0
5	56
0	92
1	183
21	36
7	41
6	56
27	58
0	135
21	11
8	73
30	31
0	0
0	0
0	0
0	0
0	0
0	0
0	0
0	0
0	0
0	0
0	0
0	0
474	986
0	31
20	907
16	856
0	17
27	27
0	60
0	0
0	0
0	0
0	0
18	3
0	0
0	0
0	0
0	0
0	0
11	3
0	0
4	57
0	57
0	27
0	31
0	14
0	23
0	22
0	10
0	31
0	19
0	1
0	4
0	1
0	0
0	13
0	0
0	8
0	3
0	2
0	0
0	0
0	0
0	0
0	0
0	0
1	0
0	0
0	2
6	2
0	0
0	518
0	511
23	327
2	399
0	454
0	206
0	39
0	351
0	337
0	299
0	32
0	316
0	41
0	54
0	8
0	6
0	15
0	25
0	24
0	34
0	24
0	24
0	45
0	45
0	34
0	23
0	22
0	9
0	5
0	0
0	1
0	0
0	0
0	0
0	0
0	0
0	0
0	0
5	436
0	436
0	435
0	320
0	113
0	57
0	19
0	17
0	0
0	0
8	0
0	357
17	545
0	1256
0	214
6	141
0	134
0	1298
0	739
0	583
0	925
3	1570
0	788
0	1191
0	236
0	91
0	200
0	273
0	110
0	200
0	45
0	53
2	175
0	0
0	0
0	0
0	0
0	0
0	0
0	0
0	0
0	0
0	0
0	0
0	0
0	0
8	0
17	1198
38	1257
0	524
5	589
0	53
0	54
0	96
0	87
0	86
0	3
0	0
0	0
0	0
0	0
2	2237
0	201
30	2132
1	2263
2	1640
0	52
0	2094
0	3
0	17
1	2240
0	72
0	36
0	2288
0	6
0	2246
0	119
0	2232
0	95
0	158
0	92
0	138
2	284
6	2066
0	329
43	2255
0	2255
0	223
15	211
3	392
0	196
0	126
0	36
0	14
1	525
0	499
0	91
0	106
0	112
0	66
0	29
0	29
0	29
0	52
0	14
0	40
0	37
0	27
0	19
0	46
0	2
0	1
0	0
0	0
0	0
0	0
0	0
0	0
6	0
0	0
0	0
0	0
0	0
0	0
25	188
1	187
0	67
0	81
0	13
0	0
0	1
0	16
0	6
0	3
0	0
0	0
0	0
0	0
0	0
0	0
0	0
0	0
0	0
0	0
0	0
0	0
0	0
0	0
0	0
0	0
0	0
0	0
0	0
0	0
0	0
0	0
0	0
0	0
0	0
0	378
4	409
0	599
0	615
0	153
5	224
0	175
1	340
0	316
0	40
0	7
0	43
0	37
0	31
0	7
0	0
0	0
0	0
6	1931
92	1924
0	543
0	120
0	106
0	2
0	0
0	0
0	6
3	61
0	86
0	86
1	85
0	12
0	3
0	4
0	3
0	0
0	0
0	0
0	0
0	0
0	0
0	0
0	3
0	17
0	3
0	31
0	18
0	0
0	0
0	3
0	0
0	6
0	3
0	1
0	5
0	15
0	34
0	0
0	0
0	31
0	34
0	0
0	1
0	1
0	4
34	620
0	15
0	5
0	4
0	0
0	8
0	7
0	3
0	360
0	10
0	1
0	4
0	581
459	583
0	433
4	434
0	267
0	152
0	6
14	56
11	41
0	10
0	4
0	0
0	5
10	749
6	24
0	16
0	22
0	24
0	4
4	456
0	292
47	288
0	646
0	142
1	515
6	360
28	334
55	367
0	109
0	93
0	33
0	3
0	54
0	0
4222	2140
0	345
5	1264
69	1121
0	468
0	132
6	81
0	11
0	9
0	6
0	0
0	0
0	0
0	0
0	0
0	0
0	0
0	0
0	0
0	0
131	4
0	0
2	138
9	122
0	76
23	71
0	273
0	922
29	913
31	1069
0	903
45	794
0	349
0	43
0	196
0	237
0	229
0	157
8	202
0	125
0	147
0	44
0	4
0	51
0	0
0	0
7321	1400
121	1008
0	166
0	0
0	107
0	2
0	84
10	201
5	154
0	172
0	8
0	0
0	0
0	0
0	0
21	900
6	768
10	545
12	942
0	193
0	206
36	803
0	214
0	112
0	545
0	98
0	0
0	9
0	108
0	99
0	231
0	132
0	156
5	148
0	36
0	136
0	80
0	79
0	6
0	40
6	163
0	54
0	36
0	83
0	34
0	50744
6	47396
0	46438
2	16243
29	4838
0	5364
0	4758
0	2004
0	9247
3	7271
93	24697
0	0
0	0
0	0
168	6476
44	6390
13	6350
0	1002
0	811
0	334
0	271
0	106
0	57
0	33
0	0
292	10846
0	78
0	10837
0	800
45	11101
651	1336
0	2448
54	9115
0	0
62	2134
0	0
0	0
0	0
0	0
0	0
0	0
0	0
0	0
0	20
6	583
25	125
18	119
0	102
0	77
0	125
0	191
0	32
0	184
1	632
9	265
0	183
0	81
0	48
11	347
0	0
2	6
0	6
0	1
0	0
0	176
0	152
0	34
0	97
21	907
0	134
0	33
0	38
0	81
16	203
1	1442
0	1482
0	142
0	1424
0	72
0	61
0	35
0	38
0	123
0	265
0	89
0	0
13	72
0	0
0	0
13	5
0	4
0	0
0	1
0	157
1	924
0	924
0	1004
50	1031
0	993
0	124
0	169
0	313
0	750
0	31
0	485
0	307
4	261
0	81
0	81
0	0
0	0
0	0
0	0
0	0
0	5
2	354
7	53
0	334
0	21
0	368
0	16
0	18
0	36
0	19
0	93
0	0
0	0
0	0
0	0
0	0
0	0
0	0
0	0
0	0
0	0
769	2897
0	36
9	2393
0	1707
102	2582
0	88
0	0
0	0
0	0
0	5
8	1625
0	848
9	1480
0	652
0	0
0	641
0	1216
0	12571
0	13203
0	636
0	2
0	13
2	12572
0	0
0	1316
0	13015
0	1640
0	524
62	3572
0	12611
5	12133
0	778
1	1243
18	26
0	992
0	0
0	0
9	297
74	302
0	5
0	5
0	0
7	102
0	0
0	10
500	218
0	66
0	0
0	0
0	0
0	0
0	0
0	0
0	0
0	0
0	0
0	0
0	0
0	0
0	0
0	0
0	0
0	0
0	0
0	0
0	0
0	0
0	0
0	0
0	0
0	0
0	0
0	0
0	0
0	0
0	0
0	0
0	0
0	0
0	0
0	42
2	2269
34	2269
4	2267
0	1740
0	1480
0	400
0	273
0	218
0	198
0	579
0	76
0	149
0	111
0	288
0	218
0	301
0	182
0	275
8	260
0	255
0	129
0	0
0	222
0	201
0	198
0	151
0	136
0	55
0	56
0	53
0	14
0	8
0	40
0	0
0	1
0	5
47	2182
44	1986
22	293
0	292
0	288
0	173
0	110
17	1560
0	234
0	143
0	206
10	55
0	0
0	0
0	0
0	0
0	0
0	0
0	0
288	274
0	272
24	244
0	244
0	0
0	0
26	415
0	355
0	201
0	191
3	349
0	435
0	312
0	408
0	188
0	64
0	19
0	6
0	42
0	113
0	28
0	21
0	94
0	102
0	18
0	24
0	12
0	17
0	18
0	10
0	9
0	9
0	9
0	1
0	1652
8	1677
0	1883
0	1817
0	1899
17	1815
0	1229
0	1102
0	274
0	177
0	84
0	2
0	58
0	12
0	4
0	1
0	0
0	0
0	0
0	0
0	0
0	0
0	0
0	0
0	0
0	0
0	0
0	0
0	0
0	0
0	0
0	0
0	0
0	0
0	0
0	0
0	0
0	0
0	0
0	0
0	0
0	60
1	1703
0	1242
0	48
0	42
0	129
0	1869
0	537
0	444
0	184
0	946
0	79
0	6
0	407
3	1116
0	66
0	82
0	65
1	629
0	92
0	250
863	967
0	167
0	8
0	725
0	0
0	0
0	0
0	0
1	172
28	1
308	409
0	231
0	218
0	0
0	0
0	0
0	0
0	0
19	197
1	36
0	197
0	98
0	98
0	0
0	0
0	0
0	0
0	0
0	20
0	152
0	152
0	129
3	130
0	144
0	77
0	165
0	165
0	164
4	95
0	73
0	131
0	150
0	121
0	114
0	105
0	114
0	1
0	14
0	9
0	28
0	9
0	23
0	16
0	27
0	11
0	23
0	16
0	4
0	0
0	1
0	1
0	0
0	0
0	0
0	1425
1	6128
0	335
0	366
0	316
0	970
0	3597
0	6695
0	537
0	859
107	1444
124	618
17	643
0	680
0	629
0	833
68	959
0	234
0	702
24	5027
0	216
0	985
0	6342
40	5335
31	3786
0	5304
18	4775
0	5257
0	1072
2	4969
1	928
30	279
43	1087
0	1755
0	1415
0	1527
0	650
264	3520
269	33
0	14
0	19
0	15
0	10
0	3
0	0
0	0
260	771
13	437
0	154
24	539
16	437
0	0
0	0
0	0
0	0
0	73
0	63
4	71
0	71
3	62
0	1
0	0
0	0
0	1
0	0
0	0
0	0
0	0
0	3722
39	3165
0	106
153	1196
0	854
157	472
0	520
0	25
0	649
0	374
264	3329
0	597
22	3376
0	663
31	845
0	0
0	0
0	0
0	0
0	0
0	0
0	14
0	0
0	1617
7	1926
0	1793
24	2112
0	1750
0	5
0	118
0	16
26	12
0	12
0	0
248	237
0	232
0	98
0	156
0	31
0	26
0	18
0	13
0	11
0	9
0	1
0	0
0	4
0	0
0	1
0	0
0	0
0	0
0	0
0	2
0	14
0	0
0	0
0	3
0	0
0	14
0	0
0	0
0	3
0	2
0	3
0	0
0	0
0	1
0	0
0	0
0	3
0	0
0	0
0	0
0	0
0	0
0	0
0	0
0	0
0	3
0	0
0	0
0	0
0	0
0	0
0	0
0	0
0	0
0	0
0	0
0	0
0	0
0	0
0	0
0	0
0	0
0	0
0	0
0	0
0	0
0	0
0	0
0	0
0	0
0	0
0	0
18	12
0	7
0	8
0	1
0	8
0	12
0	0
0	0
10	48
0	48
0	31
0	21
0	0
0	0
0	11
0	0
0	44
0	578
2	192
0	0
7	578
0	420
0	0
0	435
0	43
0	566
0	570
0	33
0	570
0	213
0	90
0	50
424	1045
0	126
0	49
0	117
0	147
0	185
0	69
0	120
0	0
42	485
0	152
0	81
5	301
0	13
0	219
0	200
0	0
0	0
0	0
0	0
0	0
0	0
0	0
0	0
0	0
0	0
0	0
0	0
0	0
0	0
0	0
0	0
0	0
0	0
0	0
0	0
0	13
0	0
0	0
0	0
0	0
0	0
0	0
0	5
12	14
0	1
0	3
0	3
0	2
0	0
0	0
0	0
0	0
0	0
0	0
0	0
0	0
0	0
0	0
0	0
0	0
0	0
0	0
0	0
0	0
0	0
0	0
0	0
0	0
0	0
0	0
0	0
0	0
0	0
0	0
0	0
0	0
0	0
0	0
0	0
0	0
0	0
0	0
0	0
0	0
0	0
0	0
0	0
0	0
0	0
0	0
0	0
0	0
0	0
0	0
0	0
0	0
0	0
0	0
0	0
0	0
0	0
0	0
0	0
0	0
0	0
0	0
0	0
0	0
0	0
0	0
0	0
0	0
0	0
0	0
0	0
0	0
0	0
0	0
0	0
0	0
0	1
0	0
0	0
0	0
0	0
0	0
0	0
0	0
0	0
0	0
0	0
0	0
0	0
0	0
0	0
0	0
0	0
0	0
0	0
0	0
0	0
0	0
0	0
0	0
0	0
0	0
0	0
0	0
0	0
0	0
0	0
0	0
0	0
0	0
0	0
0	0
0	0
0	0
0	0
0	0
0	0
0	0
0	0
0	0
0	0
0	0
0	0
12041	17535
0	2789
10	3849
0	2809
5	2521
302	14309
136	14343
8	9017
20	6650
9	4315
4	3513
0	597
0	627
32	1673
0	0
0	16
0	0
0	7
0	0
0	0
0	0
16	1
0	1
0	0
0	0
0	0
0	0
0	0
0	0
0	0
0	0
0	0
0	0
0	0
0	0
0	0
0	0
0	0
0	0
0	0
0	0
0	0
0	0
731	926
0	148
0	792
0	295
0	223
0	186
0	0
0	0
0	0
0	0
0	0
0	0
0	0
0	0
0	0
0	1
0	2
5	76
0	39
0	41
1	73
2	61
0	63
0	52
0	15
0	6
0	0
0	5
0	5
0	0
0	4
0	3
0	11
0	8
0	9
0	9
0	1
0	0
998	309
16	68
10	15
0	2
4	1021
4	160
41	995
5	752
13	596
0	122
0	71
0	796
0	197
571	1980
0	1981
0	46
0	43
0	40
4	238
3	241
2	164
0	135
0	134
0	69
0	28
0	19
0	0
0	5
0	2
0	1
0	1
0	3
0	2
0	3
0	0
0	0
0	0
0	0
0	0
0	388
0	191
12	390
0	64
0	130
1	1817
36	1783
0	1756
0	0
0	232
0	285
48	492
0	193
10	3844
0	0
11	1910
277	1951
2	183
8	1148
0	88
62	1994
3	1934
0	1985
0	167
0	3819
17	1156
23	94
0	128
0	1919
14	908
0	1906
10	1110
0	1
26	0
62	3060
1	2616
0	837
73	1856
0	325
0	1549
0	548
0	1441
0	995
0	553
19	1940
1	1316
0	1573
0	1314
0	809
0	476
0	522
0	62
8	219
0	399
0	638
3	656
0	572
0	353
0	139
0	249
0	222
0	345
0	20
0	232
0	0
0	0
0	0
0	0
11	50
0	1128
1686	1125
0	224
0	0
0	0
0	0
0	0
0	0
0	0
0	0
1426	23212
288	9044
158	19629
0	1
58	14272
0	6533
40	12982
0	16661
9	13435
0	18376
0	149
22	1
431	17199
10	14437
0	12819
0	12865
0	11675
14	11608
0	14434
0	3348
0	14814
0	12088
11	849
0	4572
20	67
10	10260
0	186
0	10877
0	10574
0	10164
3	3332
18	8131
0	441
1	8472
0	233
86	2494
32	5998
0	12
16	4368
0	3449
0	0
0	418
15	81
0	88
0	13
0	85
21	70
0	9
0	9
1	19
0	14
0	0
20	0
0	381
0	439
4	400
0	119
1	80
0	14
2	330
0	5
7	47
0	167
0	205
0	126
0	48
0	358
2	353
0	418
0	262
0	109
0	2
0	9
0	0
0	698
0	0
0	860
790	3009
0	2958
0	105
0	548
0	115
0	113
0	137
0	335
0	386
0	89
0	2
0	957
0	0
0	0
0	6171
0	6343
17	6171
0	21100
0	6191
2499	21097
9	4424
0	201
0	0
0	877
54	424
19	772
167	904
0	705
22	432
0	126
0	73
0	116
0	108
0	106
0	96
2	113
0	96
0	48
0	80
0	61
0	57
0	46
0	44
0	44
0	14
0	0
0	0
0	0
0	0
0	0
0	0
0	0
0	0
0	0
0	0
0	0
0	0
0	0
0	0
0	0
0	0
0	0
0	0
0	0
0	0
0	0
0	0
0	0
0	0
0	0
0	0
0	0
0	0
0	0
0	0
0	0
0	0
0	0
0	0
0	0
0	0
0	0
0	0
0	47
0	0
74	47
0	0
0	0
0	0
0	0
9	0
0	0
0	0
0	0
0	0
0	0
0	0
0	0
0	0
0	0
0	0
0	0
0	0
0	373
0	284
11	528
0	712
0	87
0	480
0	525
0	504
0	743
0	499
4	391
0	509
0	340
0	112
5	411
0	14
0	212
0	180
0	204
0	138
0	100
0	1
0	1
0	0
0	0
0	0
0	0
0	0
0	0
50606	9045
47	9045
0	1502
68	2583
0	765
222	0
0	0
0	0
38	0
0	0
239	45944
8	9354
3420	33441
35	12356
3492	41547
20	5092
3531	36691
226	34581
5	20424
7	12843
60	12292
16	1181
6	144
0	259
0	0
0	0
0	0
0	0
0	0
0	408
0	50
0	40
1122	2924
0	2765
3	672
34	1267
0	889
141	1154
0	929
0	1117
0	2310
1	1757
27	1399
0	1248
0	499
0	1848
0	724
0	0
0	0
0	0
0	0
0	0
0	0
0	0
0	0
0	25
0	21
0	25
0	22
0	25
0	25
0	16
0	10
0	7
0	4
0	0
0	6
0	6
0	0
0	3
0	15
8	19
0	0
0	0
0	0
0	1
0	0
0	0
0	1
0	0
0	5
0	1
0	0
0	0
0	0
0	0
0	0
0	0
0	0
0	0
0	0
0	0
0	0
1176	5122
114	4658
12	107
37	4971
11	268
0	79
0	132
0	87
0	65
0	60
0	2
34	20
0	50
0	33
4	52
0	47
0	47
0	6
0	1
0	0
0	0
0	0
0	0
0	0
0	0
0	0
0	0
0	0
0	0
0	0
0	0
0	0
0	0
0	0
0	0
0	0
0	0
0	0
0	0
0	0
0	0
244	732
0	616
0	67
0	688
30	783
0	754
0	140
0	586
0	67
0	114
0	114
0	75
10	67
33	36
0	0
0	0
0	0
0	0
0	0
0	0
0	0
0	0
0	0
0	0
0	0
0	0
0	0
0	0
0	0
0	0
0	0
0	0
0	0
0	0
0	0
0	0
0	0
0	0
0	0
0	0
0	0
0	0
0	0
0	0
0	0
0	0
0	0
0	0
0	103
0	0
0	0
0	0
0	0
0	0
0	0
0	0
0	0
0	0
0	0
0	0
0	0
0	0
0	0
0	0
0	0
0	0
0	0
0	0
0	0
0	0
0	0
0	0
0	0
0	0
0	0
0	0
0	0
0	0
0	0
0	0
0	0
0	0
0	0
0	0
0	0
0	0
0	0
0	0
0	0
0	0
0	0
0	0
0	0
0	0
0	0
0	28
42	492
0	383
0	19
9	1036
10	535
0	382
15	672
0	74
21	478
0	0
0	9
0	0
0	4
0	20
0	10
0	32
0	10
0	0
0	0
0	14
0	488
0	788
0	245
1	488
0	484
12	717
0	785
5	784
21	816
0	769
0	561
0	631
0	1
0	597
0	587
0	247
204	0
0	0
355	140
14	106
0	1210
5	798
0	343
80	1359
0	791
0	458
13	1841
0	48
0	162
0	77
0	203
0	0
100	795
0	174
0	76
28	186
0	35
0	2139
0	2139
6	1495
0	420
0	209
16	63
44	118
0	21
0	40
0	95
0	15
0	16
8	15
0	6
0	15
0	10
0	104
0	15
0	97
0	5
7	52
0	35
0	0
0	0
0	0
0	0
0	0
0	0
0	0
0	0
0	0
0	0
0	0
47	504
3	504
3	361
11	178
0	133
10	25
0	25
0	8
0	21
0	1
1	426
0	4
0	1
0	281
0	4
0	17
0	206
0	139
0	16
0	25
0	21
0	1
0	426
0	16
0	11
0	16
0	73
0	431
4	369
0	12
0	1
0	20
0	21
0	0
0	0
0	380
0	21
4	210
0	18
0	46
0	369
2	187
0	5
0	13
0	22
0	39
0	60
0	125
0	44
0	71
0	1
0	3
5	68
0	51
0	0
0	24
0	0
0	73
0	85
0	70
0	85
3	85
0	17
0	1
0	41
0	1
0	18
0	29
0	21
0	21
0	14
0	14
0	9
0	12
0	4
0	6
401	2246
0	347
0	2099
0	1631
0	690
0	204
0	1267
15	536
0	431
0	644
0	439
0	502
0	97
80	3991
23	4005
7	3645
0	259
0	280
0	37
0	219
8	1478
0	229
0	83
0	5
0	69
0	2823
0	247
3	259
0	2
0	1
0	18
0	24
7	258
0	8
0	40
0	246
0	15
0	39
0	55
0	59
0	247
0	20
0	218
1	167
0	15
0	0
0	1
0	0
0	167
0	107
0	72
0	52
0	1
0	16
2	142
0	5
0	0
0	0
11	15813
3489	15330
0	15725
158	2569
0	0
0	0
0	0
0	0
0	18
0	0
0	0
0	16
0	0
0	8
0	0
0	16
0	0
0	0
0	0
0	0
0	0
0	14
0	0
6	17
0	1
0	15
0	2
17	1603
3699	4895
170	4805
0	1887
0	418
0	687
0	2
18	17
7	71
601	23333
7908	23419
318	6797
415	20051
34	1939
142	761
239	20
0	3
0	0
0	2
0	4
0	342
924	5667
20	5063
0	140
0	203
0	377
0	444
0	187
4	476
8	737
0	0
0	0
7	28
0	4
37	592
80	668
0	10
2	454
72	411
0	439
0	395
11	28
10	38
0	0
0	0
90	8857
0	6636
56	6648
0	1522
0	12007
2	7624
0	5262
37	1676
0	3772
1	6971
0	13236
0	6012
33	8039
21	8019
10	3733
0	95
3	4819
5	2257
0	7143
59	197
165	111
28	0
16	564
0	478
0	473
0	429
0	457
0	8
2	63
0	11
0	17
13	45
0	43
0	60
1953	51
0	19
0	56
0	0
4	937
0	928
3	551
0	647
7	404
0	135
0	169
0	164
0	222
0	147
0	92
0	67
11	290
35	309
54	925
11	283
0	993
13	926
0	0
0	0
0	0
0	0
0	0
0	0
0	0
0	0
0	0
0	0
0	0
0	97
2283	208
0	69
0	42
1	66
0	2
0	24
0	65
0	8
0	4
0	61
0	30
5	29
0	2
0	0
0	21720
0	23032
1	24664
0	1475
0	13382
15	6357
0	5239
0	413
14	5919
0	812
0	1963
0	1688
0	3003
0	3770
0	3816
12	3872
17	1669
0	427
0	2050
10	3239
36	3119
8	3193
8	3592
0	1775
0	1487
0	1824
0	1273
0	639
0	487
0	0
0	12
0	11
0	1
0	517
0	60
10	61
0	14
0	18
0	0
9	176
245	341
5	424
49	341
3	222
9	129
0	61
0	5
0	87
0	127
0	97
0	27
0	769
0	796
4	763
3	817
0	786
15	414
0	768
3	56
0	2
0	5
7	118
0	1
0	15
0	349
0	4
0	4
1	67
0	8
0	40
0	35
8	65
3	33
0	33
0	29
432	1092
0	1730
0	1613
0	39
0	19
42	631
0	17
6	8
3	360
0	35
0	103
0	100
0	0
0	0
0	0
0	0
0	0
0	0
86	2633
106	2633
17	1076
0	22
0	13
0	0
0	0
475	107
0	212
0	226
0	205
0	101
0	213
0	175
0	263
0	249
0	27
0	31
0	53
0	30
0	19
0	78
0	29
0	29
0	4
1	3
31	33
0	5
0	0
0	3
0	0
0	4
0	3
0	0
0	1
0	0
0	5645
9	5806
21	1864
4	4244
0	289
0	60
0	129
0	157
8	65
0	178
0	304
0	0
0	128
0	73
0	155
0	135
0	36
51	1945
745	21265
17	2106
0	3782
0	6617
26	4111
75	4534
0	11221
10	571
0	5481
0	3937
0	0
9551	8559
0	9077
26	8794
256	6558
0	2404
51	2820
0	953
0	0
594	10869
12	11076
0	10833
31	13218
3	12614
121	12463
1	2298
0	11082
796	11955
47	4194
9	1227
381	9891
975	1433
4	4992
53	5337
405	5653
0	1404
0	96
0	59
0	306
0	16
3	412
0	478
0	55
4	286
0	124
0	14
0	93
0	17
0	17
0	18
0	19
0	2
0	15
0	0
0	1
0	19
0	0
0	0
0	0
0	0
0	0
0	0
0	0
0	0
0	0
0	10
3	10
0	0
0	0
0	0
0	0
617	0
0	0
0	0
0	0
0	0
0	0
0	0
0	0
0	0
0	0
0	0
0	0
0	0
0	0
0	0
0	0
0	0
0	0
0	0
0	0
25	6905
327	7125
51	1340
0	234
504	5273
0	279
127	5266
0	837
0	329
693	5158
65	2177
2	3975
0	803
0	4246
0	4082
0	3945
12	4159
4	3759
0	253
0	8
0	2926
8	642
17	820
75	297
24	1226
0	455
0	228
0	431
0	380
0	8
0	209
5	313
0	100
6	238
0	0
0	6
68	39
0	6
0	9
0	1
0	0
0	1
0	2
0	0
0	1
0	2
0	24
0	0
0	0
0	0
0	0
0	0
0	0
0	0
12	6535
0	5695
0	475
0	1763
0	482
32	2824
318	5654
0	569
13	2788
0	1580
0	572
0	1356
30	5578
19	6132
0	4516
0	921
0	980
0	1105
0	91
0	1393
0	1094
0	5491
0	1009
0	1632
0	5964
3	4883
0	4780
0	5579
0	1537
0	352
0	989
0	362
0	393
0	3376
0	47
0	20
0	0
0	0
0	0
0	0
0	0
0	0
0	0
29	143
0	143
0	85
0	117
0	21
0	22
0	6
0	360
2	440
0	498
0	488
0	468
2	509
2	482
1	401
0	420
38	239
0	122
0	33
0	16
0	12
6	41
0	0
0	0
0	0
0	0
0	0
0	19
0	15
41	21
0	7
0	0
0	0
0	0
0	0
0	0
0	0
0	0
0	0
0	1299
4	809
187	1058
0	1273
5	235
0	1000
2	1129
5	1087
4	617
0	131
10	51
3	287
0	197
0	101
0	0
0	101
0	310
0	143
0	138
0	125
0	29
0	18
0	13
0	108
0	0
0	2518
0	2869
0	286
0	277
0	52
14	2387
0	26
0	118
0	246
0	319
0	123
0	181
0	135
0	1064
0	2428
0	45
0	472
0	11
0	0
0	0
0	190
0	291
0	71
0	0
0	1
0	417
0	29
1	300
0	392
10	375
0	141
6	212
0	185
0	192
0	0
0	0
3	608
0	666
0	660
74	680
38	438
0	266
0	0
0	0
0	83
0	14
0	2
0	26
393	315
0	7
0	43
0	9
0	18
0	42
0	221
0	3
0	33
0	6
54	1993
118	1816
30	1563
0	1489
0	650
52	1442
0	16
0	457
0	137
0	844
0	127
0	1
2	350
0	357
0	535
6	307
0	137
0	4
48	352
0	135
0	2
0	107
0	26
0	0
12	18
0	18
0	0
0	405
30	885
0	71
0	430
0	100
0	172
54	979
0	42
0	180
0	7
0	7
43	148
1	193
0	247
2	208
8	131
0	14
0	103
5	103
0	98
6	67
0	31
0	37
0	1
0	18
0	1
0	1
0	0
0	0
0	0
0	0
0	0
0	0
0	0
0	0
0	0
0	0
0	0
0	0
0	0
0	0
0	0
0	0
0	0
0	0
0	0
0	0
0	0
0	0
0	0
0	0
0	0
0	0
0	0
0	0
0	0
0	0
0	4568
0	543
24	6652
0	385
0	696
5	989
0	368
5	3474
0	4643
0	3261
0	4479
0	5645
0	5032
0	501
0	1113
0	5319
0	647
0	482
0	4417
0	704
4	474
21	1520
1	1745
0	917
1349	2139
0	2163
0	1268
0	263
0	25
0	341
0	31
0	120
110	2174
188	2218
0	339
0	451
84	1022
0	1762
59	202
0	136
27	348
26	1742
3	543
0	2147
39	3587
0	341
0	314
30	1184
10	1084
0	448
60	1444
9	1123
9	1118
9	1168
5	680
0	931
11	467
0	0
202	318
14	7
119	311
1	32
0	32
0	11
0	5
0	1
0	0
0	0
26	209
22	152
5	101
0	13
24	47
21	43
5	22
0	21
0	19
0	31
5	181
0	7
11	197
0	17
0	53
0	6
0	527
0	436
117	477
0	26
0	270
0	269
0	263
0	238
18	269
2	151
0	0
0	4
0	0
0	4
0	2
0	0
0	0
0	0
0	1
0	0
0	0
0	0
0	0
3101	1582
0	875
0	969
15	522
0	715
0	471
7	220
0	0
0	0
0	0
0	0
0	0
0	0
0	10
17	14
47	37
0	23
13	17
141	99
0	67
0	82
0	0
0	0
0	0
0	0
0	0
0	0
0	0
0	0
0	0
0	0
0	0
0	0
0	0
0	0
1	46
0	50
0	44
0	2
0	3
0	2
0	0
0	7
0	3
0	0
0	0
0	0
0	0
0	0
0	0
0	0
0	0
0	0
0	0
0	148
0	139
0	8
0	120
0	106
556	158
0	8
0	15
0	15
0	15
0	110
0	14
0	14
0	107
0	12
0	28
0	0
0	0
0	0
0	0
0	0
0	0
0	0
0	0
0	0
0	0
0	0
0	0
0	0
0	0
0	0
0	0
0	0
0	0
0	0
0	0
0	0
0	0
0	0
0	0
0	0
0	0
0	0
0	0
0	0
0	0
0	0
0	0
96	2503
0	175
156	2503
0	345
114	374
0	234
0	27
0	138
16	137
4	341
0	211
30	102
0	24
0	14
8	274
0	96
0	395
4	458
1	352
0	0
12	1292
29	1322
21	1146
0	83
2	1104
0	1090
0	1145
0	594
0	18
60	529
5	20
0	34
0	58
32	76
0	0
0	0
0	0
0	0
34	0
0	0
4	0
0	0
0	0
0	0
0	0
0	0
0	0
0	0
0	0
0	0
0	0
61	3090
0	0
0	0
0	0
0	0
0	0
0	0
0	0
0	0
0	0
0	0
0	0
0	0
0	0
0	0
0	0
0	0
7	0
0	0
0	0
0	0
0	0
0	0
0	0
0	0
0	627
14	85
4	554
0	166
20	645
0	0
0	137
0	185
0	0
0	2
19	14
0	14
0	1
0	7
0	0
0	0
0	1
0	0
0	0
0	0
0	0
0	0
0	0
0	0
67	119
25	170
5	153
0	4
0	4
0	0
0	0
0	0
0	0
0	0
0	0
0	0
0	0
0	0
0	0
0	0
0	0
0	0
0	0
0	0
0	0
3270	1257
0	68
5	440
49	788
30	531
0	150
0	0
0	1
0	11
0	11
0	13
74	15
0	0
0	0
0	0
0	0
0	302
0	0
0	691
9	564
1476	1048
0	1
0	0
0	0
0	0
0	0
0	0
0	0
0	143
0	0
0	0
0	1389
47	1399
0	472
0	442
0	345
0	88
0	145
0	11
0	174
0	0
0	0
0	0
0	16
160	593
18	627
0	34
0	95
0	0
0	0
0	0
0	0
0	0
0	0
0	0
0	0
0	0
0	0
0	0
826	190
0	59
0	34
0	7
0	96
0	36
0	0
0	12
0	11
0	0
0	0
0	3
0	3
0	3
0	1
0	3
0	3
0	11
0	11
0	11
0	0
0	2
0	1
0	0
0	0
0	0
0	0
0	0
0	0
0	0
0	0
0	0
0	0
0	0
0	0
0	0
0	0
0	0
0	0
0	0
0	0
0	0
0	0
0	0
0	0
0	0
0	0
0	0
0	0
0	0
0	0
0	0
0	0
0	0
0	0
0	0
0	0
0	0
0	0
0	0
0	0
0	0
0	0
0	0
0	0
2	0
0	0
281	425
165	425
0	319
20	0
63	637
10	534
13	128
0	328
0	341
95	431
0	453
0	476
21	315
0	44
0	188
8	285
13	0
0	11
35	7
0	0
0	7
0	2
0	0
0	0
0	0
0	0
346	130
0	118
0	122
0	130
0	12
0	3
0	0
0	0
0	0
0	0
0	0
0	0
0	0
0	0
0	0
0	0
0	0
0	0
0	0
0	0
0	0
0	0
0	0
0	0
0	0
0	0
0	0
0	0
0	0
0	0
0	0
0	0
0	0
0	0
1450	3575
37	83
0	0
8	49
0	1
42	273
193	1005
102	3014
0	0
0	0
0	0
0	0
0	0
0	0
0	0
0	55
365	282
8	248
0	0
0	31
0	36
0	27
0	0
0	0
0	0
0	0
0	0
2	1
0	1
0	0
0	0
0	0
0	0
0	0
0	0
0	0
0	0
0	0
0	280
0	360
0	50
33	313
0	69
1	55
0	26
0	8
0	14
0	77
4	70
2	98
0	73
0	0
1	60
4	60
28	49
9	0
7	5
54	40
9	36
18	1
0	0
46	0
0	0
0	0
1	5530
51	3095
0	59
267	3068
9	16
0	630
0	0
0	21
0	214
0	267
7	801
0	1157
14	1052
35	2093
0	399
0	555
0	232
0	1257
0	179
0	412
0	485
1	1707
0	515
0	255
0	1349
3	1259
0	11
0	0
0	32
58	565
0	149
0	606
0	375
0	3
0	12
0	0
0	0
25	7
0	7
0	0
0	0
10	1424
0	1287
0	31
14	130
0	169
0	1093
31	1298
0	163
0	73
0	14
34	22
67	239
0	0
0	0
453	31
42	15
1	16
0	0
0	0
0	0
2519	2176
0	266
0	413
0	641
0	107
13	710
6	546
3	1305
0	309
0	59
0	19
3	174
0	3
0	202
0	204
0	344
0	346
3	346
0	21
0	57
0	1
0	525
0	450
0	205
0	372
0	202
0	662
0	203
0	201
0	11
0	2
58	225
39	254
0	55
0	0
144	425
0	156
0	2
0	3
0	51
0	51
0	11
0	4
0	2
0	1
0	0
0	0
0	1
0	0
0	0
0	0
0	0
0	0
0	0
0	0
0	0
1033	1840
0	133
48	1629
179	1832
0	229
0	0
0	412
0	0
0	0
0	0
0	0
0	0
0	0
126	593
14	411
0	217
0	109
0	215
0	0
0	0
0	0
0	6
0	105
0	1
0	5
0	2
2	316
0	17
0	5
0	0
1	318
0	35
0	0
330	6862
0	966
0	75
0	520
7	1260
6	2098
0	10
4	5242
0	5238
3	6437
7	1194
0	77
0	464
10	829
0	0
0	0
0	0
0	0
0	0
0	0
0	0
0	0
0	0
0	0
0	0
0	0
0	0
0	0
0	0
0	0
0	346
3	176
0	289
0	241
0	73
101	331
0	240
0	274
0	226
0	84
0	98
0	9
0	208
0	208
3	91
7	66
5	95
0	56
0	1
0	0
0	0
0	0
0	0
0	0
0	0
0	2
18	28
0	18
0	0
0	2
0	0
0	647
0	1564
0	92
38	1557
0	231
0	390
0	21
0	11
0	57
0	134
0	427
2	1369
0	72
0	2
0	43
0	1
0	3
0	200
0	9
0	855
0	291
0	938
0	11
0	196
0	308
0	148
22	172
0	0
0	123
0	159
10	170
9	322
0	38
25	195
0	94
0	183
0	35
0	156
0	0
7	121
0	59
10	108
0	0
0	0
0	0
37	0
0	0
0	0
0	3
134	24
0	7
0	11
3	11
0	2
0	9
4	14
43	92
0	82
0	71
0	73
0	82
0	4
3	75
0	65
0	33
0	24
0	1
14	8
0	0
0	0
0	0
0	0
0	0
0	0
0	0
0	0
0	0
0	0
0	0
0	0
0	0
0	0
0	0
0	0
0	0
0	0
0	0
0	0
0	0
0	0
0	0
0	0
0	0
0	0
0	0
0	0
0	0
0	0
0	0
138	3111
25	3111
17	170
0	71
8	29
0	69
0	26
0	118
0	15
0	447
0	457
0	140
0	0
261	333
8	0
8	47
0	41
24	140
577	345
23	140
15	275
0	104
3	81
14	117
0	0
749	234
8	162
0	1
0	23
0	72
0	0
0	116
742	701
0	54
0	37
0	37
0	46
0	192
0	454
0	416
0	541
0	10
0	32
0	74
0	84
14	28
0	7
7	164
0	0
0	25
110	25
0	0
0	0
0	0
0	0
0	0
0	0
0	0
0	0
0	0
0	0
0	0
0	0
0	0
0	0
0	0
0	0
0	0
0	0
0	0
0	0
0	0
0	0
0	0
0	0
0	0
0	0
0	0
0	0
0	0
0	0
0	0
0	0
0	0
0	0
0	0
0	0
0	0
0	0
0	0
0	0
0	0
0	0
0	0
2123	80
3	80
0	0
0	0
0	0
0	0
0	0
0	0
0	0
0	0
0	0
0	0
0	0
0	0
0	0
0	0
0	0
0	0
0	0
0	0
0	0
0	3
0	3
0	4
0	4
3	5
0	1
0	1
0	0
0	0
0	1
0	0
48	0
0	0
0	0
0	0
0	0
0	0
0	0
0	0
0	0
0	0
0	0
0	0
0	0
411	374
32	185
8	97
66	129
41	0
940	688
83	395
53	183
15	229
32	139
0	0
0	0
0	0
1	0
0	0
0	0
0	0
0	0
0	0
0	0
0	0
0	40
0	40
1	40
0	4
0	0
17	15123
0	15045
165	11476
0	13127
6	7731
8	4213
172	8921
5	150
4	8540
82	7862
30	9297
0	9830
11	4393
0	91
25	7527
0	3933
0	8885
0	4016
14	6449
839	5520
0	2221
0	3316
4	2127
0	390
15	1124
0	210
0	1
0	1
0	0
0	0
0	0
0	0
0	0
0	0
186	0
8	1573
0	1601
8	778
0	72
0	634
0	535
0	14
0	49
0	69
0	78
0	90
0	39
0	19
0	18
0	26
0	0
0	0
0	0
0	0
0	0
3	10839
0	0
0	0
363	264
0	55
0	63
0	32
0	32
0	21
0	0
0	62
0	23
0	42
0	0
0	36
37	12
0	41
0	120
0	6
0	12
97	12
0	6
0	6
0	2
0	0
0	0
0	0
0	0
132	944
0	944
0	461
0	94
0	91
8	211
0	47
0	0
0	0
0	0
0	0
0	0
0	0
1	0
0	0
0	0
0	0
0	0
0	0
0	0
0	0
0	0
0	0
0	0
0	0
0	0
0	0
0	0
0	59
0	0
0	0
0	0
0	0
0	0
0	0
0	0
0	0
0	0
0	0
0	0
0	0
0	0
0	0
0	0
0	0
0	0
0	0
0	0
0	0
0	0
0	0
0	0
11	0
0	0
0	0
0	0
0	0
0	0
0	0
0	0
0	0
0	0
0	0
0	0
13	19
595	109
0	11
1	32
38	36
45	29
0	3
0	3
0	3
0	2
0	1
6	0
0	2768
0	2844
0	2251
13	491
0	110
0	287
0	3
0	47
0	173
0	1557
2	1521
0	10
0	0
4	234
0	405
15	1091
0	104
0	337
0	11
0	216
0	54
0	101
0	0
0	0
0	0
0	0
11	26
0	0
0	0
0	0
0	0
0	0
0	0
0	0
0	0
0	0
0	0
0	0
0	0
0	0
0	0
0	0
0	0
0	0
0	0
0	0
0	0
0	0
0	0
0	0
0	0
0	0
0	0
0	0
0	0
0	0
1	0
0	0
0	0
0	0
0	0
0	0
0	0
0	0
0	0
0	0
0	0
0	0
0	0
0	0
0	0
0	0
0	0
0	0
0	0
0	0
0	0
0	0
0	0
0	0
0	0
0	0
0	0
0	0
0	0
0	0
0	0
0	0
0	0
0	0
0	0
0	0
0	0
0	0
0	0
0	0
0	0
0	0
0	0
0	0
0	0
0	0
0	0
0	0
0	0
0	0
0	0
0	0
0	0
0	0
0	0
0	0
0	0
0	0
0	0
0	0
0	0
34	184
12	386
15	118
0	345
0	148
0	183
0	1
0	0
0	0
0	38
0	2
0	2
0	3
0	3
0	1
0	1
0	0
20	34
0	11
0	12
0	0
0	0
0	0
0	0
0	125
0	166
8	121
0	101
0	132
0	0
0	0
0	0
0	0
0	0
0	0
0	0
0	0
0	0
0	0
0	0
0	0
0	0
0	0
0	0
0	0
0	0
0	0
0	0
0	0
0	0
0	0
0	0
0	0
0	0
0	0
0	0
0	0
0	0
0	0
0	0
0	0
0	0
0	0
0	0
0	0
0	0
0	0
0	0
0	0
0	0
0	0
0	0
0	0
0	0
0	0
0	0
0	0
0	4
0	0
0	0
0	0
0	0
0	0
0	0
0	0
0	0
0	0
0	0
0	0
0	0
0	0
0	0
0	0
0	0
0	0
0	0
0	0
0	0
0	0
0	0
0	0
0	0
0	0
0	6
0	8
46	14
0	1
0	0
1	55
0	18
4	190
0	163
0	54
0	43
0	39
0	31
0	48
0	57
0	771
32	552
10	781
0	173
0	183
0	139
0	31
0	10
0	0
0	0
0	12
0	60
173	60
0	7
0	0
0	0
0	0
0	0
0	0
0	0
0	0
0	0
0	0
0	0
0	0
0	0
0	0
0	0
0	0
0	0
0	0
0	0
0	0
0	0
0	0
0	0
0	0
0	0
20	286
3	511
2	565
0	113
0	357
0	200
0	69
0	6
0	99
3	211
0	12
0	19
0	9
0	31
0	1
15	148
5	153
1	79
27	0
0	0
0	0
0	2134
0	2206
41	2209
23	426
4	1145
5	103
0	27
0	99
0	186
0	113
0	70
0	0
24	0
0	0
0	0
0	0
0	0
0	0
0	0
0	0
0	0
0	0
0	0
0	0
0	0
0	0
0	0
0	0
0	0
0	0
0	0
0	0
0	0
0	0
0	0
0	0
0	0
0	0
0	0
0	0
0	0
0	0
0	0
0	0
0	0
0	0
0	0
0	0
0	0
0	0
0	0
0	0
0	0
0	0
0	0
0	0
0	0
0	0
0	0
0	0
0	0
0	0
0	0
0	0
0	22
5	18
0	15
0	10
0	11
31	6
0	26
0	0
0	0
0	132
4011	735
306	422
0	181
1	0
0	0
0	0
0	0
45	0
0	0
0	0
0	12
0	12
0	12
0	0
0	0
26	249
151	237
0	0
0	0
0	0
0	0
0	189
0	0
0	151
662	478
0	276
0	46
0	10
0	14
0	0
0	0
0	0
14	3
0	17
15	14
0	0
11	0
0	0
0	0
0	0
0	0
0	0
0	0
0	0
0	0
0	0
0	0
0	0
0	0
0	0
0	0
0	0
14	7291
20	7036
0	356
137	6886
0	1177
0	2456
0	534
0	16
72	3601
965	2475
541	1549
78	938
144	752
0	0
482	1326
0	727
19	185
129	1169
0	388
8	1135
4	376
0	490
4	339
0	282
0	3
0	0
15	22
5	23
0	1
0	1
0	168
11	167
6	84
0	56
0	168
0	167
0	140
0	63
0	90
0	5
0	34
0	0
0	8156
0	29
0	29
0	130
0	29
0	27
0	27
0	116
0	0
0	0
0	65
0	67
0	71
0	0
0	0
0	0
0	0
0	0
0	0
0	0
0	0
596	414
0	28
0	33
0	2
8	35
0	203
0	3
0	347
0	18
0	231
0	16
0	0
0	0
0	0
0	0
0	0
16	78
5	408
15	398
0	381
0	49
0	222
0	13
44	179
0	91
3	36
0	0
0	0
0	37
0	15
0	0
0	2
0	0
0	0
0	0
0	0
0	441
0	0
228	996
5	996
4	53
0	0
0	0
0	0
0	0
0	0
0	0
0	0
0	405
0	2
0	405
0	405
265	755
84	249
0	350
226	462
0	103
5	351
14	101
13	23
0	30
0	1
0	245
0	308
0	15
0	318
10	309
0	71
0	63
0	50
0	11
0	50
0	2
0	0
1	0
0	0
0	0
0	0
0	0
0	0
14	0
0	0
0	0
0	21
0	182
123	2201
0	499
0	2379
0	174
0	583
0	235
0	1410
0	130
0	172
0	14
0	95
0	428
11	1061
0	75
0	226
0	140
0	83
0	470
0	2186
0	123
7	1784
21	1572
0	137
0	303
0	1922
0	87
0	7
0	140
0	214
0	160
0	77
0	95
0	216
1	1912
0	2154
0	1663
0	328
0	329
0	21
0	0
0	0
0	0
0	0
0	0
0	0
0	0
0	0
0	0
0	0
0	0
0	0
0	0
1	1591
0	2099
318	2620
113	2253
0	2229
0	100
6	267
0	2238
78	2501
0	5
0	413
0	0
0	0
0	0
0	0
0	0
0	0
0	0
0	0
0	0
0	0
0	0
0	0
0	0
0	0
0	0
0	0
0	0
0	0
0	0
0	0
0	0
0	0
0	0
0	0
0	0
714	280
0	63
0	65
0	62
0	215
0	0
0	0
0	0
0	0
0	0
0	0
0	0
0	0
0	0
0	0
0	0
0	1
0	0
0	0
0	0
0	0
0	0
0	0
0	0
0	0
0	0
0	0
0	0
0	0
0	0
24	2033
0	427
0	1753
39	1526
11	1396
1	1319
0	105
0	137
0	127
0	0
0	0
0	0
0	0
0	0
80	30
0	5
0	13
0	8
0	8
0	7
0	0
343	597
20	636
0	510
3	0
0	83
0	7
0	40
0	117
0	125
0	108
0	57
0	32
0	0
0	0
0	0
0	0
0	21
18	113
25	520
0	100
0	4
0	11
4	357
117	66
0	167
0	0
55	785
3	729
0	79
0	82
0	61
0	16
0	86
4	566
0	82
0	85
0	95
0	570
2	663
0	0
0	0
0	0
0	0
0	0
0	0
0	0
0	0
0	0
0	0
0	0
0	0
0	0
0	0
0	0
0	0
0	0
0	0
0	0
0	0
0	0
0	0
0	0
0	0
0	0
0	0
0	0
0	0
0	0
0	0
0	0
0	0
0	0
0	0
0	0
241	191
0	191
2553	4269
0	306
15	3665
1011	1134
60	3423
0	528
15	1056
0	308
0	483
1	252
2	804
4	1186
2	541
0	0
0	0
242	11386
6	11405
0	8886
0	8562
44	10124
0	350
7	11813
0	16
0	99
0	3013
3	11019
7	8526
6	7671
33	1148
21	345
5	4554
3	2775
0	0
0	0
72	511
58	572
249	135
2	988
0	800
0	1390
0	1391
0	40
0	174
0	1394
0	770
0	686
0	33
0	72
0	107
19	270
0	15
0	111
0	92
0	0
0	0
0	0
0	0
0	0
0	0
0	0
0	0
0	0
0	0
0	0
0	0
0	0
0	0
0	0
0	0
0	0
0	0
0	0
0	0
0	0
0	0
0	0
0	0
0	0
0	0
0	0
0	0
0	0
0	0
0	0
0	0
0	0
0	0
0	0
0	0
0	0
14	0
0	73
3	1003
4	845
0	3
1	293
0	38
0	100
0	21
0	46
0	5
7	0
0	0
1	88
4	41
4	108
32	119
5	17
49	39
28	40
0	0
0	0
0	1
0	0
0	0
0	0
0	79
0	249
0	638
0	84
9	601
0	48
0	73
4	73
10	624
0	12
0	164
0	551
0	510
2	1
0	0
0	0
0	1
0	0
0	1
0	0
0	1
0	1
0	1
0	0
5	675
0	150
40	1139
0	101
108	1128
0	2
0	23
0	19
0	11
0	53
0	40
0	0
0	0
0	0
0	0
0	0
0	0
0	0
0	0
0	0
0	0
0	0
0	0
0	0
0	0
0	0
1	93
0	96
0	0
0	0
0	85
0	93
0	3
0	1
41	62
0	0
0	0
0	0
0	0
0	0
0	0
0	0
0	0
0	0
0	0
0	0
0	0
0	0
0	0
0	0
0	0
0	0
1377	169
0	159
0	20
0	10
0	0
1600	2169
18	1660
93	1971
0	381
32	666
0	970
45	956
40	539
36	470
0	83
0	0
0	0
0	0
0	0
0	0
0	0
0	0
0	0
0	0
0	0
0	0
0	0
0	0
0	0
0	0
0	0
0	0
0	0
0	0
0	0
0	0
0	0
0	0
0	0
0	0
0	0
0	0
0	0
0	0
0	0
0	0
0	0
0	0
0	0
0	69
8	572
0	536
9	515
0	476
0	88
12	430
0	27
0	0
0	0
0	0
0	3
0	0
0	0
0	0
0	0
1218	541
0	13
0	23
0	47
0	28
0	459
0	79
0	48
0	0
0	34
0	3
0	0
0	0
0	0
0	0
0	0
0	0
0	0
0	0
0	0
806	333
0	201
0	207
14	84
0	2
0	0
3	95
0	0
0	0
0	0
0	0
0	0
0	226
11	411
25	253
0	332
0	278
6	210
0	108
0	50
3	68
15	236
0	40
0	127
0	2
17	0
37	1442
0	277
0	1429
0	478
19	500
9	897
5	632
0	43
0	30
3	355
6	115
0	55
0	50
23	539
0	310
19	71
0	49
0	382
12	404
0	414
7	274
0	16
838	259
0	1
0	3
0	0
1	246
0	6
0	21
0	36
10	28
0	28
5	28
0	0
0	0
0	0
0	0
0	0
0	0
0	0
0	0
0	0
0	0
0	0
0	0
0	0
0	0
0	0
0	0
0	1
0	0
0	0
0	0
0	0
0	0
183	1
0	0
0	0
0	0
0	0
0	0
0	0
0	0
0	0
0	0
0	0
0	0
0	0
0	0
0	0
0	0
0	0
0	0
0	0
0	0
0	0
0	0
0	0
0	0
0	0
0	0
0	0
0	0
0	0
0	0
0	0
0	0
0	0
0	0
0	0
0	0
0	0
0	0
0	0
0	0
0	0
0	80
385	104
0	21
0	0
0	4
0	0
0	0
0	0
0	7
16	8
0	8
0	0
0	1
0	1
0	1999
0	12545
0	38996
10	1090
11	2235
0	13722
16	35500
1	2520
114	6034
104	4304
0	3809
0	0
0	117
6	137
5	92
0	99
18	43
0	11
0	21
0	7
0	2
0	5
0	5
1434	1523
0	308
0	49
0	1290
0	1125
0	544
0	361
4	592
0	747
0	0
0	0
0	0
0	0
0	0
0	0
0	0
0	0
0	0
1	8081
94	313
20	313
0	24
0	5
2	100
4	75
160	360
72	359
0	129
13	88
0	4
0	0
0	0
0	1702
0	1567
0	1
0	0
0	109
8	1812
0	1615
0	1523
0	1692
54	1771
0	122
8	1655
0	54
0	917
0	40
0	1
0	7
8	96
0	14
0	946
16	1568
0	208
0	765
0	186
0	0
1	20333
47	0
0	0
0	76
12	2974
54	3014
0	36
9	184
0	0
0	0
0	0
212	61
0	14
0	5
6	45
0	40
0	31
0	25
0	22
0	10
0	1
0	0
0	0
0	0
367	122
0	161
139	161
0	161
28	25
0	34
7	227
9	261
0	96
0	3
0	11
0	0
0	108
2	1170
3	2377
0	2280
0	1533
0	113
0	10
0	77
0	134
0	1
0	69
0	0
0	45
0	31
0	223
0	213
0	173
0	40
0	17
0	146
0	28
10	21
0	109
0	2
0	15
0	13
0	3
0	10
0	14
0	1
0	1248
11	1334
78	1455
17	637
0	0
0	0
0	19
113	1262
177	0
0	0
0	0
0	0
0	17
0	0
0	0
0	0
0	0
0	0
0	0
0	0
318	56
0	56
0	0
0	0
0	0
0	0
0	0
0	14
45	14
0	14
0	9
0	3
0	4
0	3
0	0
0	0
8	284
11	284
0	25
0	1
0	0
0	0
0	0
0	0
0	0
0	0
0	0
0	0
0	0
0	0
0	0
0	0
0	0
0	0
0	0
0	0
75	232
0	4
3	206
0	43
4	219
0	12
0	10
0	230
0	139
0	139
0	144
0	22
0	15
0	0
0	0
28	0
95	3294
31	3435
3	359
0	79
2	588
0	515
2	1472
17	68
12	46
8	150
6	151
31	133
0	66
0	25
0	2
0	0
39	121
6	98
0	3
0	14
0	20
0	0
0	0
0	0
0	0
0	0
0	0
0	0
0	0
0	0
0	0
0	0
0	0
0	0
291	1821
55	506
7	294
72	1710
0	254
0	0
254	443
0	390
0	25
0	74
0	37
0	54
0	0
0	0
0	0
0	0
0	0
0	0
0	0
0	0
19	0
0	0
0	0
78	0
0	0
0	0
0	0
0	0
0	0
0	0
0	0
0	0
0	0
0	0
0	0
0	0
0	0
0	0
0	0
0	0
0	210
0	205
2	60
0	60
0	26
0	19
0	0
0	0
171	142
0	16
5	136
0	0
0	0
66	2805
37	2580
0	1950
35	223
18	1522
0	77
2	1187
0	1
0	86
1	268
0	2
0	292
0	0
0	197
0	157
0	195
147	1460
0	770
0	846
0	1024
0	1043
24	2465
0	1529
0	2147
9	762
2	447
0	26
0	227
0	228
0	0
0	0
0	0
0	0
313	723
21	647
0	638
57	0
12	0
0	396
0	395
0	364
0	146
14	129
9	294
0	206
0	292
1287	61
0	23
11	55
0	55
0	37
0	31
0	28
0	27
0	21
0	6
0	1
0	0
0	0
0	0
0	318
695	2024
29	1560
0	371
0	343
0	9
0	44
0	1
0	37
0	0
0	8
0	0
0	0
0	0
0	0
0	0
0	0
0	0
0	0
0	0
0	0
0	0
0	0
0	0
0	0
0	0
0	0
0	0
0	0
0	95
7	174
0	20
0	21
0	4
0	5
0	6
0	132
0	23
0	25
97	0
0	0
0	153
15	205
0	277
0	110
0	72
0	73
19	103
0	118
9	1397
0	110
1	1401
0	1242
0	1136
0	0
3	95
0	3
0	69
0	95
0	0
0	3
0	1
0	1
0	30
0	0
0	2
0	2
0	2
0	0
0	6
0	0
0	0
0	0
0	0
0	0
0	0
0	0
0	0
0	0
0	0
0	0
0	0
2298	5174
0	4207
20	3888
101	4483
120	1701
0	1277
0	928
0	710
0	705
0	501
0	620
0	114
0	524
0	510
0	507
0	165
10	669
0	40
0	91
0	296
0	687
0	110
0	83
0	360
0	87
0	40
0	82
24	132
8	27
149	698
80	500
0	694
0	492
0	583
19	178
0	39
0	87
0	115
12	88
0	0
0	319
0	397
0	67
2	1057
0	276
0	1541
51	544
0	127
0	1244
0	76
0	1037
0	1204
0	1480
0	1156
0	793
0	41
73	777
0	0
0	0
0	0
0	0
0	0
0	0
0	0
0	0
0	0
0	0
0	0
0	0
0	0
0	0
0	0
0	0
496	272
0	208
0	65
0	96
0	57
0	38
0	0
0	0
0	0
0	1
0	9
0	269
0	268
0	1
0	0
0	20
224	267
0	368
0	0
2	1319
0	1155
0	1147
0	1318
10	794
4	615
0	51
0	625
0	38
0	54
0	32
0	355
0	0
0	912
34	789
8	640
0	28
0	20
0	256
0	121
0	81
0	0
3	383
25	304
153	1957
12	300
3	131
20	1580
0	187
0	182
0	121
0	361
29	89
0	120
1	120
18	37
0	18
0	1
0	0
0	0
38	0
0	0
0	0
11	115
0	214
0	227
0	75
0	183
0	24
0	12
0	10
0	38
0	159
13	3751
0	4753
0	4794
0	3325
0	34
0	502
0	155
0	156
0	113
577	1425
0	0
0	0
115	755
29	323
8	198
0	99
0	136
0	568
0	152
0	0
15	110
0	177
0	87
0	96
0	136
0	0
2592	3644
18	1829
10	997
0	332
0	604
0	0
27	0
3	410
0	0
75	910
0	927
11	899
0	321
0	92
0	284
0	0
0	13
0	34
0	0
0	0
48	738
0	494
1	225
0	105
16	298
53	187
21	825
42	822
0	821
0	758
0	756
1	724
13	154
43	599
30	365
7	3
54	0
94	1
0	0
0	0
0	2
0	12
0	6
0	12
1	12
0	4
0	2
0	11
0	2
2625	428
0	428
2	164
0	206
0	913
0	1
0	1
13	184
2	226
0	256
0	4
0	232
0	36
0	39
0	154
0	3
1	246
0	154
8	242
0	179
0	14
0	62
0	28
0	0
0	19
0	30
11	80
66	37
0	32
0	21
0	5
0	0
37	2435
3	4382
159	4667
5	4330
21	3225
1	2035
0	209
0	508
0	1
0	0
1198	4650
1	2893
1	808
9	1855
0	609
0	1896
0	2530
14	2457
28	2122
0	1075
0	23
0	0
0	0
0	0
0	0
0	0
0	0
0	0
0	0
0	0
0	0
0	0
0	0
0	0
0	0
0	0
0	0
0	0
0	0
0	0
0	0
0	0
0	0
0	0
7	30
0	30
0	23
0	2
0	1
0	0
0	0
0	0
861	553
0	1
0	552
0	227
13	278
0	800
0	862
0	862
0	779
0	809
0	858
0	771
0	34
0	110
1	124
7	724
0	762
0	3
0	78
0	41
0	95
0	20
0	9
0	63
0	298
0	90
134	795
0	746
0	115
0	32
0	123
0	98
0	83
0	281
0	2
0	91
0	20
0	72
0	0
0	0
0	0
0	0
312	519
25	519
0	270
0	0
0	18
0	17
0	75
0	375
17	281
16	558
0	0
0	82
0	66
0	564
0	5
4	54
0	17
0	71
0	30
0	221
0	96
23	202
0	93
0	0
0	15
0	0
0	34
184	126
0	51
0	132
754	180
9	152
0	16
0	18
1	334
7	139
0	237
0	47
0	60
0	63
0	92
0	77
85	465
0	1
0	78
0	37
0	520
3	355
0	0
0	145
13	142
16	5
0	0
0	28
0	0
2	95
3	84
0	94
0	99
0	61
0	58
14	48
0	31
0	25
0	20
0	16
2	20
0	8
0	9
0	3
0	0
0	4
46	0
0	0
0	0
859	2566
28	2227
0	2
0	1
0	2371
0	0
22	656
58	618
24	26
93	530
0	10
0	488
0	14
0	0
0	0
0	0
0	0
33	2527
1	492
0	218
12	2482
0	361
0	99
0	625
0	641
6	226
0	0
4	1696
17	1708
0	20
0	23
0	91
0	13
13	21
0	6
0	189
0	23
0	30
0	217
0	25
0	30
0	0
0	0
0	0
0	0
424	3546
414	47584
2	44950
38	6507
1	8830
7	10827
0	18551
64	18189
10	18149
0	10661
0	10141
0	10538
21	7649
0	0
0	1279
52	1754
0	539
252	1766
10	122
0	265
0	0
0	0
0	0
0	0
0	0
0	0
0	0
0	0
0	0
0	0
0	0
0	0
0	0
0	0
0	0
0	0
0	0
0	0
0	0
0	0
0	0
0	0
0	0
0	0
0	0
0	0
0	0
0	0
259	1746
24	1744
271	1509
0	85
21	790
36	1322
21	445
0	1041
142	122
0	1
0	1
0	0
2900	1188
9	149
0	266
0	157
0	145
0	150
0	473
21	2812
486	2785
2751	1029
0	501
0	2095
0	210
1	215
0	0
0	0
0	47
62	314
5	267
0	36
0	9
3	19
0	22
1	24
0	5
0	19
0	15
0	8
0	16
0	17
0	2
0	71
0	66
0	0
0	0
10	1527
23	1487
22	167
88	105
7	55
5	62
0	28
33	317
25	366
0	0
0	2
0	0
1	483
58	483
0	430
0	0
0	1
8	26
0	26
0	13
0	67
0	120
0	207
0	114
0	89
0	34
1	2503
0	98
18	2528
0	34
0	1277
0	2527
0	1236
0	109
0	791
0	156
0	151
37	552
0	42
25	26
0	99
0	22
0	0
0	0
1	86
0	78
0	42
0	47
6	34
0	21
0	49
0	45
0	8
9	22
0	26
0	22
0	18
0	21
0	10
0	0
0	1838
2935	1838
0	172
0	0
0	0
0	0
0	0
0	0
0	0
0	0
4	7
0	3
0	7
0	0
0	2
0	0
0	0
0	0
0	0
0	0
0	0
0	0
0	0
0	0
0	0
0	0
0	80
24	1370
40	1451
132	1462
0	64
0	147
0	78
0	0
0	0
0	0
0	0
0	0
0	0
0	0
0	0
0	0
0	0
0	0
0	0
0	0
0	0
0	0
0	0
0	0
0	0
0	0
0	0
0	0
0	0
0	0
0	0
0	0
0	0
0	0
0	0
0	0
0	0
0	0
0	0
0	0
0	0
0	0
0	0
0	0
0	0
0	0
0	0
0	0
0	0
0	0
0	0
0	0
1	13
0	0
0	2
8	18
0	12
0	0
0	0
0	0
0	0
0	0
0	0
0	0
0	0
0	0
0	0
0	0
0	0
0	0
0	0
11	1
0	0
0	1
0	0
0	0
0	0
0	0
82	169
0	0
0	0
0	0
0	0
880	236
22	236
0	143
5	71
0	0
54	58
0	76
0	59
0	72
0	72
0	3
0	43
0	17
0	3
0	0
0	0
0	0
0	0
0	0
0	0
0	0
1	367
454	367
0	2
0	0
0	0
0	0
12	526
3	681
11	418
0	41
0	236
0	96
0	113
0	0
0	0
39	783
20	765
0	456
0	533
0	28
0	72
0	40
19	23
0	15
0	15
0	9
0	9
0	0
0	0
0	0
0	0
0	0
0	0
0	0
0	0
0	0
0	215
11	271
0	110
0	118
58	863
329	945
0	82
0	70
3	399
0	1
3	1491
0	2017
4	1049
0	532
0	994
0	764
0	66
0	0
0	380
0	493
10	376
0	298
0	0
23	7
0	0
0	1
0	0
0	5
0	0
0	0
0	0
0	0
0	0
0	1
19	0
29	1
0	2
42	1883
353	1883
64	3287
0	3282
0	285
470	2721
1	238
0	1395
16	100
0	130
0	33
0	16
0	304
0	164
0	160
0	119
24	110
0	65
10	11
0	36
0	7
0	0
3966	23470
0	0
1590	163
0	151
0	21
0	0
0	0
0	0
0	0
0	0
0	0
0	0
0	0
0	0
0	0
0	0
0	0
0	0
0	0
0	0
0	0
0	0
0	0
0	0
0	0
0	0
0	0
0	0
0	0
0	0
0	33
0	0
0	0
0	0
0	0
0	0
0	0
0	0
0	0
0	0
0	0
0	0
0	0
0	0
0	0
0	0
48	711
1	703
24	13
0	5
0	388
0	133
0	73
64	457
0	9
0	406
1	1357
0	1314
0	1051
0	226
0	775
0	721
0	8
0	18
0	34
3	68
0	1
0	35
0	10
0	32
0	12
0	44
0	5
0	50
0	2
0	0
0	0
0	0
37	55
0	47
0	0
0	0
0	12
0	21
0	1
0	1
0	7
0	4
0	1
0	0
0	0
680	923
17	851
14	376
14	160
0	125
0	176
30	7
8461	1575
2	327
0	94
0	113
0	270
0	395
0	609
0	0
0	90
0	0
0	0
2	58564
78	1085
0	59319
111	8763
1461	32802
154	40371
43	49038
0	60951
0	50089
73	47348
13222	40936
6	36313
828	28687
22	38736
0	41989
76	20399
0	26582
13	15818
8	23396
0	24798
0	3218
0	10841
8	16799
0	9176
0	7544
0	8080
0	16
32	61
0	13
0	0
0	86
4	61
0	23
0	441
0	443
0	438
0	452
4	364
1	436
0	441
0	153
0	153
0	5
0	0
0	71
0	51
0	50
0	42
0	42
0	40
0	17
0	3
0	2
0	2
0	0
0	0
0	0
0	0
0	0
0	0
0	9
10	17
0	8
0	0
0	0
0	0
0	0
0	0
0	0
0	0
1	0
0	0
0	0
0	392
1043	1237
0	552
0	72
492	649
0	649
623	1569
0	113
0	27
0	0
738	2468
0	1319
68	1531
0	2130
0	23
50	714
1	1357
0	2
0	434
214	1618
0	256
45	1458
0	34
17	66
3	936
0	714
5	803
205	0
0	0
265	657
0	429
0	327
0	21
0	86
0	131
0	23
0	11
0	0
0	0
0	0
300	2986
0	14
15	688
40	2869
0	349
0	289
0	201
0	299
0	3
2	405
0	324
0	201
0	5
0	526
7	256
0	329
0	1103
0	176
0	324
25	464
2	499
0	31
0	481
0	379
24	100
3	120
0	29
0	120
0	110
76	381
0	262
5	37
7	1
0	0
0	0
0	0
0	0
0	0
0	0
2	0
0	0
3000	1257
0	207
2	163
0	84
219	590
0	122
0	231
0	0
0	0
5685	577
0	1
0	16
3	560
0	0
514	655
24	204
10	641
0	0
564	543
23	351
2	202
11	191
1	172
0	82
0	102
0	6
0	35
0	0
0	0
0	0
0	0
0	0
0	0
0	0
0	0
0	0
0	0
0	4
0	0
0	4
0	4
0	4
0	4
0	0
0	0
0	0
0	0
0	0
0	0
0	4
0	4
0	0
0	0
0	6
0	387
0	391
0	182
13	180
0	193
20	165
0	51
0	73
0	15
74	196
10	180
4	193
0	20
0	0
0	0
0	0
0	0
0	0
0	28
42	64
0	2
0	18
0	2
0	51
0	28
0	21
0	17
0	18
0	29
0	26
0	21
0	0
0	0
0	314
0	226
3	282
0	132
0	47
0	207
21	226
3	260
0	24
1	149
0	29
0	69
8	40
0	21
1	1528
0	1428
6	1425
0	1526
0	1551
50	1378
0	454
0	466
0	463
0	387
0	510
0	48
0	3
0	7
0	19
0	15
37	677
0	2275
2	2696
0	3910
34	2581
0	4214
57	4407
0	2409
0	2376
2	1464
0	138
0	1061
47	148
0	0
0	0
0	504
1	1131
0	1048
0	343
0	311
0	68
0	86
0	0
21	1401
14	897
2	1390
0	79
19	398
0	259
24	828
14	309
0	39
0	0
2	867
13	1485
0	1296
63	953
17	1317
0	1508
0	831
0	903
0	95
24	147
0	396
0	526
0	55
0	200
16	183
0	115
38	116
0	80
0	127
0	35
0	12
0	0
6	548
67	548
0	153
8	2
0	2
0	2
0	490
96	1182
0	147
6	43
0	17
0	49
0	63
0	1568
80	547
0	298
4	447
0	116
0	88
0	31
33	388
0	119
0	1
0	293
0	194
0	133
35	87
0	56
0	19
0	52
0	46
0	9
16	3
15	25
0	412
64	392
0	390
0	410
0	0
0	0
0	0
0	0
0	0
0	0
42	1007
93	588
0	223
0	881
0	359
0	40
0	484
0	288
8	252
0	156
0	148
0	89
0	67
0	0
0	75
2	8
0	2
0	2
10	4
0	3
0	2
28	3
0	0
0	2
0	18
191	217
5	199
0	31
0	0
0	0
0	0
0	0
379	917
0	108
0	553
0	0
0	287
9	611
0	155
0	90
0	62
0	0
0	27
0	0
0	0
0	0
0	0
0	0
0	0
0	0
0	0
0	515
0	0
0	0
0	0
0	0
0	931
0	931
0	73
0	0
0	801
0	931
3	701
0	808
1	821
9	777
6	876
0	713
5	624
0	807
0	710
0	104
0	150
0	262
2	258
0	232
0	1110
128	720
21	703
10	560
7	521
0	123
0	74
0	51
1	166
0	63
1	1793
15	1520
0	1916
0	1926
0	1881
1	1736
12	350
55	370
5	272
0	322
0	1426
0	66
0	638
27	312
0	194
0	269
0	274
0	60
0	40
0	0
2	0
0	0
0	0
22	659
0	605
0	414
209	646
0	160
0	177
8	121
0	31
0	93
0	4
0	0
0	0
136	2665
0	2711
88	2852
2	2111
23	1027
5	257
31	1
97	1010
5	1021
9	791
0	982
3	211
202	971
33	522
0	253
0	243
0	107
0	318
0	71
0	20
0	0
95	3137
1714	4852
120	0
167	355
0	264
133	1116
286	2570
0	335
4	316
0	0
0	22
0	115
12	345
0	587
0	0
0	0
0	19
0	1
0	2
16	21
22	0
0	0
1510	621
0	621
10	149
10	25
0	0
0	3
0	3
0	2
0	0
3	3
0	2
3	97
35	177
0	104
0	17
0	29
0	14
0	58
0	8
0	31
0	8
910	245
0	185
12	129
4	23
0	56
105	54
0	20
0	20
0	32
0	29
2	29
0	60
0	56
1	330
0	8
0	5
0	12
0	7
0	15
0	2
0	2
0	5
0	4
0	1
0	4
0	0
0	0
0	238
1	54
2	189
0	243
5	156
0	98
2	133
3	134
0	94
0	107
0	32
0	35
0	14
0	169
0	213
0	2
0	71
0	20
0	43
0	16
0	177
0	38
0	39
0	11
0	65
7	1694
34	1880
2	2019
0	382
1	1974
0	1015
0	1398
0	1349
17	1813
17	1789
0	1193
0	59
2	583
2	1034
12	1848
0	1173
10	1667
0	1339
0	1345
0	367
0	182
0	71
0	69
0	71
55	58
0	25
0	46
0	0
0	0
0	0
0	0
0	0
0	0
0	0
0	0
0	22
25	140
0	1142
5	1213
0	192
0	761
5	713
3	125
18	553
0	43
0	65
0	51
7	97
0	33
0	37
0	152
0	22
10	49
0	60
0	29
10	33
0	31
0	14
0	0
71	22
62	434
0	75
18	75
0	16
0	53
0	430
55	88
16	315
0	7
5	155
0	2
0	34
0	897
76	897
0	884
0	883
0	872
0	605
0	35
0	0
0	0
0	2972
46	3006
0	1712
0	0
10	0
0	0
0	1164
67	1164
3	909
0	0
9	197
0	404
0	9
0	412
11	182
15042	0
0	0
138	408
0	0
0	25
0	0
19	348
36	408
21	34
0	21
0	13
0	6
3	7
0	0
0	0
0	0
62	223
4246	4332
0	1103
13	3534
0	944
54	2318
23	273
0	26
0	2
50	688
0	169
0	57
0	353
0	164
0	89
21	151
0	18
0	2
18	179
0	0
855	703
5	364
0	208
47	366
0	262
0	136
0	4242
0	299
0	199
0	486
0	643
0	631
0	2503
1	4935
0	502
0	790
20	929
0	542
0	403
5	1004
0	0
0	0
0	10
2	114
28	122
0	9
0	0
1721	1610
0	584
0	584
9	575
11	520
6	362
17	255
7	260
13	347
0	0
0	4
0	0
0	0
0	0
0	0
0	0
0	0
0	0
0	0
0	0
0	0
0	1
0	2
5	199
0	196
11	198
0	21
0	17
0	11
0	0
0	0
1	0
0	0
0	0
0	0
0	0
0	0
0	0
0	0
0	114
15	1412
0	1445
0	40
4	1443
2	20
0	19
0	10
0	35
0	6
3	1455
0	53
0	59
0	0
0	2
0	0
0	0
0	0
0	0
0	1
0	0
0	0
0	0
8	3524
7	3552
0	3086
0	3059
0	3531
0	24
57	121
0	60
0	86
0	138
0	189
0	8
2	94
0	112
0	1993
0	21
0	68
0	3
0	147
0	552
0	0
0	250
4	122
28	229
0	0
0	0
0	0
0	0
0	0
0	0
0	0
0	0
0	0
0	0
0	0
0	0
28	2103
3	2126
81	2289
0	412
174	1719
3	1438
0	1413
0	1359
0	315
0	129
0	146
0	0
38	27116
914	18816
207	30091
3	6758
227	3026
0	5699
0	5241
0	4936
0	4232
0	4169
0	4006
0	3413
0	2170
0	3028
0	0
0	0
0	0
0	532
0	1782
0	1782
3	1484
0	78
0	152
2357	954
0	954
0	0
105	1855
0	280
0	80
0	96
0	351
54	1348
0	166
0	322
40	959
37	196
0	761
12	0
25	0
0	0
0	0
0	0
0	0
0	0
0	0
0	0
0	0
0	0
0	0
0	0
0	0
0	0
0	0
0	0
0	0
0	0
0	0
0	0
10	0
0	0
0	0
0	0
0	0
0	0
0	0
0	0
0	0
0	0
0	0
0	0
0	0
0	0
0	0
0	0
0	0
0	0
0	0
0	0
0	0
0	0
0	0
0	0
0	0
0	0
0	0
0	0
0	0
0	0
0	0
0	0
0	0
0	0
0	0
0	0
0	0
0	0
0	0
0	0
0	0
0	0
0	0
0	0
0	0
0	0
0	0
0	0
0	0
0	0
0	0
0	0
0	0
0	0
0	0
0	0
0	0
0	0
0	0
0	0
0	0
0	0
0	0
0	0
0	0
0	0
0	0
0	0
0	0
0	0
0	0
0	0
0	0
11	0
0	0
0	0
0	0
0	0
0	0
0	0
0	0
0	0
0	0
0	0
0	0
0	0
0	0
0	0
0	0
0	0
0	0
0	0
0	0
0	0
300	2688
0	2497
81	866
30	808
8	562
141	781
0	541
0	0
38	0
0	0
0	568
37	580
1	528
0	40
0	361
6	286
0	0
0	0
0	0
0	0
0	0
0	0
0	0
0	0
0	0
0	0
0	0
0	0
0	0
0	0
0	0
0	0
0	0
0	0
0	0
0	0
0	0
0	0
0	0
0	0
0	0
0	0
0	0
0	0
0	0
0	0
0	0
0	0
0	0
0	0
0	0
0	0
0	0
0	0
0	0
0	0
0	0
0	0
0	0
0	0
0	85
14	100
0	13
0	8
0	32
0	33
0	20
0	9
0	3
0	0
0	0
0	0
0	0
0	0
0	0
0	0
0	0
115	170
2	170
0	11
0	18
0	0
0	0
0	0
0	0
108	18844
0	17738
13	3033
0	1
21	15009
5	5727
1500	17400
436	8818
245	5506
0	5198
1353	8018
0	617
0	0
2	58
10	287
0	32
0	22
0	147
0	1
0	15
0	13
0	15
2	197
0	149
0	138
0	63
0	4
0	10
0	46
0	0
0	0
0	0
0	0
0	0
0	0
0	0
0	0
0	0
0	0
0	0
0	0
0	0
0	0
0	0
1	0
0	0
0	0
0	0
0	0
0	0
0	0
0	0
0	0
0	0
0	0
0	0
0	0
0	0
0	0
0	0
0	0
1	132
6	803
4	648
0	60
2	565
5	734
0	37
0	71
8	177
17	98
0	82
0	0
0	0
0	0
0	0
0	0
0	0
0	0
0	0
0	0
0	0
0	0
0	0
0	0
0	0
0	0
216	184
0	35
0	8
0	17
0	62
0	64
0	83
0	0
0	0
4	1527
137	1545
0	1240
43	1162
0	441
0	311
0	445
0	463
0	456
0	447
36	829
0	0
2	2179
3	261
0	321
0	2175
0	380
4	860
0	451
0	429
0	390
0	0
0	0
0	36
0	0
0	70
31	26
0	26
0	20
0	16
5	60
0	77
0	76
0	24
0	28
0	12
13	72
0	65
112	16
0	0
0	0
86	284
0	160
1	58
22	106
15	67
0	21
181	278
0	150
4	108
7	126
0	0
0	0
0	0
0	0
0	0
0	0
0	0
0	0
0	0
0	0
0	0
0	0
0	0
0	0
0	0
0	0
0	0
0	0
0	0
0	0
0	0
0	0
0	0
0	0
0	0
0	0
0	0
184	26
179	2
0	0
0	0
0	0
0	0
27	25
0	1
31	0
0	0
0	0
0	0
0	0
0	0
0	0
0	0
0	0
0	0
0	0
0	0
0	0
0	0
0	0
0	0
0	0
0	0
0	0
41	1682
1	12719
0	11121
0	748
0	10711
0	1138
0	392
47	534
0	444
0	745
0	428
0	254
0	414
0	75
0	28
0	1136
0	187
0	341
0	134
0	655
0	60
0	50
95	240
0	95
0	89
0	137
22	16
0	44
0	302
668	800
1	769
32	659
0	0
177	2491
52	2491
7	779
0	603
0	70
37	613
17	574
1	230
1	142
6	159
0	376
2	158
0	0
0	6268
0	6266
0	43
0	3030
0	2321
0	0
0	2
0	336
115	2730
0	1376
0	1280
58	2646
0	2988
26	1271
33	2002
12	2541
0	740
0	623
0	586
0	0
29	0
0	169
0	387
0	449
0	103
0	165
87	198
0	283
0	202
0	207
0	0
0	0
0	0
16	0
0	0
0	0
45	0
34	145
4	171
0	38
0	15
0	2
0	0
0	0
12	16
2	16
0	14
151	149
0	19
192	135
0	0
0	0
0	0
0	0
0	0
1	614
0	508
11	550
0	49
0	128
0	38
0	30
0	36
5	613
0	57
0	0
3	30
0	6
6	58
0	59
0	37
0	0
0	0
24	574
0	52
4	15
3	527
0	45
0	23
3	359
0	20
48	555
0	21
0	0
248	136
0	0
0	0
0	7
0	2
53	78
0	14
0	0
0	12
0	6
0	97
10	53
0	22
0	111
0	97
212	490
2	457
0	49
0	15
0	58
0	34
0	59
0	45
0	407
0	484
0	29
0	25
0	512
0	39
0	21
0	1
0	31
0	18
0	0
0	0
0	0
0	0
0	0
0	0
0	0
0	0
0	0
0	0
0	0
0	0
0	20
0	12
0	0
0	0
0	0
0	0
0	0
0	0
0	0
0	0
0	0
0	0
0	0
0	0
0	0
0	0
0	0
0	0
0	0
0	0
0	0
0	0
0	0
0	0
0	0
0	0
0	0
0	0
0	0
0	0
0	0
0	0
0	0
0	64
0	0
0	0
20	0
1	1
0	0
0	27
0	0
0	0
0	0
0	6
1	6
0	6
0	6
0	4
0	5
0	0
0	0
0	0
0	0
0	0
1225	568
26	452
0	6
13	112
9	8
0	0
0	0
0	38
54	36
35	894
10	885
0	25
37	1020
5	954
0	432
0	0
0	0
0	0
0	153
0	176
0	225
0	185
7	67
0	103
0	82
0	56
0	0
20	0
0	0
0	0
0	1995
19	283
0	1995
9	1794
0	123
114	1254
0	58
24	1382
0	268
0	3
12	104
0	0
0	0
0	0
55	0
0	0
0	0
0	208
0	218
0	218
0	0
0	0
0	0
0	0
0	0
0	0
0	0
0	0
0	0
0	0
0	0
0	0
0	0
0	0
0	0
0	0
0	401
0	451
23	352
0	393
0	425
2	426
0	331
0	364
0	304
0	71
0	54
0	1
0	0
0	0
0	0
9	100
0	100
0	0
2	32
0	3
0	11
0	0
0	0
0	0
8	18
0	18
0	0
0	0
0	0
0	0
0	0
9	167
15	166
0	1
0	0
0	0
36	1602
0	1594
5	27
0	1
0	0
0	0
0	1
0	0
3	839
0	0
161	12
0	12
0	0
0	0
0	0
0	0
0	0
0	0
0	1831
0	1831
0	1770
0	3
20	57
184	393
114	376
28	197
0	0
6	580
4	597
4	653
0	91
14	148
0	46
0	26
2910	0
0	0
0	0
0	0
0	0
0	0
0	0
0	0
0	0
0	0
0	0
17	9
0	9
0	1
0	8
0	0
0	0
0	0
13	1573
18	1492
35	1001
6	509
0	99
0	348
0	37
0	259
0	362
0	0
0	0
0	0
7	413
125	958
0	218
10	222
0	74
0	248
0	257
0	307
0	0
0	0
0	0
3	2129
0	0
0	0
0	0
0	0
0	0
0	0
7	12
0	0
0	12
0	0
0	0
0	130
0	0
0	0
0	0
0	0
0	0
0	0
0	0
0	0
0	0
0	0
0	0
0	0
0	0
0	0
0	0
0	0
0	0
0	0
0	0
38	2146
0	2146
0	359
0	318
0	53
0	0
0	0
0	0
0	0
0	0
0	0
0	176
0	229
0	1
0	85
0	253
0	59
0	96
469	215
0	83
0	36
0	0
0	0
13	17
0	15
0	0
0	11
0	11
0	0
0	0
0	0
0	0
0	0
0	89
0	332
0	332
0	2
0	330
0	1
0	103
0	1
13	333
0	160
0	109
0	15
0	1
0	0
0	7
0	0
0	0
0	10
0	10
0	0
0	3
0	0
0	0
0	0
0	0
0	0
0	0
0	0
3838	193
0	152
0	14
0	0
0	0
0	0
0	0
0	0
0	0
0	0
0	0
0	0
0	0
0	0
0	0
0	0
0	0
0	0
0	0
3	893
26	931
12	895
0	38
3	1
20	121
0	0
0	0
0	0
0	0
0	9
0	0
0	0
0	0
0	0
2	293
0	0
0	0
0	0
0	0
0	0
0	0
0	0
0	0
0	0
636	0
0	0
0	0
0	0
1032	1773
0	37
0	142
0	164
0	164
0	88
502	1120
0	1030
2	1574
0	492
0	1115
0	792
0	97
0	97
0	0
0	0
0	0
0	0
0	0
0	0
0	0
0	0
0	0
0	0
0	0
0	0
0	0
0	0
0	0
0	0
0	0
0	526
37	3535
9	3575
1	3515
0	596
0	163
0	0
0	9
0	0
0	0
4	789
83	789
0	94
1	563
0	169
8	462
0	0
0	0
0	0
0	5
0	0
0	0
0	0
0	0
0	0
0	0
0	0
0	0
0	0
0	0
0	0
0	0
0	0
0	0
2605	55
0	55
1	0
0	0
0	0
0	0
0	0
0	0
0	0
7857	115062
3	17019
590	37803
105	96050
206	95974
91	96066
49	54643
136	15232
66	52919
144	52900
0	0
0	0
0	0
0	0
0	0
0	0
0	0
0	0
0	0
1	1642
0	287
13	1000
0	143
0	1609
0	265
0	1382
225	956
26	438
0	0
0	494
21	541
2	491
0	499
0	333
0	370
11	357
0	319
0	245
0	59
0	3
5	32
0	0
205	0
0	9
0	9
14	23
7	1746
4	1333
0	0
5	762
23	1949
17	127
0	1718
0	29
0	750
0	1728
0	1931
2	1793
0	0
2	573
0	0
0	614
0	0
0	1718
0	0
0	507
0	0
0	0
0	0
0	0
0	0
0	0
0	0
0	0
0	0
0	0
0	0
0	0
0	0
7	43
0	43
0	0
0	0
0	0
14	0
6	423
0	609
759	591
0	23
0	0
0	0
11	43
0	1
0	9
0	8
0	10
4	33
2	53
0	53
0	22
0	0
0	2
320	2872
3	2872
0	72
0	213
11	155
0	0
0	74
0	0
0	0
0	0
0	0
0	0
0	0
0	0
0	0
0	0
0	0
0	0
0	0
0	0
0	0
0	0
0	0
0	0
1	115
0	0
33	115
544	0
0	0
0	0
0	0
0	0
0	0
0	0
0	0
0	0
0	0
0	0
0	0
147	163
8	163
0	0
0	35
0	35
0	0
0	0
0	0
0	0
1	0
0	1
8	4
0	3
0	0
0	0
0	0
0	0
0	0
8	0
0	0
0	0
0	0
0	0
87	13377
57	12978
614	12880
12	7255
590	9257
330	4084
49	564
0	218
0	0
0	0
0	0
13	161
96	625
73	488
0	247
17	247
0	0
0	0
0	0
0	0
0	0
0	0
0	0
0	0
0	0
0	0
0	0
0	0
0	0
0	0
0	0
0	0
0	0
0	0
0	0
0	0
0	0
0	0
0	0
0	0
0	0
0	0
0	0
0	0
0	0
0	4950
0	5846
9	752
0	5502
102	5209
179	5293
26	3481
0	140
0	206
151	7
0	7
0	0
0	0
0	0
0	0
0	0
1	146
0	0
0	146
0	0
0	0
0	0
1	126
0	125
0	146
0	0
0	4
0	4
0	3
0	6
0	2
0	0
6	0
0	0
0	0
0	0
120	1505
0	1505
0	232
0	1012
3	22
0	56
16	64
0	0
0	589
0	181
0	710
3	610
12	646
1	637
0	596
0	251
0	105
0	376
23	12
40	25
0	0
0	25
10	176
0	254
0	254
7	174
0	251
0	237
19	565
18	690
0	1
75	716
208	192
39	79
0	43
6	200
5	195
0	0
37	0
333	1689
0	112
0	438
23	1680
0	51
0	0
0	52
37	276
0	147
0	0
0	0
0	0
0	0
0	37
24	37
0	0
0	2014
4	2006
67	2007
0	46
0	606
0	14
0	6
0	1
0	0
0	0
0	0
0	0
0	0
0	0
0	0
0	0
0	0
0	0
0	0
0	0
0	0
0	0
0	0
0	0
0	0
0	0
0	0
0	0
0	0
0	0
0	0
0	0
0	0
0	0
0	0
0	0
0	0
0	0
0	0
0	0
0	0
0	0
0	0
0	0
0	0
0	0
0	0
0	0
0	0
0	0
0	0
0	0
0	0
0	0
0	0
0	0
0	0
0	0
0	0
0	0
0	0
0	0
0	0
0	0
0	0
0	0
735	561
12	603
0	106
0	0
146	0
0	0
0	0
0	0
0	0
0	0
0	0
0	0
0	0
0	0
0	0
0	0
2	51
0	51
0	51
0	51
0	0
0	17
0	13
0	0
0	0
0	0
0	0
0	0
0	0
0	0
0	0
0	0
0	0
0	0
0	0
0	0
0	0
0	0
0	0
0	0
0	2
23	3
0	2
0	1
0	2
0	1
0	2
0	2
0	1
0	0
0	2
0	2
0	0
0	0
0	0
0	104
0	104
0	104
4	86
0	10
0	1
0	12
0	5
0	44
0	16
0	0
0	0
0	0
0	0
0	0
0	0
0	0
0	0
0	0
0	0
0	0
0	0
0	0
0	0
0	0
0	0
0	0
780	45
0	45
0	16
0	16
0	16
0	2
0	0
0	0
0	0
0	0
0	618
231	660
0	82
0	81
0	49
0	210
231	879
18	365
0	563
40	553
17	2
0	167
0	186
0	2
2	400
0	25
1	308
0	924
1	902
2	1021
25	1060
0	62
8	284
12	970
0	938
0	103
0	857
0	912
0	170
9	627
0	57
0	49
0	15
0	43
0	35
0	108
0	191
0	147
0	0
0	0
0	0
0	0
0	0
0	0
0	0
0	0
0	0
24	0
0	0
0	0
0	0
0	0
0	0
0	0
0	0
0	0
0	0
0	0
0	0
0	0
0	0
0	0
0	0
0	0
0	0
0	0
0	0
0	0
0	0
0	0
0	0
0	0
0	0
0	0
28	9
12	365
2128	366
0	16
16	9
0	0
0	0
0	0
0	0
0	0
0	0
0	0
0	0
0	0
0	0
0	0
0	0
0	0
43	1901
0	1870
0	495
0	22
0	30
0	14
0	0
0	62
0	108
0	203
0	41
84	118
1	779
0	916
34	846
10	27
0	0
0	0
0	0
106	0
0	0
0	0
0	0
0	711
0	6
0	4
0	61
0	148
25	1262
0	1199
0	0
0	77
0	65
0	1
0	0
0	0
0	0
0	0
0	0
0	0
0	0
0	0
0	0
0	0
0	0
0	0
0	0
0	0
0	0
0	0
0	0
0	0
0	0
0	0
0	0
0	0
0	0
0	0
0	0
0	0
0	268
649	268
0	0
0	0
0	0
0	0
916	587
28	328
16	253
0	260
0	34
0	36
0	16
47	35
0	0
0	0
0	0
0	0
0	0
0	0
0	0
0	1
0	0
10	1
0	0
2	4999
132	5434
0	3130
3	3601
31	209
0	0
3154	5
0	0
0	0
226	15
468	33
1	33
0	34
0	14
0	0
0	0
274	16
0	0
33	284
0	19
17	314
20	92
0	52
11	126
0	79
0	64
3	0
0	37
14	0
0	0
1	418
0	110
0	77
2	168
0	2
0	68
1	59
0	262
0	7
5	90
0	45
0	0
0	0
0	40
0	0
0	26
0	0
0	0
0	0
175	0
0	0
535	563
0	41
3	522
0	9
0	0
0	0
0	0
0	0
0	0
0	0
0	0
0	2070
0	1982
5669	2072
0	0
0	1557
0	1557
0	1403
0	1773
0	1503
0	5
0	0
0	0
0	0
0	0
0	1
2676	0
29	18
67	18
0	0
0	56
0	89
2	96
0	40
0	42
0	0
0	0
0	0
0	0
6	906
41	862
0	807
0	442
0	49
0	213
0	165
4	77
0	7
0	26
0	0
21	144
469	144
0	0
0	0
34	3
0	3
0	0
0	0
0	0
0	0
0	11
12	33
54	26
0	0
0	0
0	0
0	114
0	12
5	114
0	14
0	26
0	0
0	0
0	0
0	0
0	0
0	0
0	0
0	0
0	0
0	0
0	0
0	0
0	848
0	0
0	0
0	0
0	0
0	0
0	0
0	0
0	0
0	0
0	0
0	0
0	0
0	0
0	0
0	0
0	0
0	0
0	56
0	56
0	56
0	99
60	149
0	7
0	0
0	1
0	0
18	54
0	59
0	20
0	9
0	0
0	0
0	0
0	3
0	0
0	0
0	0
0	0
0	0
0	0
300	7
0	0
0	0
0	364
29	428
8	0
96	598
1859	436
0	169
0	0
0	0
777	43
0	34
0	14
0	0
0	0
0	0
0	0
0	0
0	0
9	208229
525	217872
562	41397
32	15296
7	30865
0	18177
3	7997
56	9380
0	1847
112	28481
2	23482
2275	21026
156	16991
3576	5756
0	7
0	3314
0	55
0	0
0	2
0	5
0	15
0	22
0	21
7	42
0	3
0	25
0	0
0	48
0	18
0	14
7	0
0	42
3	112
5	57
0	23
56	67
0	6
0	12
0	0
73	322
13	476
38	598
4	597
0	100
0	29
0	63
0	21
0	3
0	0
0	0
0	2
336	276
0	170
0	1
0	0
7	109
0	16
0	0
0	0
0	0
0	0
0	0
0	0
0	0
243	0
0	0
0	0
0	0
0	0
0	0
0	0
1202	2018
68	2006
4	132
0	63
0	84
0	0
0	0
0	0
0	0
0	0
0	0
0	0
0	0
0	87913
2277	87913
0	10770
0	3024
19	14172
0	3492
0	110
0	0
0	0
0	0
0	0
0	0
0	0
0	0
0	0
0	1002
0	1009
0	1481
46	1410
0	440
5	1068
29	1271
31	1131
0	878
11	932
0	128
9	327
0	0
0	0
0	0
0	0
0	0
0	0
0	0
0	0
0	0
0	0
0	0
0	0
0	0
0	0
0	0
15	607
0	447
283	1006
0	944
0	110
0	75
0	0
490	1245
4	1189
23	793
77	255
4	499
0	0
0	0
0	0
0	0
0	0
0	0
0	0
0	0
0	0
0	936
0	0
0	0
0	63
0	2
0	1
0	1307
7	1313
2	1192
0	1232
0	1147
0	1161
0	187
0	303
0	491
0	126
0	362
0	378
9	374
9	273
18	21
0	0
0	0
0	0
26	0
0	0
386	13
0	0
21	128
348	812
56	808
10	605
0	32
0	0
443	1198
586	968
109	205
0	40
0	0
0	0
58	642
0	4
0	11
0	0
0	0
0	0
0	360
214	634
0	0
0	0
0	0
0	0
0	0
0	0
0	0
0	0
0	0
0	0
0	0
0	0
3	1341
0	897
0	1292
0	1297
44	117
0	227
0	63
18	0
0	0
0	0
5	25
0	3
0	2
0	1
1	22
0	0
0	1
0	0
30	0
3	2921
0	418
13	2971
0	2812
33	2832
0	71
0	0
0	0
0	0
0	0
0	0
0	0
0	0
113	32
0	2
0	29
0	17
0	8
0	1
16	172
0	172
0	169
2	130
0	82
0	33
0	70
0	20
0	13
0	10
0	2
0	0
0	0
27	688
0	0
14	323
0	682
0	619
0	0
3	352
0	5
5	1092
64	304
0	249
12	93
0	568
0	55
0	180
0	964
0	130
0	804
0	318
0	961
0	67
19	1
0	132
0	332
0	523
12	523
0	27
0	6
0	0
443	0
0	0
140	1606
0	1565
27	1105
0	1818
8	2137
72	756
0	26
0	0
1	234
214	234
0	0
0	0
0	0
0	0
3	45
0	47
7	37
0	0
0	0
3	4
0	16
0	92
0	119
10	65
0	37
0	11
0	17
0	80
0	214
0	2
1	409
0	2
151	460
4	373
20	382
0	0
3	50
0	50
0	0
0	56
43	194
98	196
0	54
0	56
0	56
0	54
0	56
0	56
0	56
0	56
0	54
0	56
0	0
0	0
0	0
0	0
0	0
0	0
0	0
0	0
0	0
0	0
0	0
0	0
0	0
0	0
0	0
0	0
0	0
0	0
0	0
0	0
0	0
0	0
0	0
0	0
1	280
0	0
0	0
0	0
0	0
0	0
0	0
0	0
0	0
0	0
0	0
0	0
0	0
0	0
0	0
0	0
0	0
0	0
1	674
63	567
0	518
0	405
12	543
0	580
0	633
0	87
4	242
0	395
0	68
0	562
0	572
1	375
0	619
0	565
0	82
0	464
0	473
0	251
0	404
0	249
0	433
0	0
0	553
0	485
0	535
0	452
0	558
0	450
0	411
0	352
0	439
10	474
0	226
0	412
0	225
0	227
0	253
18	194
29	155
0	166
0	58
0	20
0	49
0	20
0	0
0	0
0	0
0	0
0	0
0	0
0	0
0	0
0	0
0	0
0	0
0	0
0	0
0	0
0	0
0	0
0	0
0	0
0	12
0	0
0	8
0	0
0	0
4	63
219	654
0	637
0	638
2	595
7	433
15	397
0	22
0	53
0	48
0	24
0	33
0	3
0	35
13	28
0	12
0	9
0	31
0	36
86	18
0	4
0	4
0	4
0	68
0	0
171	84
0	84
0	4
0	0
0	0
0	0
0	0
0	0
0	0
0	0
0	0
0	0
0	0
0	0
0	0
0	0
0	0
0	0
34	0
0	0
0	0
0	0
0	0
0	0
0	0
0	0
0	3
0	3
0	0
0	0
0	0
0	0
54	2
449	219
0	0
0	0
0	0
0	0
0	265
5	58
7	76
0	5
14	61
0	1
0	5
0	71
0	9
0	4
16	7
0	7
0	0
0	0
0	0
0	0
0	0
0	0
0	0
0	0
0	0
0	0
0	0
0	0
0	0
0	0
0	0
0	0
0	0
0	0
0	0
0	0
0	0
0	0
0	38
0	179
40	0
24	289
48	143
313	247
0	0
0	0
0	0
0	0
0	0
0	116
0	119
0	117
0	116
6	81
0	113
0	1
0	13
0	17
0	0
0	0
58	153
0	13
0	5
0	22
0	11
0	153
0	11
0	0
0	0
0	0
0	0
0	0
0	0
0	0
0	0
0	0
0	9
0	9
0	0
0	250
0	257
0	0
0	12
56	14
0	6
0	10
6	0
0	95
21	722
0	1379
48	1324
2	1285
0	51
0	111
0	0
0	0
0	0
0	0
0	0
0	3
9	13
5	45
0	35
30	35
103	8574
22	0
75	148
373	1003
1111	1147
0	182
0	0
0	0
0	0
0	0
0	0
0	0
0	0
0	0
0	0
0	0
0	0
0	0
0	0
0	0
0	0
0	0
0	0
0	0
0	0
0	0
0	0
0	0
0	0
0	0
0	0
25	9880
0	0
0	0
0	0
0	0
0	0
0	0
0	0
0	0
0	0
0	0
0	0
0	0
0	0
0	0
0	0
0	0
0	0
0	0
0	0
0	0
0	0
0	0
0	0
0	0
0	0
0	0
0	0
0	0
0	0
0	0
0	0
186	968
1	938
0	874
0	847
0	0
1	894
0	678
0	0
0	525
0	0
0	0
0	0
0	0
0	0
0	0
0	0
0	0
0	0
6	448
0	197
0	458
0	480
0	480
11	440
0	81
0	7
44	43
0	0
0	0
0	0
0	0
0	0
0	0
0	0
0	0
0	0
0	0
0	0
0	0
0	0
0	0
0	0
0	0
0	0
0	0
0	0
0	0
0	0
0	0
0	0
0	0
0	0
0	0
0	0
0	0
0	0
0	0
0	0
0	0
0	0
0	0
0	0
0	0
0	0
0	0
0	0
0	0
0	138
0	0
0	0
0	0
0	0
0	0
0	5
0	5
0	5
0	0
0	0
20	5
0	0
0	0
0	0
0	0
0	0
0	0
0	0
0	0
0	0
0	0
0	0
0	0
0	0
0	0
0	0
0	0
0	0
0	0
15	0
0	0
0	0
0	2
0	0
0	0
0	0
0	0
0	0
0	0
0	0
0	0
0	0
0	0
0	0
0	0
0	0
0	0
0	0
0	0
0	0
0	0
0	0
0	110
0	0
0	0
0	0
0	0
0	0
0	0
0	0
0	0
0	0
0	0
1227	0
0	924
0	78
0	839
0	152
0	696
0	140
8	144
54	2092
30	1829
25	1670
46	1437
0	116
44	390
0	335
0	43
0	116
0	24
0	0
0	34
0	35
0	0
0	0
0	0
0	4
0	18
1	17
0	2
0	0
0	160
0	0
0	0
0	0
0	0
0	0
0	0
0	0
0	0
0	0
1	37
6	37
0	0
0	0
0	0
0	0
0	0
0	0
0	0
0	0
0	0
0	0
0	0
0	0
0	0
0	0
0	0
0	0
0	0
0	0
0	0
0	0
0	0
0	390
0	373
0	372
0	32
0	16
0	57
0	0
0	0
0	728
26	804
2	417
15	418
17	61
3	62
530	180
0	390
257	434
0	8
0	114
0	19
0	0
0	570
4	317
0	665
10	220
0	173
0	50
22	455
0	39
0	0
0	0
0	354
0	337
0	0
0	28
0	221
0	307
0	31
6	335
0	27
8	324
0	311
0	42
0	12
0	5
0	12
0	25
0	179
0	1
0	21
0	50
0	52
0	16
0	65
0	6
1	56
0	5
3	12
0	0
0	0
0	0
0	0
0	0
0	0
0	0
0	0
731	0
0	0
0	0
0	0
0	0
0	0
0	0
0	0
12	324
0	296
0	137
0	76
0	324
0	71
0	28
0	279
0	69
1	69
0	69
0	270
0	1
0	116
0	293
1	88
0	14
0	262
0	0
0	1
1	186
616	152
6	150
0	38
0	1
0	34
0	0
0	0
0	0
0	143
0	33
0	1
0	0
0	107
0	0
0	0
1	6435
0	6435
4	1251
87	2848
6	182
27	407
0	17
16	213
0	11
0	10
0	23
1	27
0	0
0	0
0	0
0	0
0	0
0	0
0	0
0	0
0	0
0	0
0	781
0	96
0	758
4	178
0	282
0	473
0	10
0	718
0	619
0	448
0	59
0	276
0	96
0	155
0	175
0	0
0	684
0	0
0	0
0	0
0	0
0	0
0	0
0	0
0	0
0	0
0	0
0	0
0	0
0	0
0	0
0	0
0	0
0	365
0	0
0	0
0	0
0	0
0	32
0	0
0	0
0	365
0	0
0	0
0	0
0	0
0	0
0	0
0	0
0	0
0	0
0	0
0	0
0	0
540	365
0	0
0	0
0	0
0	0
0	0
0	0
0	0
714	248
14	1713
1	1579
16	1477
0	1489
0	8
0	109
0	0
6	31
2	23
22	19
0	0
0	0
0	679
0	679
0	300
0	107
0	561
0	0
0	0
0	0
0	0
0	0
0	0
0	0
0	0
0	0
0	0
48	0
0	13
1	13
0	0
0	0
0	0
0	0
0	0
0	0
0	0
0	0
0	0
0	0
0	0
2	524
0	7
0	0
0	0
0	0
0	0
0	0
0	0
0	0
0	0
0	0
0	0
0	0
0	0
0	0
0	0
0	0
0	0
0	0
0	0
0	0
0	0
0	0
0	0
0	0
0	0
0	0
0	0
0	0
0	0
0	0
0	0
0	0
0	0
0	0
0	0
0	0
0	0
0	0
0	0
0	0
0	0
0	0
0	0
0	0
0	0
0	0
0	0
0	0
0	0
0	0
0	0
0	0
0	0
0	0
0	0
0	0
0	0
0	0
0	0
0	0
0	0
0	0
0	0
0	0
0	0
0	0
0	0
0	0
0	0
0	0
0	0
0	0
7	11
39	2
0	9
33	36
0	36
0	3
0	0
0	0
0	0
0	0
0	0
0	0
0	0
0	0
0	0
0	0
0	75
0	0
0	0
0	0
0	0
0	0
0	0
0	0
0	0
0	0
0	0
0	0
0	0
0	0
0	0
0	0
0	0
0	0
815	273
2	273
0	1
759	0
0	0
0	0
0	0
0	0
0	0
0	0
0	0
0	0
0	0
0	928
0	928
0	899
0	875
0	587
0	67
0	0
0	2
0	44
0	3
0	450
0	372
0	413
0	445
0	299
0	299
0	290
0	0
0	0
0	0
0	0
0	0
0	0
0	0
0	0
0	37
0	39
0	34
0	42
0	6
0	3
0	16
0	9
0	7
81	7
39	1617
139	1617
0	0
0	0
0	0
0	0
0	0
170	183
4	11
0	2
0	24
0	31
0	27
0	106
0	12
0	120
0	34
92	105
0	105
0	105
0	0
0	0
0	0
0	0
0	0
0	0
0	0
0	0
0	0
0	0
0	0
0	0
0	0
0	0
0	0
0	0
0	0
0	0
0	0
0	803
0	852
1	818
0	452
0	809
0	28
0	0
1539	206
0	206
0	0
0	0
0	0
0	0
0	0
0	0
0	0
0	3
0	325
0	288
934	4542
0	52
0	82
0	131
0	177
0	62
0	161
0	278
0	126
0	157
0	212
41	4493
0	0
0	483
0	192
9	3742
0	238
0	347
0	3778
0	378
8	101
28	3014
0	358
0	69
0	188
0	210
0	0
0	240
0	247
0	0
34	1935
133	79
0	0
0	31
0	0
0	14
0	0
0	0
0	0
0	0
0	0
0	0
0	0
0	0
0	0
0	0
0	0
0	8
0	8
0	14
0	23
0	6
0	0
0	0
0	0
0	0
0	17
0	20
0	9
0	2
0	3
0	7
0	15
0	10
0	12
0	0
0	6
0	9
0	4
0	0
0	0
0	0
0	0
0	0
0	0
2	4116
12	3601
0	2469
395	3821
0	487
0	1593
0	540
0	63
0	0
0	0
0	0
0	0
0	0
0	0
0	0
0	0
1	132
3	93
0	119
0	119
2	124
0	20
0	12
0	32
0	60
0	0
0	5
0	0
0	1
0	0
0	32
1	32
0	0
0	0
0	0
0	0
0	0
0	0
0	0
0	0
0	0
2	27
0	27
0	135
17	443
0	214
5	86
0	528
0	37
0	590
0	249
15	528
0	311
0	0
0	0
0	0
0	496
0	577
0	572
0	75
6206	0
0	0
0	0
13	2
0	2
63	0
0	53
0	2
4	2572
495	2558
0	280
0	9
0	0
16	0
22	35
117	60
1	25
0	4
0	2
0	0
0	0
0	0
0	0
8	182
3	129
20	176
6	68
0	31
0	22
0	2
0	0
0	0
0	0
0	0
0	0
0	0
0	0
0	0
0	0
0	0
0	0
0	0
0	0
0	0
82	0
0	43
0	39
0	44
0	33
0	12
0	32
0	34
0	36
0	37
197	0
0	2
0	1
0	4
0	0
0	0
0	5
1	0
0	0
0	0
0	0
0	0
3	141
0	141
0	0
0	0
0	0
0	0
0	0
0	0
0	0
0	0
0	9510
3	156
0	156
0	96
0	50
0	63
0	17
0	0
0	1
0	0
0	1
0	0
0	0
0	0
0	0
0	0
0	0
0	0
0	0
0	0
0	0
0	0
0	0
0	0
0	0
0	0
0	0
0	0
0	0
0	0
0	0
0	0
0	0
0	0
0	0
0	0
0	0
0	0
0	0
0	0
0	0
0	0
0	0
0	0
0	0
0	0
0	0
0	0
57	1996
236	2067
0	72
0	14
0	61
0	0
7	469
17	140
0	71
0	0
0	0
0	0
0	0
7	68
7	133
0	70
1	141
0	147
0	76
0	19
65	547
0	536
0	88
0	0
0	547
7	321
3	23
0	0
0	29
23	242
0	1519
0	1453
0	84
0	59
0	1503
109	1163
0	206
0	50
4	94
8	442
0	83
6	146
0	0
0	0
0	0
0	0
0	0
0	0
0	0
0	0
0	0
0	0
0	0
0	0
0	0
0	0
0	0
0	0
0	0
0	0
0	0
0	0
0	0
0	0
0	0
0	0
0	0
0	0
0	0
0	0
0	0
0	0
0	0
0	0
0	0
0	0
0	0
0	0
0	0
0	0
0	0
0	0
0	0
0	0
0	0
0	0
0	0
0	0
0	0
0	0
0	0
0	0
0	0
0	0
1006	829
321	702
17	384
1	162
0	0
0	0
0	0
0	0
0	0
0	0
0	0
0	0
0	0
0	0
0	0
0	0
0	0
0	0
0	0
0	0
0	0
1	259
9	268
0	251
0	267
0	245
2522	0
0	0
8	24
0	25
0	6
0	1
0	2
0	0
0	0
0	1
0	0
0	0
0	0
0	0
0	0
0	0
0	0
0	0
0	0
0	0
0	0
0	0
14	0
0	0
0	0
0	0
0	0
0	0
0	0
0	0
0	0
0	0
0	0
0	0
0	0
0	0
0	0
0	0
0	0
0	0
0	0
0	0
0	0
0	0
0	0
0	0
0	0
0	0
0	0
0	0
0	0
0	0
0	0
0	0
0	0
0	0
0	0
0	0
0	0
158	0
97	0
5	1183
98	1199
152	1140
0	348
29	196
16	294
1	318
8	826
5	343
38	251
0	610
0	37
0	224
0	0
0	89
0	197
0	66
0	443
0	24
0	269
0	18
0	7
0	72
0	11
6	48
0	28
0	118
0	129
0	7
0	101
0	69
0	66
0	46
0	35
0	0
0	6
0	3
0	238
207	405
8	239
119	398
0	12
0	0
0	0
0	0
637	616
11	84
50	20
115	385
661	727
0	592
21	135
15	130
0	0
29	0
28	279
108	0
7	0
0	0
0	0
0	21
0	0
0	0
0	0
0	0
0	1340
0	1287
0	1288
0	0
0	182
0	3226
0	49
2	1163
16	217
0	3249
0	3378
0	170
35	3301
0	185
0	1287
0	379
0	894
32	130
26	48
0	0
0	0
0	0
0	0
0	0
0	0
0	0
0	0
0	0
0	0
0	0
0	0
0	0
0	0
0	0
0	0
0	0
0	0
0	0
0	0
0	0
0	0
0	0
112	501
0	32
2	467
0	57
20	32
140	271
0	81
17	0
0	0
17	0
0	1156
0	1174
0	1156
0	0
0	24
3	384
0	432
0	7
0	720
0	0
0	2
0	261
0	9
0	16
0	15
0	12
11	310
0	0
0	0
0	38
0	0
0	0
0	0
0	0
0	0
0	0
0	0
0	0
0	0
0	0
0	0
0	0
0	0
0	0
1	0
0	0
0	0
0	0
0	0
0	0
0	0
0	0
0	0
0	0
0	0
0	0
0	0
0	0
0	0
0	0
0	0
0	0
0	0
0	0
0	0
0	0
0	0
0	0
0	0
0	0
0	0
0	0
0	0
0	0
0	0
0	0
0	0
0	0
0	0
0	0
0	0
0	0
0	0
0	0
0	0
0	0
0	0
0	609
0	816
0	661
0	690
0	82
57	397
0	617
0	583
0	78
0	744
0	248
0	207
0	164
1	244
0	155
0	36
0	2130
0	1997
36	2131
46	2020
0	1420
14	195
0	41
0	1
0	178
0	378
0	285
3	221
0	0
832	1764
35	1764
0	143
0	0
0	0
0	0
0	0
0	0
0	0
0	0
0	0
0	0
0	0
0	0
0	0
0	146
2	141
0	75
0	12
0	9
0	0
0	1
0	0
0	0
0	1
0	0
0	0
0	0
0	0
148	825
0	540
2	587
0	52
0	50
58	65
0	0
0	180
0	85
0	7
0	1
0	0
21	0
0	592
1	8
1177	2413
0	656
20	1083
0	977
0	581
23	769
0	0
0	0
0	0
0	0
0	0
0	0
0	9
164	12
0	0
0	2
0	0
0	3
91	21
0	21
0	0
0	0
0	0
0	0
0	0
0	0
0	0
0	0
0	0
0	0
0	0
0	0
0	0
0	0
0	0
0	0
0	0
0	0
1	4
66	4
0	0
0	0
0	0
0	0
0	0
0	0
0	0
0	0
0	1280
0	1025
0	1368
0	1062
29	327
0	1159
0	985
18	376
0	0
0	120
0	0
0	0
30	2379
0	25
0	2354
97	132
0	206
65	349
73	500
35	628
454	102
0	207
0	88
109	1966
0	0
11	563
0	24
0	65
0	42
0	0
144	39
0	78
57	550
0	0
0	0
0	0
0	0
18	5
36	0
0	0
0	0
0	0
0	0
0	0
0	0
0	0
0	0
0	0
0	0
0	0
0	0
0	0
0	0
0	0
0	0
0	0
0	0
0	0
0	0
0	0
0	0
0	0
0	0
0	0
0	0
0	0
0	0
0	0
0	0
0	0
0	0
0	0
0	0
0	0
0	0
0	0
7	27
0	4
0	20
0	22
0	0
0	1
6	19
0	0
0	0
0	0
0	0
0	0
0	0
0	0
0	0
0	0
0	0
0	0
0	0
0	0
0	0
0	0
0	4
0	1
0	20
0	0
0	8
0	4
0	0
0	0
0	0
0	0
0	0
0	0
0	0
0	0
0	0
0	0
0	0
0	0
0	0
0	0
0	0
0	0
0	0
0	0
0	0
0	0
0	0
0	0
0	0
0	0
0	0
0	0
0	0
0	0
0	0
0	0
0	0
0	0
0	0
0	0
0	0
0	0
0	0
0	0
0	0
0	0
0	0
0	0
0	0
0	0
0	0
0	0
0	0
0	0
0	0
0	0
0	0
0	0
0	0
0	0
0	0
0	0
0	0
0	0
0	0
0	0
0	0
0	0
0	0
0	0
0	0
0	0
0	0
0	0
0	0
0	0
0	0
0	14
0	14
0	2
0	0
0	0
0	0
0	0
0	0
0	0
0	0
0	0
0	0
0	0
0	0
0	0
0	0
0	0
0	0
0	0
0	0
0	16
0	0
111	133
3	102
7	100
0	12
0	0
12	0
0	0
0	2523
0	2207
10	2124
0	2155
0	2580
48	2035
0	382
6	1544
0	1422
16	28
46	416
0	98
9	185
0	449
13	390
0	0
0	0
0	0
0	0
79	1014
0	944
0	148
5	828
0	8
0	0
0	43
0	70
13	236
0	227
0	49
0	0
20	395
73	1903
0	1304
0	1594
8	1544
5	69
9	704
0	219
0	97
0	30
0	62
0	0
0	0
0	0
0	0
0	0
0	0
25	318
56	675
0	102
0	11
2	197
52	201
0	42
0	3
5	179
13	182
59	214
0	192
0	0
195	3505
1	3904
4	2590
0	1232
0	115
27	1591
0	1226
13	3568
36	3494
0	383
8	1065
483	2446
0	2942
0	0
0	1791
0	1104
0	1189
0	1724
0	1173
0	466
26	1651
0	580
53	940
98	1659
3	733
0	55
0	59
0	562
11	3247
0	231
0	589
2	2607
0	927
0	580
1	1773
0	20
3	8
0	8
0	0
0	0
0	0
0	0
0	0
0	0
0	0
0	0
0	0
0	0
0	0
0	0
0	0
0	0
0	0
0	0
0	0
0	0
0	0
0	0
0	0
0	0
0	0
0	0
0	0
0	0
0	0
0	0
0	0
0	0
0	0
0	0
0	0
0	0
0	0
9	64
0	27
0	44
4	58
0	0
0	32
10	50
0	2
0	0
0	0
0	0
0	0
137	0
0	0
0	0
0	0
0	0
0	0
0	0
0	0
0	0
0	0
0	0
0	0
0	0
0	0
0	0
0	0
0	0
23	1623
0	106
0	336
0	336
5	424
0	1583
0	1440
23	1014
0	1670
0	265
0	62
1	315
0	1708
0	119
0	202
0	393
0	298
0	448
0	510
0	147
0	0
0	112
4	584
0	379
0	219
0	7
0	0
0	0
0	0
0	0
0	0
0	0
0	0
0	0
0	0
0	0
0	0
0	0
0	0
0	0
0	0
0	0
0	0
0	0
0	0
0	0
0	0
0	0
0	0
0	0
0	0
0	0
0	0
0	0
0	0
0	0
0	0
0	0
0	0
0	0
0	0
0	0
0	0
0	0
0	0
0	0
0	0
0	0
0	0
0	0
0	0
0	0
0	0
0	0
0	0
0	0
0	0
0	0
0	0
0	0
0	0
0	0
0	0
0	0
0	0
0	0
0	0
0	0
0	0
0	0
0	0
0	0
0	0
0	0
0	0
0	0
0	0
0	0
0	0
0	0
0	0
0	0
0	0
0	0
0	0
0	0
0	0
0	0
0	0
0	0
0	0
0	0
0	0
0	0
0	0
0	0
0	0
0	0
0	0
0	0
0	0
0	0
0	0
0	0
0	0
0	0
0	1
0	0
0	0
0	0
0	0
0	0
0	0
0	0
2	45
0	44
0	44
0	7
0	3
0	4
0	3
0	4
0	3
0	0
0	1
0	0
0	0
0	0
0	0
0	0
0	0
0	0
0	0
0	0
0	0
0	0
0	0
0	0
0	0
0	0
0	0
0	0
102	50
6	50
1254	19848
0	23655
0	13997
0	23813
4	18903
123	22904
0	21699
0	21444
0	19990
0	18090
7	15854
7	14627
0	12596
0	9575
0	19541
148	23774
0	20285
1	15654
4	9261
0	7892
15	13690
0	4072
2	4422
0	6191
0	5214
0	4489
0	4582
0	4082
2	6529
0	935
44	943
9	160
0	180
0	0
0	0
0	0
0	0
0	0
0	0
0	0
0	0
0	0
0	0
0	0
0	0
0	0
3615	3734
35	2911
0	127
0	345
0	807
0	391
0	75
64	0
0	0
0	2722
0	2893
18	2904
5	298
1	2385
9	2722
0	2806
0	2806
12	319
18	2067
0	222
0	1989
0	48
0	283
0	130
0	933
0	81
0	18
0	271
0	443
8	366
0	413
0	7
0	47
0	0
0	0
0	0
0	0
0	0
0	0
187	193
0	33
33	179
0	10
0	1
0	244
0	2356
0	2356
19	1358
100	1471
0	180
7	209
0	134
0	153
0	68
0	450
0	161
36	3389
65	6300
41	4660
56	2739
71	4589
41	5167
0	4285
150	3142
0	2600
77	2296
0	762
0	79
0	86
0	85
35	91
0	32
0	23
0	75
0	76
0	7
0	5
0	1
0	0
0	9
4	9
0	9
0	0
0	0
0	0
0	0
0	0
0	0
0	0
0	0
0	0
0	0
0	0
0	0
0	0
0	0
0	0
0	0
0	0
0	0
0	0
0	0
0	0
0	0
0	0
0	0
0	0
0	0
0	0
0	0
0	0
0	0
0	0
0	0
0	0
0	0
0	0
0	0
0	0
0	0
0	0
0	0
0	0
0	0
0	0
0	0
0	0
0	0
0	0
0	0
0	0
0	0
0	0
0	0
0	0
0	0
0	0
0	0
0	0
0	0
0	0
0	0
0	0
0	0
0	0
0	0
0	0
0	0
0	0
0	0
0	0
0	0
0	0
0	0
0	0
0	0
0	0
224	17
42	5
51	31
0	39
0	10
0	0
8	4
0	0
0	0
0	0
0	0
0	0
0	0
0	0
0	0
0	0
0	4
0	0
0	0
0	0
0	0
0	0
0	0
0	0
0	0
0	0
0	0
0	0
0	0
0	0
0	0
0	0
0	0
0	0
0	0
0	0
0	0
0	0
0	0
0	0
0	0
0	0
0	0
0	0
0	0
0	0
0	0
0	0
0	0
0	0
0	0
0	0
0	0
0	0
0	0
0	0
0	0
0	0
0	0
0	0
0	0
0	0
0	0
0	0
0	0
0	0
0	0
0	0
0	0
0	0
0	0
0	0
0	0
0	0
0	0
0	0
0	0
0	0
0	0
13346	0
0	0
0	0
1031	756
0	108
0	667
37	179
0	380
0	0
53	204
0	53
93	180
0	54
0	126
0	46
6	143
0	0
0	13
0	3
0	0
0	0
0	0
0	0
0	0
0	0
0	0
0	0
0	0
0	6960
16	6997
21	1255
0	6997
8	128
0	1241
0	2254
0	2520
2	5336
16	4873
6	6394
0	1006
0	5598
3	399
0	430
0	441
13	384
0	389
10	425
0	258
4	101
0	203
0	26
0	89
2	104
0	61
0	88
0	57
0	82
0	30
0	2
0	0
0	3
0	0
0	0
42	6
9	659
0	8
0	6
0	265
4	668
1	528
58	106
23	123
0	0
0	10
0	210
0	271
31	366
0	14
0	52
0	5
0	0
0	0
0	0
0	0
0	0
0	0
0	0
0	0
1438	1762
0	1389
0	577
0	1585
0	28
0	0
0	0
788	1861
0	1351
9	1637
20	1915
0	1746
1	1246
0	529
0	321
0	40
0	172
0	679
0	282
0	299
0	116
0	206
0	64
0	100
0	125
0	179
0	259
0	53
0	145
0	150
0	102
0	100
0	78
0	43
0	33
0	30
0	134
0	10
0	8
0	0
0	292
0	0
0	179
0	0
0	0
0	0
0	0
163	2314
0	2171
0	22
12	370
0	1490
0	1936
0	443
1	288
9	1767
8	1709
0	27
0	200
0	456
0	273
0	191
0	36
0	267
0	455
0	151
0	256
0	250
0	325
0	46
4	171
0	44
0	0
0	70
0	13
0	0
9	0
9	1165
2	1398
0	739
0	1496
0	1096
3	781
0	1162
0	1078
0	196
0	210
0	123
0	865
0	204
0	290
0	28
0	416
0	503
0	446
0	340
17	212
0	70
0	698
0	0
11	67
4	59
0	42
0	9
0	9
0	1
0	0
0	2
0	0
0	0
0	0
0	165
3	132
0	162
0	151
0	129
0	45
0	54
0	53
0	32
0	9
0	29
0	0
0	17
0	23
0	12
0	6
0	0
0	4
0	6
0	6
0	3
0	0
10	326
380	1722
28	1304
0	678
40	1294
0	461
0	0
5	0
0	0
0	0
0	17
0	20
0	9
2	7
0	10
0	13
2	2407
211	2244
10	2599
9	2644
0	4159
0	4282
15	4087
0	2600
3	3266
0	804
0	83
0	641
0	245
0	186
5	394
3	159
14	280
24	58
0	27
0	19
11	31
0	10
0	152
299	511
79	360
0	30
0	23
0	2
0	0
0	0
0	0
0	0
0	0
0	0
0	0
0	0
0	0
0	0
0	0
0	0
0	0
0	0
0	0
0	0
0	0
0	10
0	0
0	0
0	0
0	10
0	0
0	0
0	0
0	0
0	0
0	0
29	474
14	464
11	157
36	0
0	0
0	0
13	171
0	3
6	149
1	90
0	54
0	7
0	72
47	72
0	27
0	8
292	87
0	76
0	75
0	17
0	34
0	1103
15	79
0	1039
149	2627
370	2590
1	963
0	73
0	891
0	346
1	559
0	234
0	0
0	0
0	0
0	0
0	0
0	0
0	0
0	0
0	0
0	0
0	0
0	0
0	0
0	0
0	0
0	0
0	0
0	0
0	0
0	0
0	0
0	0
0	0
0	0
0	0
0	0
0	0
0	0
0	0
0	0
0	0
0	0
0	0
21	1064
0	2
0	0
0	134
0	918
10	497
0	353
0	0
0	509
0	533
0	389
13	34
0	9
0	72
0	0
10	351
0	0
0	0
51	15
0	0
0	14
0	8
0	3
0	1
0	10
0	221
10	514
0	23
0	25
0	14
1	280
0	26
8	1551
0	197
180	886
0	1572
1	1276
0	1211
18	1093
0	203
7	278
0	233
1	221
0	140
0	43
6	21
0	90
0	1
0	3
0	53
0	120
0	2
0	262
1	247
9	102
0	213
0	76
0	87
0	250
0	39
2	219
0	60
0	206
0	107
0	35
0	4
55	118
0	76
0	76
0	76
0	14
0	0
0	0
0	6
0	11
1	43
0	38
0	36
0	25
0	24
0	17
0	6
0	9
0	0
0	0
0	0
0	0
0	0
0	0
0	0
158	482
2	471
0	273
0	177
0	78
0	0
106	643
0	420
9	71
10	251
0	301
0	375
2	563
0	281
0	482
0	533
0	410
66	509
0	131
0	594
0	41
0	42
0	7
0	9
0	44
0	51
0	5
0	0
0	0
0	5
5	11
0	8
0	3
0	5
0	0
0	0
0	0
0	0
0	0
0	0
0	0
0	0
0	0
0	0
0	0
0	0
0	0
0	0
0	0
0	0
0	0
0	0
0	0
0	0
0	7
0	0
0	0
0	0
0	7
4	1742
0	2597
0	743
14	1477
3	707
3	524
0	2397
0	743
0	2096
0	912
0	14
0	126
8	2091
0	574
0	14
9	381
0	491
0	317
7	11483
0	781
0	530
0	762
0	1369
0	13003
0	11471
0	124
0	290
0	445
0	444
0	419
0	7
0	777
0	795
0	376
17	778
0	429
0	811
0	1111
0	926
0	704
0	11790
0	989
0	877
0	687
0	908
14	989
6	10411
4	10634
0	955
0	10331
0	1484
46	6314
0	3387
0	31
0	556
0	4
4	4
0	2400
0	1953
0	585
3	1625
497	3385
2	2297
48	526
0	430
14	1320
0	685
0	20
1	192
0	430
5	387
0	110
0	4
9	119
6	1
0	35
122	1753
32	1193
10	1905
0	950
0	0
5	3517
13	2354
31	3135
172	1376
0	25
4	864
0	429
0	28
79	3119
0	18
0	1
0	51
0	25
0	762
0	466
0	570
0	1293
0	520
0	563
0	825
43	5384
62	6038
0	84
0	607
0	2123
0	771
0	850
9	4879
0	571
7	3177
0	498
0	266
3	923
0	591
0	568
5	440
0	18
31	4544
0	0
0	1505
6	794
2	675
0	332
0	567
133	1138
23	556
19	772
0	34
0	238
26	378
0	47
0	81
14	84
7	224
56	570
2	49
0	602
1	567
0	72
0	127
2	118
0	44
0	8
10	182
0	75
0	29
0	2
0	2107
0	2184
6	933
0	1999
0	1964
8	2076
1	1959
0	1997
0	382
10	1555
0	79
0	11
0	58
0	21
0	80
0	27
0	11
0	12
0	3
0	1
0	1
0	2176
0	711
2	614
0	593
0	519
0	43
25	536
26	188
0	300
0	194
2	251
0	220
0	186
8	1755
20	0
49	0
5	2
0	2
0	1
0	2
0	1
0	1
0	1
2	1550
69	1399
0	1101
4	903
0	1282
0	965
0	8
11	397
0	7
0	501
0	97
0	1558
4	39
0	36
0	27
0	10
0	10
0	2
34	24
0	5
0	16
0	4
0	4
0	248
0	157
0	13
0	21
462	1461
15	769
7	1193
10	1160
0	603
0	60
23	156
45	0
0	886
3	1002
0	1019
0	778
0	705
0	199
0	796
0	55
0	793
0	194
0	96
0	317
0	41
10	1006
0	49
0	211
0	1043
0	109
0	95
0	940
0	838
0	757
0	52
13	379
28	36
0	36
3	176
0	155
0	103
0	15
0	59
0	65
0	214
0	808
0	1255
0	823
1	616
0	535
0	928
0	122
0	246
0	383
0	253
0	375
0	208
0	16
0	78
19	64
0	43
0	7
0	23
0	4
0	1
0	1
0	0
0	0
9	82
2	200
4	991
11	1021
0	201
0	808
0	846
0	874
0	444
0	877
0	173
0	88
0	267
0	452
0	208
0	161
1	247
0	106
0	151
0	140
0	29
0	23
8	47
0	50
3	145
10	33
0	114
7	128
0	142
0	56
5	57
0	28
1276	925
0	590
0	39
0	310
7	258
1	257
0	1
0	7
0	2
0	2
24	17
0	9
0	9
0	2
0	17
11	60
64	67
0	19
0	67
0	0
0	0
0	0
0	0
0	0
0	0
0	0
0	0
0	0
0	0
0	0
0	0
0	0
0	0
0	0
0	0
0	0
0	0
0	0
0	16
22	125
5	123
0	18
20	51
0	21
0	19
0	0
0	0
0	14
0	57
0	58
0	39
0	58
0	59
0	58
0	57
0	57
0	58
0	58
0	52
0	4
0	3
0	23
0	57
0	54
0	4
0	54
0	54
0	55
0	55
0	54
0	54
0	54
0	36
0	31
0	30
0	30
0	18
0	17
0	17
0	0
0	0
0	0
74	40
4	41
679	2225
0	1015
2	1398
29	129
3	239
1	730
0	432
3	418
0	510
0	444
1	379
2	299
0	314
0	299
1	291
1	174
0	59
0	121
0	247
0	106
0	136
28	524
0	57
0	4
0	22
0	106
0	0
0	0
9	13
0	13
0	0
0	0
0	0
0	0
0	0
0	0
0	0
0	0
0	0
0	0
0	0
0	0
0	0
0	0
0	0
0	0
11	228
0	228
0	158
4	154
0	138
0	35
0	57
0	0
0	1
0	0
0	0
0	0
0	0
0	0
0	0
0	0
0	0
0	0
0	0
0	0
0	0
0	0
0	0
0	0
0	0
0	0
0	0
0	0
0	0
0	0
0	0
0	0
0	0
0	0
0	0
0	0
0	0
0	0
0	0
0	0
0	0
0	0
0	0
0	0
0	0
0	0
0	0
0	0
0	0
0	0
0	0
0	0
0	0
25	362
0	101
0	0
0	0
0	0
0	0
0	0
0	0
0	0
0	0
0	0
0	0
0	0
0	0
0	0
0	0
0	0
0	0
0	22
0	0
0	0
0	0
0	0
0	0
0	0
0	0
0	0
0	0
0	0
0	0
0	0
0	0
0	0
0	0
0	0
0	0
0	0
0	0
0	0
0	0
0	0
0	0
0	0
0	0
0	0
0	0
0	0
0	0
0	0
0	0
0	0
0	0
0	0
0	0
0	0
0	0
0	0
0	0
0	0
0	0
0	0
0	0
0	0
0	0
0	0
0	0
136	641
0	37
0	144
0	503
0	19
17	490
0	43
0	86
0	4
13	59
0	29
0	59
0	56
3	265
3	1612
4	688
6	1436
11	1612
0	1277
0	1491
0	28
26	1393
0	276
0	179
0	1497
0	0
0	162
0	262
26	224
5	356
0	112
0	34
0	108
6	327
6	171
0	55
0	0
0	45
0	0
0	0
0	0
0	0
0	0
11	325
0	384
0	391
0	26
0	260
1	279
0	71
0	64
0	367
0	296
0	277
0	38
0	55
0	256
0	83
0	0
0	0
0	0
184	325
0	325
0	272
2	93
0	0
0	1
0	16
0	30
0	0
0	0
0	0
0	40
0	237
0	260
0	54
0	23
0	45
0	43
9	72
0	40
0	0
0	229
0	1
12	1424
8	1411
0	2521
0	2582
1	2588
3	197
0	20
0	14
6	1117
0	19
0	99
0	76
0	32
0	39
0	5
0	594
3	103
0	33
0	24
0	0
0	0
0	0
0	1
0	0
4	156
150	118
0	118
0	14
0	2
0	3
0	0
0	15
0	7
0	0
0	0
0	28
0	5
18	41
0	0
0	0
0	0
61	85
0	84
47	98
0	0
0	0
0	0
0	0
0	22
21	337
0	208
0	48
0	16
0	27
0	18
0	33
0	179
0	1
0	259
0	0
0	0
0	0
0	0
0	0
0	0
0	0
0	0
0	0
0	0
0	12
4	853
0	898
3	621
0	789
1	1328
22	556
0	72
0	102
0	124
3	408
0	0
0	0
0	50
26	26
1	25
0	1
0	1
0	26
0	1
0	12
0	3
0	3
0	3
0	2
0	0
0	2
0	1
0	0
0	0
0	0
0	0
1	0
0	0
0	0
0	0
0	0
0	0
0	0
0	0
0	0
0	0
0	0
0	0
0	0
0	0
0	0
0	0
0	0
0	0
6	0
0	0
0	0
0	0
0	0
0	0
0	0
0	0
0	0
0	0
0	0
1307	0
0	0
154	486
8	405
0	245
0	131
0	81
0	222
0	16
0	2
0	0
0	2
241	2011
26	1827
0	1393
0	775
0	0
0	492
7	401
0	37
0	283
0	71
0	0
0	0
0	0
121	952
28	946
19	458
11	450
0	100
0	98
0	36
27	2496
4	2522
0	2590
0	164
0	64
0	58
0	50
3	256
3	270
0	75
0	5
0	47
0	0
0	0
43	96
0	0
39	29
0	2
0	32
48	21
0	0
0	0
0	0
0	4324
0	111
0	102
0	3771
0	4324
0	381
0	525
0	3317
0	414
0	159
0	0
0	125
0	13
12	5
0	412
0	29
4	287
6	412
64	0
0	0
0	0
0	52
0	99
0	44
20	0
5	598
0	1116
0	911
0	130
0	128
2	982
0	184
6	287
0	131
0	183
0	43
0	58
1	179
0	103
0	126
0	52
0	386
0	291
0	43
0	54
29	0
0	117
0	0
0	90
0	714
7	574
17	98
109	1180
0	1238
15	943
1	541
0	281
6	4936
0	0
0	0
0	0
0	0
0	0
0	0
0	3652
0	77
0	1101
1	3179
0	3083
0	4893
0	1902
0	1975
0	2495
0	350
4	2893
0	1019
0	3679
0	2391
0	13
0	652
37	204
0	0
0	0
0	0
64	4185
0	3206
13	2916
29	3523
29	864
0	1183
0	470
10	1095
3	330
0	0
0	0
0	0
0	0
0	0
0	0
9	292
0	955
36	951
6	440
16	836
0	50
0	753
0	745
0	26
0	7
0	252
0	2
0	60
0	30
0	164
0	29
0	11
0	0
0	9
0	0
0	0
0	0
0	0
0	23
0	0
270	351
0	276
0	16
0	169
0	109
0	0
0	0
0	0
0	0
0	0
0	0
0	0
0	0
6	0
0	0
0	0
0	0
78	706
0	671
20	678
15	579
0	0
0	0
0	434
6	289
31	16
0	207
0	82
0	0
0	0
0	0
0	0
0	0
0	0
0	0
0	0
0	0
0	0
0	0
0	0
0	0
0	0
0	0
0	0
0	0
0	0
0	0
0	0
0	0
0	0
0	0
0	0
0	0
0	0
0	0
0	0
0	0
0	0
0	0
0	0
0	0
0	0
0	0
0	0
0	0
0	0
0	0
0	0
0	0
0	0
0	3
0	7
0	7
0	4
0	10
0	7
81	10
0	3
0	7
0	7
0	1
0	1
0	0
0	0
0	0
0	0
0	0
0	0
0	0
0	0
0	0
0	0
0	0
0	0
0	0
0	0
0	0
0	0
0	0
0	0
0	0
0	0
0	0
0	0
0	0
0	0
0	0
0	0
0	0
0	0
0	0
0	0
0	0
0	0
0	0
0	0
0	0
0	0
0	0
0	0
0	0
0	0
0	0
0	0
0	0
0	0
0	322
4	895
27	1222
1	869
0	78
0	0
0	42
0	126
0	142
0	116
0	42
0	100
0	102
0	14
0	59
0	0
0	2
1	0
47	2548
0	2022
35	1534
39	1407
232	2025
16	907
0	1153
24	1063
0	792
6	706
0	37
111	1
8	256
3	240
0	199
0	93
15	183
0	27
0	96
0	0
0	0
0	304
2640	841
0	245
0	9
5	318
0	509
0	0
0	167
0	0
0	1942
0	0
0	0
0	1796
0	75
0	40
0	2027
0	1937
15	1966
0	78
2	2144
0	2165
29	1708
34	1850
57	1868
21	2017
0	0
0	507
0	24
0	0
0	0
0	0
0	2
1240	65
11	54
0	11
0	0
0	0
0	0
0	0
0	0
0	0
0	0
0	0
0	0
0	0
0	0
0	0
0	0
0	0
0	0
0	0
0	0
0	0
0	0
0	0
0	0
0	0
0	0
0	0
0	0
0	0
0	0
0	0
0	0
0	0
0	0
0	0
0	0
0	0
0	0
0	0
0	0
0	0
0	0
0	0
0	0
0	0
0	0
0	0
0	0
0	0
0	1
0	0
0	0
0	0
2	149
15	94
0	108
0	10
0	0
385	204
3	203
0	59
0	39
0	11
0	1
0	8
0	368
2	363
0	220
0	171
0	394
0	21
0	6
0	19
0	0
1	22
0	0
0	0
42	826
0	82
0	84
22	846
4	876
0	814
3	676
0	56
3	1400
0	59
45	386
0	33
0	0
0	0
0	1959
0	1959
0	354
9	79
0	124
0	507
9	486
0	0
0	397
19	272
0	34
0	36
0	18
0	15
592	877
4	105
0	0
16	161
0	74
0	548
0	35
0	113
0	552
0	47
0	47
9	133
0	0
0	130
0	0
12	0
0	0
0	0
0	0
0	0
0	0
0	0
0	0
0	0
0	0
0	0
0	0
0	0
0	0
0	0
0	0
0	0
0	0
0	0
0	0
0	0
0	0
0	0
0	0
0	0
0	0
0	0
0	0
0	0
0	0
0	0
0	0
0	0
0	0
0	0
0	0
0	0
0	0
0	0
0	0
0	0
0	0
0	0
0	0
0	0
0	0
332	810
335	7732
55	7746
23	647
0	661
103	531
0	17
0	58
0	301
42	131
0	0
24	373
18	176
26	308
0	279
0	52
0	22
0	0
3942	0
63	1263
0	1263
24	453
71	453
0	0
0	8
1	56
0	224
0	0
0	0
0	181
6	146
0	33
0	195
0	0
0	8
0	0
0	0
0	0
0	6
0	4
8	7
0	1
0	2
0	2
0	0
37	491
0	191
1	196
0	257
0	153
0	23
0	1
0	42
0	97
12	35
0	17
28	1392
0	848
0	652
7	879
0	44
0	10
0	1076
0	34
0	57
14	220
0	65
0	9
0	110
12	51
0	30
0	0
0	0
0	0
0	2
0	0
0	0
75	145
0	0
7287	0
0	0
0	3
11	3
0	0
0	0
0	25
0	33
35	31
1	58
95	39
0	0
0	0
0	0
0	0
16	0
0	0
0	0
0	0
0	0
0	0
0	0
0	0
7	148
0	230
1	202
3	192
3	66
739	2619
0	2465
72	743
0	185
0	137
0	16
0	165
386	256
17	250
0	77
0	53
0	24
0	16
0	0
1	201
0	68
0	28
0	62
0	29
0	63
165	251
0	42
0	68
0	20
13	33
0	5
7	91
0	0
0	19
0	64
0	9
0	8
0	5
33	24
0	7
0	0
0	0
0	0
3	730
103	980
1	24
0	135
0	75
0	0
0	65
0	83
0	0
0	16
0	0
0	0
0	0
0	0
0	7
0	0
0	0
0	7
0	0
0	0
0	0
0	0
0	0
0	0
12	385
392	469
0	87
0	32
30	0
0	3
0	0
29	0
0	0
21	10425
0	10146
0	9206
29	170
0	5622
0	5405
0	5689
0	7788
0	5180
0	7566
0	234
0	119
0	1580
0	42
0	210
0	5
4	310
0	253
38	0
0	0
0	0
0	0
1	16
0	14
0	16
0	2
0	0
0	1
0	2
0	0
0	0
0	0
0	0
0	0
0	0
0	0
0	0
0	0
0	0
66	0
8	8
0	4
0	0
0	0
0	0
0	8
0	0
0	144
541	1200
177	1198
0	0
0	0
0	0
0	0
0	0
0	0
0	0
0	0
0	0
0	0
0	0
0	0
0	0
0	148
0	0
0	0
0	0
0	0
7	152
0	94
0	2
0	3
0	142
0	6
0	7
0	12
0	14
0	114
0	6
0	54
0	0
0	0
0	0
0	146
0	0
0	0
0	0
0	0
0	0
15	0
0	0
0	0
0	166
0	119
0	108
0	0
0	0
0	345
0	268
15	1913
0	1
0	352
28	1393
0	221
0	257
12	1946
0	0
0	0
0	0
0	159
0	13
0	0
519	2055
287	519
529	1678
3	957
0	15
0	2
150	462
0	40
0	40
0	88
0	11
0	0
0	0
0	0
0	0
0	0
0	0
0	0
0	0
0	0
0	0
0	6
33	6
180	19
0	5
0	7
0	7
0	4
0	5
0	0
6	5
1508	1210
7	174
0	1044
3	770
0	2
20	276
0	275
0	479
0	178
0	0
0	177
0	168
3	1669
0	149
0	1669
0	352
0	331
0	47
1	122
0	252
0	1639
0	388
0	424
0	722
0	0
0	0
63	129
0	318
0	6
43	309
0	167
4	2134
86	2134
0	248
277	866
0	22
6	636
11	129
0	3
0	154
0	51
0	0
0	0
0	0
0	45
0	45
0	12
0	39
0	14
0	47
0	24
0	35
0	3
0	34
0	11
0	14
0	6
0	4
0	4
0	0
0	0
0	0
7	1744
4	1732
0	1258
0	1222
30	553
0	0
69	168
0	1
0	24
0	32
9	21
0	0
0	0
0	0
0	0
0	0
0	0
0	0
0	0
0	0
0	0
0	0
0	0
0	0
0	0
0	0
0	0
0	0
0	0
0	0
0	0
0	0
0	0
17	299
0	424
0	675
0	274
1	475
9	427
5	452
0	229
0	0
0	31
0	339
2	473
340	1411
92	836
79	584
77	708
0	630
2	641
232	579
0	0
147	9967
509	11468
13	11446
0	1005
0	737
0	429
71	169
0	31
0	52
0	4
0	44
37	168
25	155
0	25
0	28
1	66
0	21
0	92
16	64
3	41
0	91
0	89
0	92
0	18
0	7
0	14
0	14
0	0
0	14
0	5
0	1
0	1
0	657
17	451
4	412
0	656
0	655
20	409
0	42
0	0
0	0
0	0
217	1205
9	1194
14	762
0	118
0	93
0	0
23	995
3	551
0	1
5	992
945	3835
93	511
227	3832
25	0
25	316
0	14
8	343
7	269
0	277
41	332
0	203
0	88
56	2069
198	2078
3	122
0	447
7	184
0	0
0	11
0	0
0	0
0	0
100	579
0	53
0	58
0	579
0	0
0	448
0	0
0	0
0	0
12	216
0	216
0	0
0	0
0	0
0	0
2	11
84	11
3	36
0	29
0	0
0	0
0	15
0	193
43	40
2	4275
0	4406
2	4197
0	3749
0	4149
0	3727
0	4133
2	589
17	1807
0	152
0	153
0	46
0	46
19	449
0	1260
8	1177
17	792
9	575
0	11
0	193
27	11
0	0
0	0
0	0
0	0
0	0
0	0
0	0
0	0
0	0
0	0
0	0
0	0
0	0
0	0
0	0
0	0
0	0
0	1
16	1
0	1
0	0
0	0
0	0
0	0
0	0
0	215
1	238
0	31
0	8
0	110
0	38
0	134
0	78
0	13
0	1
0	14
0	25
0	14
0	80
0	0
0	0
0	0
0	0
0	0
0	0
0	0
0	0
0	0
0	0
0	0
0	0
0	0
0	0
0	0
0	0
0	0
0	0
0	0
0	0
0	0
0	0
0	0
0	0
0	0
0	0
0	0
0	0
0	0
0	0
262	14144
274	13254
1069	8712
141	7726
257	6893
0	1008
0	0
0	1005
0	378
14	719
0	216
0	851
386	319
17	119
0	33
0	135
20	278
0	12
60	167
0	5
0	1
0	0
0	286
260	968
0	121
46	968
18	7
0	6
0	4
0	5
0	7
0	0
0	5
0	3
0	1
0	0
0	4
0	0
0	0
0	0
0	0
0	0
0	0
0	0
0	0
0	0
0	0
0	0
0	0
0	0
0	0
0	0
0	0
0	0
0	0
0	11
0	0
0	0
0	0
0	0
5	440
26	480
42	436
0	81
0	34
0	70
0	12
33	386
0	63
0	301
0	0
2	110
0	4
0	103
0	178
2	150
0	2052
49	637
0	1044
0	531
4	581
0	0
761	2019
0	1154
0	1457
0	134
0	274
0	11
11	267
0	0
155	203
0	164
0	139
22	97
0	88
30	23
0	6
0	14
60	1
0	1
0	0
0	1
0	1
0	1
0	0
0	0
0	0
0	0
55	544
0	537
3	424
0	10
0	64
0	1
4	522
0	237
0	8
0	29
0	2
0	0
0	0
0	0
0	0
59	680
10	459
26	382
6	300
26	240
0	250
84	209
5	153
34	93
0	32
6	719
0	756
0	757
29	767
0	729
0	15
0	2
4	30
0	88
23	679
0	16
19	657
13	88
15	12
0	21
0	0
0	0
14	0
0	0
0	43
0	305
0	71
163	352
0	296
0	318
0	0
1	9
0	0
0	0
0	0
0	0
0	0
0	0
0	0
0	3
0	560
0	17
166	537
0	6
0	2
0	111
0	188
0	194
0	43
0	43
0	25
0	172
0	0
1	6
18	6
0	0
93	271
0	44
54	48
0	68
78	75
2	233
26	448
34	238
0	0
0	529
0	531
2	458
16	112
0	91
24	507
25	0
0	85
4	131
0	508
0	217
0	376
0	530
0	472
0	20
0	0
0	3
0	0
0	0
0	0
0	0
0	0
0	0
0	0
0	0
0	0
0	0
0	0
0	0
0	0
0	0
0	0
0	0
0	0
0	0
0	0
0	0
0	0
0	0
0	0
0	0
894	4892
465	1158
210	5823
0	3721
0	86
0	54
53	2571
15	399
0	163
99	3085
51	565
0	505
0	0
0	1400
0	1351
0	1323
0	355
0	1117
0	1002
0	137
0	269
0	646
0	178
0	54
0	0
0	0
0	0
0	0
0	0
0	0
0	0
0	0
17	1133
16	864
84	782
946	1374
759	675
2	194
35	358
1	247
0	0
0	0
0	0
0	0
0	0
0	0
0	42
0	89
0	0
0	0
34	0
0	0
0	0
0	0
0	0
0	0
0	0
0	0
0	0
0	0
0	0
0	0
0	0
0	0
0	0
0	2
25	869
0	276
156	729
0	2
0	111
22	178
3	125
24	267
0	0
0	0
0	0
516	68
15	61
5	48
0	0
0	0
0	20
0	16
0	5
0	1
0	1
0	6
0	10
0	7
0	10
0	0
0	4
0	0
0	0
0	2
0	0
0	0
0	3
0	1
0	0
0	0
0	82
0	8
0	72
0	0
0	45
0	0
11	774
33	766
0	0
0	13
0	53
0	62
0	58
0	43
0	185
0	53
0	75
0	26
0	1
0	27
0	220
0	16
0	85
0	0
0	94
0	137
0	81
0	334
0	0
0	0
0	0
0	0
0	0
0	0
0	91
0	0
0	0
0	0
57	47
0	27
0	6
0	0
0	35
0	62
41	1947
33	1929
7	1732
0	1681
0	1911
0	318
0	63
0	195
28	43
4	263
61	0
1	79
416	79
0	0
0	0
0	0
0	0
0	0
0	0
0	0
0	0
0	0
0	0
0	0
0	0
0	0
0	0
0	0
0	0
0	0
0	0
0	0
0	0
0	0
0	0
0	0
0	0
0	0
0	0
0	0
0	0
0	0
0	0
0	0
0	0
0	0
0	0
0	0
0	0
322	1251
0	1039
32	930
0	740
92	768
0	254
0	212
0	0
0	0
0	0
0	0
0	0
0	0
0	906
0	906
0	584
3	285
0	0
0	4
0	0
0	0
0	0
0	0
0	0
944	0
0	0
0	0
0	0
0	0
0	0
0	4141
0	3098
0	4201
0	56
0	0
0	2686
2	232
0	3386
44	291
0	3281
0	1
0	78
0	68
21	2406
0	56
13	2164
0	36
0	38
0	10
6	1596
1	1489
0	97
0	161
0	212
0	1048
26	932
0	438
0	296
0	12
7	17
0	17
0	13
0	12
0	11
0	12
31	13
0	6
0	11
0	8
0	13
0	0
0	0
25	0
5	0
0	0
0	0
0	0
0	0
0	0
0	0
20	0
0	0
31	6448
0	1306
0	235
0	243
8	3471
178	6855
0	563
0	720
0	794
0	523
30	12
23	514
1	1183
0	787
14	188
0	314
8	0
31	5
36	17
0	13
1242	279
60	279
153	36
0	36
0	0
0	430
0	317
881	2888
181	2708
18	186
1	0
0	0
0	15
0	15
0	0
0	0
0	0
0	0
0	0
0	0
0	0
0	0
0	0
0	0
0	0
0	0
0	0
0	0
0	0
0	0
0	0
0	0
0	0
0	0
0	0
0	0
0	0
0	0
0	0
0	0
0	0
0	0
0	0
0	0
0	0
0	814
86	790
148	100
0	796
0	102
0	28
17	87
4	1
0	396
15	318
0	0
41	40
0	0
0	0
0	0
0	0
0	0
0	67
0	64
0	69
0	64
0	69
0	69
0	64
0	61
0	25
0	0
19	571
0	29
11	46
0	57
45	498
0	10
0	13
0	80
0	0
0	17
0	523
0	726
2	730
0	442
56	688
0	508
0	149
0	168
0	132
0	34
0	122
5	277
0	137
0	62
0	78
5	100
0	73
0	24
0	0
0	0
0	0
0	0
0	0
0	0
0	0
0	0
0	0
0	0
0	0
1	0
0	0
0	0
0	0
59	1541
0	1426
7	140
84	1321
11	1114
0	28
0	130
18	84
36	1090
14	162
6	108
0	33
0	118
7	102
8	79
8	25
0	0
0	0
0	0
0	0
0	0
0	0
0	0
0	0
20	6668
0	0
0	0
0	0
0	0
0	0
0	0
0	0
0	0
0	0
0	0
0	0
0	0
0	0
0	0
0	0
0	0
0	0
0	0
0	0
0	0
0	0
0	1705
1	1858
0	416
0	989
0	11
0	73
0	34
0	75
0	13
17	1219
0	184
5	166
0	105
12	254
0	27
4	89
0	0
0	0
0	0
0	0
0	0
0	0
0	0
0	0
0	0
0	0
0	0
0	0
0	0
0	0
6	420
0	0
0	30
7	403
0	0
0	26
0	0
0	354
0	0
0	0
0	192
54	425
74	687
33	448
18	285
0	76
0	70
0	91
0	13
0	86
0	7
0	0
887	1533
58	234
0	731
4	1388
80	615
42	502
0	0
0	0
0	0
0	0
0	0
0	0
0	0
0	0
0	0
0	0
0	0
0	0
0	0
0	0
0	0
0	28
0	0
0	0
0	0
0	0
0	0
0	0
0	0
0	0
0	0
0	27
0	0
0	0
0	0
0	0
0	6
0	89
137	267
0	104
0	104
0	177
0	51
0	24
0	79
0	61
0	10
0	20
1	79
0	0
0	0
0	0
0	0
97	337
0	96
0	36
0	37
340	704
38	154
0	211
158	617
0	107
10	92
0	0
0	0
0	303
0	14
0	60
0	0
382	2144
36	1862
17	1307
0	788
0	716
0	579
0	310
0	235
0	302
0	271
14	150
0	0
0	0
0	0
0	0
0	0
0	0
0	292
236	1296
0	1099
0	1235
9	115
0	60
4	1086
0	7
1	325
0	374
0	23
0	0
0	0
0	0
0	0
0	131
11	105
0	148
0	104
0	66
0	101
0	23
0	5
0	25
0	29
0	47
0	17
0	36
0	9
0	35
0	31
0	60
27	48
0	19
0	26
0	25
0	0
0	24
0	0
0	0
0	0
0	0
0	0
0	0
1	1
0	0
0	0
0	0
0	0
36	5514
0	6382
17	2046
0	465
0	450
0	573
0	0
0	0
0	0
14	286
0	162
0	44
0	269
0	244
0	212
0	39
0	214
0	58
0	27
0	14
0	0
0	54
0	45
0	17
0	24
0	28
0	12
0	12
0	0
0	0
0	0
0	0
0	0
0	0
0	0
49	1671
29	1608
0	1142
6	1186
0	223
0	193
0	236
0	169
0	22
0	0
0	0
0	0
0	0
0	0
0	0
1	405
5	388
0	405
0	2
1	360
0	303
34	411
0	287
0	1
0	73
0	32
0	38
0	9
0	0
0	0
0	0
0	0
0	0
0	0
0	0
0	0
0	0
0	0
0	0
0	0
1189	2257
46	1812
0	0
8	253
0	158
0	515
0	344
115	1377
0	1211
0	1328
266	1462
1	596
7	1429
3	222
0	66
0	0
0	0
0	0
0	0
2604	129
0	0
0	129
0	0
5	5165
32	4724
5	4513
15	1191
0	1621
0	381
0	5143
75	3801
1	3486
0	1290
17	3158
4	3678
0	225
11	129
0	1014
0	1050
6	267
21	1608
3	2431
0	0
0	0
0	0
0	0
0	0
0	0
0	0
26	9069
1	98
0	92
0	96
0	92
0	51
0	49
0	54
0	50
0	11
0	0
0	0
0	0
0	0
0	0
0	0
0	0
0	0
0	0
424	244
0	146
77	202
0	23
39	275
0	32
20	26
0	24
0	54
0	0
389	135
5	101
0	0
0	0
0	0
0	0
0	0
0	0
0	0
61	714
10	730
0	1766
278	1708
27	817
0	380
0	167
0	134
0	400
0	367
0	118
0	187
0	235
0	0
16	1
0	0
984	0
0	0
0	316
3	328
0	101
0	87
0	93
0	75
0	0
21	20
15	20
0	0
0	0
0	0
0	487
427	1702
0	1
18	1668
0	60
0	54
0	7
0	20
16	1121
0	0
0	23
4	80
0	86
6	441
0	13
0	0
0	0
0	0
0	0
0	0
0	0
0	0
0	0
0	0
0	0
0	2
0	3
0	20
0	19
3	20
24	2
22	0
152	158
0	0
24	6
0	2054
135	1974
3	1994
20	1676
0	120
20	61
25	1071
0	133
0	0
0	0
0	0
0	0
0	48
0	48
0	59
0	45
0	44
0	43
0	43
0	43
0	43
0	53
0	53
1	41
0	3
0	12
0	36
0	29
0	0
0	0
0	0
0	1
0	0
0	0
0	0
0	4
0	36
1	37
0	36
0	33
0	28
0	29
0	7
0	1
0	0
0	1
0	1
0	0
0	0
0	0
0	0
0	0
0	0
15	1963
0	1449
28	1358
70	2312
0	1162
86	2167
0	235
15	355
0	57
0	263
0	312
0	1256
0	0
0	63
0	240
0	0
0	0
0	0
0	447
0	618
9	658
0	169
0	168
0	76
0	15
0	46
0	23
0	0
0	8
152	3565
228	3300
17	591
177	3008
0	872
0	790
0	224
30	2711
0	86
2	803
95	1957
0	65
0	0
0	145
0	45
0	68
0	77
0	38
0	158
0	80
0	3
0	180
1	1094
305	1046
0	106
0	127
0	5
0	49
0	111
0	34
15	1044
0	26
0	300
0	417
0	319
5	963
0	12
0	189
0	0
0	251
0	244
0	134
0	134
0	102
0	115
0	2
0	196
0	9
10	192
0	191
0	23
41	0
0	0
0	2
24	1876
0	1674
0	1706
0	1632
0	1273
1	1678
0	1793
0	1723
0	1598
0	1592
0	592
0	681
0	756
0	667
0	230
0	257
0	208
0	283
0	254
0	255
0	281
0	169
0	141
0	113
0	137
0	93
0	17
0	8
0	9
0	0
0	0
0	0
0	0
0	0
0	0
0	0
0	0
0	0
0	0
0	0
0	0
0	0
0	0
0	0
714	0
0	0
0	0
0	180
2	146
0	0
29	283
33	339
0	332
1	339
0	36
0	0
2	0
106	0
0	0
0	0
0	0
0	0
0	0
0	0
0	10
1	26
121	70
0	54
0	8
0	11
0	29
0	6
0	0
0	0
0	6
1191	0
28	3486
0	2491
0	3539
20	1531
0	83
0	1092
0	1542
0	21
24	179
0	98
0	20
0	0
4	11
0	11
0	0
0	0
0	0
3	222
43	219
2	44
0	3
4	219
27	111
9	129
19	858
0	0
0	0
0	494
0	81
14	852
0	747
0	73
0	106
0	159
0	279
0	429
0	324
5	632
0	751
0	929
0	49
0	225
0	44
0	876
0	518
0	180
1	206
0	150
0	82
0	103
0	76
0	75
0	15
1	3
0	0
0	0
5	237
1	7
24	1630
0	1384
0	243
8	1705
21	1843
0	476
0	637
2	284
0	149
0	77
0	282
0	288
0	418
0	113
0	760
0	29
17	714
23	699
0	168
0	218
27	106
0	36
37	130
0	20
0	6
0	0
0	0
0	0
0	0
0	0
1	5
0	0
0	0
0	0
0	0
0	24
620	752
18	663
29	642
3	395
0	213
0	12
0	82
101	147
0	16
0	129
38	18
0	0
0	0
0	0
0	0
20	452
0	208
0	432
0	48
0	369
0	118
8	31
7	298
7	133
32	14
4	113
0	26
0	12
0	136
0	103
0	118
0	19
0	7
0	32
0	49
0	74
36	43
0	17
0	34
0	28
0	4
0	12
0	2
12	11
0	0
0	0
0	0
0	0
0	0
0	0
0	0
0	0
0	0
0	429
0	499
89	962
0	282
0	591
0	530
0	505
0	500
5	387
0	0
0	0
134	288
142	311
0	77
31	79
0	0
0	0
0	0
0	0
0	0
0	0
0	0
0	0
0	0
0	92
0	634
4	1382
23	1265
0	27
0	551
0	65
0	160
0	443
0	22
0	68
0	74
0	45
0	66
0	39
0	14
0	10
0	0
0	6
0	0
0	53
486	191
0	54
0	31
0	133
4	181
0	10
0	24
2	1567
0	2437
17	2012
33	500
213	20
17	0
0	0
18	159
0	16
0	4
2	4
0	0
0	0
0	229
1583	1826
0	324
0	163
0	1350
0	190
0	1259
25	366
0	3
0	60
0	636
0	773
0	0
0	672
13	224
0	0
0	0
0	0
0	0
0	0
0	0
0	0
0	0
0	0
0	0
0	0
0	0
0	0
0	0
0	0
0	0
0	0
0	13
0	14
0	12
0	6
0	1
1	0
0	3
0	0
358	2709
0	1232
0	531
16	1126
320	1274
0	16
582	1250
0	8
0	161
0	652
0	616
11	78
1	222
3	59
3	528
0	599
0	30
1	70
0	23
4	108
0	58
0	31
0	0
28	72
5	70
7	60
0	69
13	3
0	0
0	0
0	44
0	0
0	0
0	0
0	0
0	0
0	0
0	0
243	2529
56	1760
0	2470
0	241
64	1114
0	29
0	67
20	143
0	0
0	66
26	75
0	0
0	0
16663	11704
0	9081
158	6511
0	4110
0	6844
206	2494
0	42
0	0
0	0
0	0
0	0
0	0
40	129
0	21
0	1
0	6
0	91
0	23
0	110
0	26
0	0
0	85
0	0
0	0
0	0
17	2
0	2
0	206
0	7
0	97
0	11
0	279
0	276
23	276
519	462
0	332
0	130
0	0
1	0
0	0
0	0
0	0
0	0
0	0
0	0
0	0
0	0
0	0
0	0
0	0
0	0
0	0
0	0
0	0
0	0
0	39
0	42
0	11
7	396
0	77
30	453
4	48
0	0
0	140
0	31
0	41
0	0
0	13
0	257
0	254
0	0
0	0
0	11
0	20
0	17
1313	0
0	0
0	0
0	0
0	1
4	114
0	93
0	57
0	60
0	13
0	60
0	11
0	1
0	0
0	0
0	0
0	8
0	15
0	0
0	2
0	8
0	5
0	0
0	0
0	0
0	0
0	677
0	96
3	192
0	451
14	0
133	489
0	1059
461	4775
9	453
0	4744
0	77
37	1
0	0
0	0
0	0
0	0
0	0
0	0
0	0
0	0
0	0
0	0
0	0
0	0
0	0
0	0
0	0
0	0
0	0
1	2
0	0
0	0
0	41
0	1
2	4
0	1
0	1
0	0
0	0
2	15
3	87
4	21
532	287
48	180
0	55
0	52
0	46
0	23
0	0
0	0
0	0
0	0
0	0
0	0
0	0
0	0
0	0
0	0
0	0
0	0
186	5
18	5
0	0
0	0
0	0
0	0
0	0
1182	214
0	63
0	38
0	93
0	102
0	124
0	119
0	110
0	14
0	26
0	0
0	0
0	0
0	0
0	0
0	0
0	0
0	0
0	0
0	0
0	0
0	0
0	0
0	0
0	0
0	165
12	146
7	157
0	10
2	16
0	6
0	5
0	8
0	24
0	0
0	2
0	9
0	12
0	0
0	0
0	7
0	3
0	8
0	6
0	7
0	0
0	0
0	0
14	478
0	271
0	52
0	199
7	327
1	233
0	5
0	135
5	296
0	99
0	2
0	70
0	447
0	9
12	329
14	423
0	30
0	165
0	154
3704	0
0	0
0	0
0	0
0	0
0	16
14	16
0	7
0	2
0	783
0	672
3	783
15	797
0	412
0	465
0	76
0	156
0	4
0	10
0	0
1	2556
56	3762
11	2631
0	859
0	576
0	936
0	992
0	1528
0	602
0	739
6	1132
30	881
0	604
0	0
0	0
0	0
0	0
0	0
0	0
0	0
0	0
0	0
1167	208
0	25
16	178
0	45
0	0
0	21
0	0
0	0
86	742
25	793
0	138
0	9
0	0
0	0
0	382
100	616
12	354
20	252
0	256
0	229
0	192
0	0
0	0
0	66
0	67
0	193
55	1715
17	1361
0	1526
3	1269
0	217
0	217
8	300
0	0
0	0
0	0
0	0
0	0
0	184
0	37
143	184
0	88
0	109
0	17
0	53
0	53
0	0
0	0
0	0
0	0
0	0
0	0
0	0
0	0
0	0
0	0
0	0
0	0
0	0
0	1
2	1
0	0
0	0
0	0
0	0
0	0
0	0
0	0
0	0
0	0
0	0
0	0
0	0
0	0
0	0
0	0
0	0
0	0
0	0
0	0
0	0
0	0
0	0
0	0
0	0
0	0
0	0
0	0
0	0
0	0
0	0
0	0
0	0
5	133
0	26
0	275
4	288
0	19
0	0
0	15
0	35
0	72
0	26
0	15
0	30
0	16
0	2
0	0
0	0
0	0
0	1
0	1
0	1
0	1
0	1
24	1
0	0
0	0
0	0
0	0
0	0
0	0
0	0
0	0
0	0
24	12
13	4
0	0
1258	510
6	479
0	360
0	104
0	0
48	0
0	0
0	0
0	0
0	0
0	0
0	0
0	0
0	0
0	0
0	0
0	0
0	0
0	0
0	0
5634	989
0	118
0	0
0	346
0	787
0	244
0	0
0	0
0	0
0	0
0	0
0	0
0	0
0	0
0	0
0	0
0	0
0	0
0	235
0	0
0	0
0	0
0	0
0	0
0	0
0	0
0	0
0	0
0	0
0	0
0	0
0	0
0	0
0	0
0	0
0	0
0	0
0	0
0	0
0	0
6	1
0	0
0	0
0	1
0	0
0	0
0	0
72	18
0	18
0	0
0	0
0	0
0	0
0	0
0	0
0	0
0	0
0	0
0	0
0	0
0	0
0	0
0	0
0	53
55	133
0	81
0	118
0	92
0	12
0	79
0	7
0	61
0	61
0	3
0	24
0	5
0	11
0	11
0	0
0	0
0	0
354	0
0	0
0	0
0	0
0	0
0	0
0	0
0	0
0	0
0	0
0	0
0	0
0	0
0	0
0	0
0	0
0	0
0	0
0	0
0	0
0	61
0	59
0	0
0	17
0	16
0	61
0	0
0	3
0	0
0	4
0	21
0	10
0	48
0	18
0	1
0	14
0	15
1	39
0	53
0	2
0	5
0	0
0	0
0	0
0	0
0	0
0	0
0	0
0	0
0	0
0	0
0	0
0	0
0	0
60	822
0	605
0	14
0	45
0	532
0	136
0	414
0	156
9	627
20	554
0	485
0	87
0	37
0	561
0	72
0	4
0	38
0	134
0	228
0	135
0	7
0	214
0	76
0	105
120	272
0	0
1	80
0	19
0	13
0	23
0	1
0	0
0	13
0	0
0	0
0	0
0	1
0	38
0	27
0	27
0	27
0	0
0	29
0	7
0	38
0	27
0	14
0	27
0	27
0	5
0	34
0	0
0	6
0	0
0	0
0	0
0	0
2559	2154
0	1596
7	1434
0	1419
0	836
0	110
0	0
0	0
0	0
0	14
0	39
0	93
7	8
0	27
0	0
0	360
0	88
0	6
0	496
0	0
0	0
0	0
0	0
0	0
0	7
83	0
0	0
0	0
0	0
0	0
0	0
0	0
0	0
0	0
0	0
10	178
0	161
0	56
4	80
0	51
0	0
0	27
3	71
0	0
1	130
0	103
0	13
0	0
0	0
15	873
7	1040
0	454
0	1103
0	428
135	1144
0	51
23	216
0	2
0	250
1	253
0	937
1	1003
0	227
5	926
0	0
0	254
0	0
0	0
0	0
0	3800
0	374
0	257
0	389
41	1003
145	3263
49	1214
89	845
0	300
2	18
7	374
0	24
0	79
0	40
0	21
0	0
0	1
11	1185
0	0
0	0
0	1178
7781	6423
23	3450
0	8
0	32
0	773
0	1418
44	4301
226	4798
217	3243
15	1956
10	3490
0	592
0	441
0	555
0	246
0	0
0	0
0	0
0	0
0	0
0	0
80	8
0	8
0	5
0	5
0	0
0	1
0	0
0	0
0	1
0	2
0	1
0	0
0	0
0	0
0	0
0	0
0	0
0	0
0	0
0	0
0	0
0	2
0	0
95	110
5	108
0	67
0	62
0	40
0	0
0	3
0	195
0	87
0	117
0	14
4	847
7	1150
0	25
0	237
0	280
0	49
0	996
0	100
0	205
3	972
16	1165
6	91
0	104
0	1108
0	633
0	1088
0	37
16	211
7	1100
0	1095
0	157
0	86
0	982
0	1159
0	61
95	1064
13	698
0	10
8	235
5	197
15	19
0	0
0	0
0	0
2	56
0	56
0	19
0	0
0	5
106	5
0	0
87	1013
0	965
805	1193
4	121
0	0
0	37
0	49
0	2
0	128
0	30
7	192
1	238
6	24
0	0
0	0
0	0
0	0
62	2135
0	2117
0	1558
19	494
11	279
18	1359
0	1368
0	152
29	356
0	116
0	217
0	111
0	0
0	0
0	0
0	0
0	0
0	0
0	0
0	0
0	0
0	0
0	0
0	0
0	0
0	0
0	0
0	0
5	149
3	149
0	135
5	64
0	26
0	11
0	0
0	0
0	0
0	0
0	0
0	0
0	0
0	0
0	0
0	0
229	1224
23	1133
7	92
1	55
7	36
0	0
0	0
0	0
0	0
0	0
0	0
0	154
0	572
0	541
0	530
0	529
0	579
0	291
0	200
0	187
3	188
4	151
0	120
0	27
0	128
0	121
0	42
0	84
0	6
0	59
0	20
0	90
0	90
0	101
0	64
0	71
0	89
0	52
0	29
0	87
0	86
0	113
0	87
0	114
0	95
0	73
0	114
0	114
0	64
0	114
0	120
0	87
0	85
0	22
0	50
0	89
0	113
0	42
0	45
0	38
0	29
0	19
0	24
0	2
19	150
4	371
0	367
25	139
6	138
0	371
0	1
2146	354
0	32
9	47
0	0
55	292
0	0
0	0
0	0
0	0
0	0
0	0
0	0
0	0
0	0
0	0
1	2257
8	1594
2	2182
0	0
0	70
41	2137
0	26
7	3
27	0
0	158
19	946
0	39
29	4650
38	6266
0	782
20	4903
9	5765
1	5107
0	2
0	1434
0	2113
0	614
0	652
0	1267
0	314
0	319
0	120
0	115
0	364
0	0
0	0
944	182
0	23
15	159
0	0
0	0
0	0
0	0
0	0
0	0
0	0
0	0
0	0
0	0
0	0
0	2208
0	755
29	2179
61	2004
0	270
0	320
0	230
0	366
12	274
13	401
0	381
0	105
0	0
0	0
2	606
2	606
7	152
28	144
0	25
0	1032
0	282
200	23
0	23
7478	4687
6	725
0	471
9	3260
0	453
0	614
0	1138
0	0
2	693
0	818
2	295
0	266
0	76
7	105
0	90
0	9
0	0
4	53
0	49
0	53
0	52
0	51
0	3
0	0
0	0
0	0
0	0
0	0
0	0
0	0
0	0
0	0
0	0
0	0
0	0
0	0
0	0
0	0
0	0
0	0
0	0
9	182
32	187
0	96
1	84
0	5
0	2
0	20
0	28
0	4
0	2
0	0
0	0
0	0
0	0
0	0
0	0
0	0
0	0
25	21
0	0
115	23653
468	21604
273	2778
0	1075
0	17462
0	20618
10	14317
75	21944
251	20536
0	1702
100	4295
2	35
0	4
0	3
0	28
0	0
0	48
0	56
0	27
25	47
0	2
0	2
0	2
5	28
0	0
0	0
0	0
0	0
0	0
0	0
0	0
0	0
0	0
0	0
0	0
0	0
0	0
0	0
0	0
0	401
0	365
162	401
0	380
0	0
10	4
0	0
0	0
0	0
0	0
0	0
0	0
0	0
0	0
0	0
0	0
0	0
0	0
0	0
0	0
0	0
0	0
0	0
0	0
0	0
0	0
0	0
0	0
0	0
0	0
0	0
0	0
0	0
0	0
0	0
0	0
0	0
0	0
0	0
0	0
0	0
0	0
0	0
0	0
0	0
0	0
0	0
0	0
0	0
0	0
0	0
0	0
0	0
0	0
0	0
0	0
0	0
0	0
0	0
0	0
0	0
0	0
0	0
0	0
0	0
0	0
0	0
0	0
0	0
0	0
0	0
0	0
0	0
0	0
0	0
0	0
0	0
0	0
0	0
0	0
0	0
0	0
0	3
0	0
0	0
0	0
0	102
0	0
0	0
0	0
10	1686
1	1697
0	1697
12	79
0	1123
2	501
0	993
0	8
6	203
0	106
0	22
0	37
0	120
0	24
0	32
0	0
21	6
3	16
0	10
42	8
67	25
0	1
0	2
0	19
0	0
0	0
0	4
0	4
0	1
0	2
0	0
0	0
1766	482
0	485
0	343
20	285
11	261
45	0
12	23
32	11
0	0
0	71
0	0
64	407
357	625
0	554
0	0
0	0
14	0
0	0
0	9
0	1
0	21
1	52
0	0
0	78
0	77
0	73
0	85
10	32
0	104
0	103
0	28
0	101
0	112
0	114
0	101
1	61
0	49
0	7
225	2565
0	2919
14	1106
68	2265
8	169
14	589
0	31
0	460
23	423
0	13
0	11
36	13
0	0
0	0
0	0
0	0
0	0
0	0
0	0
0	0
0	0
0	0
0	0
0	0
0	0
0	0
0	0
0	0
0	0
0	0
0	0
0	0
0	0
0	0
0	0
0	0
0	0
0	0
0	0
700	194
0	10
2	180
0	3
0	0
0	4
0	0
0	0
0	602
32	636
0	0
0	44
0	177
42	635
0	53
0	0
1	0
0	0
0	0
0	0
0	0
0	0
0	0
2	0
0	250
1587	3043
0	220
0	2263
131	1027
35	450
14	743
10	189
2	2633
0	2362
0	79
0	16
1	223
0	26
8	452
0	102
7	8
3	354
0	330
0	43
0	528
0	106
18	692
0	53
0	30
107	0
17	2
0	2
0	0
0	0
285	812
0	258
3	292
6	142
18	261
0	0
0	10
0	0
0	0
0	0
0	0
0	0
0	0
0	0
0	0
0	0
0	0
0	0
0	0
0	0
0	0
0	0
0	0
0	0
0	0
0	0
0	0
0	0
0	0
0	0
0	0
0	0
0	0
0	0
0	0
0	0
0	0
0	0
0	0
0	0
0	0
29	14785
0	50
0	0
0	0
0	0
0	0
0	0
0	0
0	0
457	1471
4	898
0	263
0	504
0	708
0	471
1	658
0	403
0	139
0	0
0	358
41	1739
0	97
17	441
88	795
0	156
0	331
0	0
13	683
35	1034
1	141
0	2
0	2
0	1
0	1
0	0
0	4
0	0
0	0
0	0
0	0
22	4
0	4
0	3
0	1
0	0
0	0
0	0
0	0
0	0
0	0
0	0
0	0
0	0
0	0
0	0
0	0
0	0
0	0
0	0
0	0
0	0
0	0
0	0
0	0
0	0
0	0
0	0
0	0
0	0
0	0
7	2344
246	1367
0	316
147	2492
0	118
0	459
0	370
93	457
0	598
9	2026
0	420
6	680
27	31
0	795
0	30
0	1085
11	315
8	0
5	40
17	341
0	10
0	189
96	713
17	0
0	0
0	0
0	0
0	0
0	0
0	117
0	0
0	0
0	0
0	0
2177	1087
0	197
145	904
46	734
3	353
0	0
0	0
20	238
77	251
0	235
0	131
0	34
0	28
0	23
0	19
0	8
0	12
0	5
0	5
0	5
0	0
0	0
0	0
0	0
0	0
0	0
0	0
0	32
0	8
0	0
0	0
0	0
0	0
0	0
48	14546
0	13665
10	13986
9	13268
0	10047
0	9284
39	4048
0	610
15	1158
0	3068
0	3020
0	2623
0	2791
0	1664
0	1980
1	2701
0	2340
0	1916
0	1544
1	1771
53	1013
0	1723
1	1097
5	1665
5	1433
0	1111
0	434
0	1253
9	1379
15	1213
0	743
0	623
0	450
0	66
0	390
0	366
0	274
0	209
0	246
0	296
0	0
0	238
0	89
0	55
0	3
0	0
0	0
1	65
0	177
6	179
0	179
0	18
0	63
0	135
0	95
1	50
0	31
0	7
0	0
0	0
0	0
0	0
0	0
0	0
0	0
0	0
0	0
0	0
0	0
0	0
0	0
0	0
0	0
0	0
0	0
0	0
0	0
0	0
0	0
0	0
0	0
0	0
0	0
0	0
0	0
0	0
0	0
0	0
0	0
0	0
0	0
0	0
0	0
0	0
0	0
0	0
0	0
0	0
0	0
0	0
0	0
0	0
0	0
0	0
0	0
0	0
0	0
0	0
0	0
0	0
0	0
0	0
0	0
0	0
0	0
0	0
0	0
0	0
0	0
0	0
0	0
0	0
0	0
0	0
0	0
0	0
0	0
0	0
0	0
0	0
0	0
0	0
0	0
0	0
0	0
0	0
0	0
0	0
0	0
0	0
0	0
0	0
0	0
0	0
0	0
0	0
0	0
0	0
0	0
0	0
0	0
0	0
0	0
0	0
0	0
0	0
0	0
0	0
0	0
0	0
0	0
0	0
0	0
0	0
0	0
0	0
0	0
0	0
0	0
0	0
0	0
0	0
0	0
0	0
0	0
0	0
0	0
0	0
0	0
0	0
0	0
0	0
0	0
0	0
0	0
0	0
0	0
0	0
0	0
0	0
0	0
0	0
0	0
0	0
0	0
0	0
0	0
0	0
0	0
0	0
0	0
0	0
0	0
0	0
0	0
0	0
0	0
0	0
0	0
0	0
0	0
0	0
0	0
0	0
0	0
0	0
0	0
0	0
0	0
0	0
0	0
0	0
0	0
0	0
0	0
0	0
0	0
0	0
0	0
0	0
0	0
0	0
0	0
0	0
0	0
0	0
0	0
0	0
0	0
0	0
0	0
0	0
0	0
0	0
0	0
0	0
0	0
0	0
0	0
0	0
0	0
0	0
0	0
0	0
0	0
0	0
0	0
0	0
0	0
0	0
0	0
0	0
0	0
0	0
0	0
0	0
0	0
0	0
0	0
0	0
0	0
0	0
0	0
0	0
0	0
0	0
0	0
0	0
0	0
2	4
0	0
2	2381
0	77
14	350
40	0
83	2504
0	1005
0	60
474	310
0	0
0	0
5	2409
0	178
14	230
0	39
40	136
0	161
1	799
0	2424
0	661
9	3
0	224
0	0
0	6
0	110
0	19
3	344
0	9
0	166
0	0
0	51
0	20
0	21
0	104
0	0
0	0
0	0
0	0
43	0
0	0
75	6743
39	1540
0	1
14	469
1	2240
0	476
0	274
0	359
0	4798
0	305
0	448
20	4716
39	4784
0	46
0	45
0	213
0	2278
42	4019
0	126
0	438
0	3461
0	149
0	556
4	291
19	3513
0	3003
7	1995
0	110
0	376
0	2399
13	124
0	78
7	2272
0	1666
0	32
0	1521
0	63
0	381
0	215
0	733
0	401
0	911
0	0
0	1
0	1
0	0
0	1
0	0
3824	23657
13	23118
40	9113
0	1238
0	615
0	1732
0	5
0	825
0	1478
0	1
0	32
0	1346
0	1291
97	207
0	75
0	912
1	1316
0	1170
0	187
0	1098
0	1148
0	65
0	1116
0	108
0	144
0	122
0	174
0	105
0	117
0	0
0	0
0	3
0	3
0	0
0	0
0	10
0	22
0	14
0	16
0	17
0	11
0	14
0	17
0	27
0	17
0	21
0	2
0	5
0	14
0	3
0	4
0	4
0	4
0	2
0	2
0	0
0	0
0	1
0	1
0	1
0	0
0	1
0	1
0	1
0	1
0	0
0	1
0	0
0	1
0	0
1	180
0	183
1	184
0	165
0	146
0	34
0	153
0	104
0	56
0	120
0	60
0	104
0	0
67	901
5	756
39	0
0	731
0	521
0	174
0	162
0	164
0	133
0	0
234	438
0	77
11	382
0	32
0	20
0	9
0	8
0	0
17	47
18	6
2	5
0	6
0	2
0	0
0	0
0	0
630	19
0	0
0	0
0	19
0	0
0	0
0	0
0	0
3	3612
1	3566
0	2676
8	1759
0	289
0	2381
17	469
27	37
30	624
0	0
0	0
0	0
0	0
0	0
0	61
0	0
0	0
0	0
0	0
492	424
0	4
0	0
0	78
0	53
11	288
0	32
0	24
0	22
0	4
0	0
0	0
0	0
0	0
0	0
0	0
0	0
0	0
0	0
0	0
0	0
0	0
2	17
0	7
0	370
0	368
0	100
0	151
0	31
0	127
0	24
4	103
0	41
0	0
0	0
0	0
0	0
0	0
0	0
0	0
0	0
0	0
0	0
0	0
0	0
0	0
0	255
163	5129
32	677
0	626
6	670
0	610
10	491
4	764
0	659
75	4351
0	478
0	663
487	5055
0	814
47	607
0	16
0	12
0	80
0	306
11	675
0	43
0	0
0	0
0	0
0	894
0	33
23	55
0	1175
0	1283
1	1367
0	1294
0	1059
0	103
0	323
0	931
0	109
0	180
0	121
0	0
0	49
0	101
0	574
0	86
7	3
9	307
10	209
0	222
28	440
0	53
7	317
0	0
4	120
0	64
0	64
0	81
0	94
0	25
0	6
0	14
0	9
0	28
0	37
0	13
0	27
0	20
0	10
0	24
0	21
2	0
38	244
0	244
0	0
0	0
0	1424
7	1378
4	465
0	206
0	214
55	2048
0	1171
0	157
22	1467
0	1339
44	1411
2	1341
0	1342
0	1394
0	1388
0	1301
1	1383
12	1318
14	1411
1	1368
0	1226
1	183
0	285
17	189
0	47
11	25
10	54
7	81
0	55
0	35
27	47
91	447
22	163
0	327
12	180
30	253
0	249
0	102
0	78
1	375
0	206
0	78
0	150
18	22
0	2
0	11
0	113
32	1546
0	0
0	0
69	0
0	0
8	144
51	144
152	0
2	396
1	503
0	229
0	508
0	574
0	41
0	42
0	2
0	2
0	52
58	1017
0	287
2	323
0	162
0	180
0	66
0	144
1	183
0	13
0	359
0	51
78	355
0	23
0	107
0	0
0	301
0	0
0	2
0	0
0	0
0	236
0	0
0	11
6	483
0	123
0	320
11	369
2	255
0	72
0	16
0	41
0	15
0	29
0	1
0	0
0	0
0	25
0	31
0	12
0	0
0	0
0	0
0	0
29	0
0	0
135	1050
0	952
5	662
19	917
6	68
0	32
0	329
0	32
0	29
0	23
0	16
0	60
0	0
0	0
0	0
0	0
0	0
0	0
0	0
0	0
0	0
0	0
0	0
0	0
0	0
0	0
0	0
0	0
0	0
0	0
0	0
0	0
0	0
0	0
0	0
0	0
0	0
0	0
0	0
0	0
0	0
0	0
0	0
0	0
0	0
0	0
0	0
0	0
0	0
0	0
0	0
0	0
0	0
0	0
0	0
0	0
0	0
0	0
52	603
69	92
0	662
15	452
8	463
0	86
0	26
0	32
0	88
0	0
0	0
0	0
0	0
0	0
0	0
0	0
0	0
0	0
0	0
0	0
0	0
0	0
6	430
0	235
0	191
3	208
0	207
0	1
83	142
5	247
0	357
3	1981
7	1951
0	1966
2	738
0	1298
27	1002
4	2004
0	1967
0	277
0	493
1	1084
0	305
0	1161
0	238
0	12
0	216
2	160
0	0
0	17
0	3
6	3
0	0
15	0
0	0
1	10
0	0
0	0
0	33
0	32
0	33
0	0
0	0
0	8
0	8
2	8
0	3
0	0
0	0
0	0
0	0
0	0
0	0
0	7
0	0
0	18
0	18
0	17
0	2
0	13
0	12
0	38
411	714
32	714
6	697
31	615
11	637
0	500
0	59
0	68
0	0
0	0
0	0
0	0
0	0
0	0
0	0
0	0
0	0
0	0
0	0
0	3
14	13
0	10
0	2
0	10
0	0
7	278
0	299
0	283
8	156
2	182
14	250
0	36
0	14
0	63
0	60
0	201
0	158
0	39
0	90
0	10
0	60
0	38
0	26
0	1
5	9
0	12
14	17
0	611
0	348
0	611
3	602
0	610
1	238
0	156
0	241
0	220
0	214
0	0
0	8
41	110
0	109
0	29
0	77
0	0
0	13
0	12
0	12
75	0
0	0
0	0
0	24
0	0
6	6
0	6
0	1433
0	1516
0	1405
50	1481
9	1060
0	97
44	433
6	330
0	111
0	434
0	973
0	137
0	136
0	122
7	269
0	262
8	64
16	68
0	73
0	54
24	94
0	0
0	0
0	0
0	0
0	0
0	0
0	0
0	0
0	0
0	0
0	0
1	346
0	2223
5	2156
242	2212
0	27
1	1296
0	917
0	1
0	4
0	737
0	756
0	756
0	42
0	1
0	20
0	26
0	26
0	39
0	6
0	17
0	10
0	40
11	40
0	11
0	43
0	22
0	14
0	20
0	12
0	20
0	19
0	0
0	0
0	0
0	0
0	0
33	1
0	0
0	0
0	0
0	0
0	0
0	0
0	0
0	0
0	0
0	0
0	143
0	3
10	364
13	192
0	0
0	0
0	0
1	9
7	313
42	305
0	0
0	0
738	1155
0	833
0	522
32	294
7	80
0	0
1231	5650
74	5650
7528	240015
33614	240015
0	0
0	0
0	0
0	0
0	0
0	0
0	0
0	0
0	0
68	0
0	0
0	0
0	0
0	0
0	0
0	0
0	0
0	0
0	0
0	0
0	0
0	0
0	0
0	0
0	0
0	0
0	0
0	0
0	0
0	0
0	0
0	0
0	0
0	0
0	0
0	0
0	0
0	0
0	0
0	0
0	0
0	0
2203	643
31	427
103	1015
0	795
0	297
10	309
0	0
0	0
0	0
0	0
0	0
0	30
2	1
0	0
32	1
0	1
20	0
0	0
0	0
0	0
77	4
0	1
0	0
0	0
14	0
0	0
0	0
30	4
0	0
0	0
0	0
0	0
0	3
0	0
0	0
0	0
3919	0
0	0
0	0
0	0
24	0
0	0
0	2
61775	5
0	1
0	0
0	0
535	0
21	0
0	0
0	0
0	0
0	0
0	0
0	0
0	0
0	0
6	0
0	2
0	0
0	0
154	95
0	0
0	0
32	1
0	0
0	0
0	0
0	0
22	95
0	0
0	0
53	2
0	0
0	1
0	0
0	0
0	0
0	0
49	2
0	0
0	0
0	0
0	0
0	0
0	0
12	0
0	0
0	0
0	0
0	0
0	0
0	0
0	0
0	0
0	0
0	0
0	0
0	0
0	0
27	5
0	0
0	0
0	0
38	0
0	0
0	0
0	0
0	0
0	0
0	0
0	0
0	0
0	0
0	0
0	0
0	0
0	0
0	0
0	0
0	0
0	0
0	0
0	0
0	0
0	0
0	0
0	0
0	0
0	0
0	0
0	0
0	0
0	0
0	0
0	295
0	295
0	0
0	0
0	0
0	0
0	0
0	0
1	0
0	0
0	0
0	0
0	0
0	0
47	0
0	0
0	0
0	0
8	0
0	0
0	0
0	0
0	0
0	0
0	0
0	0
0	0
0	0
0	0
0	0
0	0
0	0
0	0
0	0
0	0
0	0
0	0
0	0
1	12
0	20
0	2
0	0
0	0
0	0
0	0
0	0
0	0
0	0
0	0
0	414
0	810
0	676
0	778
0	780
3	187
0	2
0	59
0	35
0	58
0	83
0	10
0	39
0	7
0	0
0	0
0	0
0	0
0	0
0	0
0	0
0	0
0	0
0	0
0	0
0	0
0	0
0	0
0	0
35	95
0	0
0	0
0	0
0	0
0	0
0	0
0	0
0	0
0	2
0	0
0	0
0	0
0	0
0	0
0	0
0	0
0	0
0	0
0	0
0	0
0	0
0	0
0	0
0	0
0	0
0	0
0	0
0	0
0	12
0	27
0	0
0	2
0	0
0	95
0	0
0	0
0	0
0	0
0	0
0	0
0	4
0	0
0	0
0	0
0	0
0	0
0	0
0	0
0	0
0	0
0	0
0	0
0	0
0	0
0	0
0	0
0	0
0	0
0	0
0	0
0	0
0	0
0	0
0	0
0	0
0	0
0	0
0	0
0	0
0	0
0	0
0	0
0	0
0	0
0	0
0	0
0	0
0	0
0	0
0	0
0	0
0	0
289	0
0	0
0	1
0	1
0	2
0	0
0	0
0	0
0	0
0	0
0	0
0	0
0	0
0	0
0	0
0	0
0	0
0	0
0	0
0	0
0	0
0	0
0	0
0	0
1	264
60	264
4	264
0	1
0	26
0	7
0	60
0	16
0	13
0	2990
10	2037
0	947
72	2270
0	188
0	19
0	308
0	114
0	80
0	3
0	59
0	183
2	173
0	30
12	2381
8	62
20	1099
0	28
20	2453
7	36
0	2290
0	21
0	29
0	1227
0	1697
5	394
0	7
38	1702
0	0
0	685
0	62
0	0
0	0
0	0
0	0
0	0
0	0
0	0
0	0
0	155
0	0
0	0
0	2
0	0
0	33
35	66
26	26
0	0
0	0
0	17
0	0
0	0
3	1215
150	1297
7	35
0	18
31	14
0	7
0	7
0	0
0	0
0	0
0	0
0	0
0	0
0	2
0	0
0	0
0	0
0	0
0	6
0	0
0	0
0	0
0	1
0	0
0	0
0	0
0	0
0	0
0	0
0	0
0	0
0	0
0	0
0	0
0	0
0	0
0	0
0	0
0	0
0	0
0	0
0	0
0	0
0	0
0	0
0	0
0	0
0	0
0	0
0	0
0	0
0	0
0	0
0	0
0	0
0	0
0	0
0	0
0	0
0	0
0	0
0	0
0	0
0	1321
10	1315
0	1324
0	1321
0	242
127	1507
0	422
0	1174
36	959
21	698
9	1135
0	0
0	0
1	6
1	4
0	208
0	604
7	171
0	140
0	56
7	13
47	60
0	7
0	8
79	39
0	5
54	540
0	5
178	542
0	0
0	24
47	192
8	181
58	156
0	0
0	0
0	0
0	0
0	0
0	0
0	0
0	0
0	0
0	2
0	0
0	0
0	0
47	0
0	0
0	0
0	0
163	0
0	0
0	0
0	0
0	0
0	0
0	0
0	0
0	0
0	0
0	0
0	0
0	0
0	0
0	0
0	0
0	18
0	0
0	0
0	0
0	0
0	0
0	0
0	0
0	0
0	0
0	0
0	0
0	0
0	0
0	0
0	0
0	0
0	0
0	0
0	0
0	0
0	0
0	0
0	0
0	0
0	0
0	0
0	0
0	0
0	0
0	0
0	0
0	0
0	0
0	0
0	0
0	0
0	0
0	0
0	0
0	0
0	0
0	0
0	0
0	0
0	0
0	0
0	0
0	0
0	0
0	0
0	0
0	315
0	729
0	741
1	724
2	658
0	732
0	749
0	634
1	635
0	438
0	444
0	73
30	155
3	435
1	315
0	33
0	73
0	45
0	75
0	55
6	13
2	25
0	5
5	21
0	4
0	3
0	1
0	0
0	0
0	0
0	0
0	0
0	0
0	0
0	0
0	0
0	0
0	0
0	0
0	0
0	0
0	0
0	0
0	0
0	0
0	0
0	0
0	0
0	0
0	0
0	0
0	0
0	0
0	0
0	0
0	0
0	0
0	0
0	0
0	0
0	0
0	0
0	0
0	0
0	0
0	0
0	0
0	0
0	0
0	0
0	0
0	0
0	0
0	0
0	0
0	0
0	0
0	0
0	0
0	0
0	0
0	0
0	0
0	0
0	0
0	0
0	0
0	0
0	0
0	0
0	0
0	0
0	0
0	0
0	0
0	0
0	0
0	0
0	0
0	0
0	0
0	0
0	0
0	0
0	0
0	0
0	0
0	0
0	0
0	0
0	0
0	0
0	0
0	0
0	0
0	0
0	0
0	0
0	0
0	0
0	0
781	1293
1	216
2	58
0	19
0	5
0	38
488	394
0	22
0	274
0	14
1	27
28	0
31	1342
0	1
0	3
0	0
0	0
0	0
0	0
0	0
0	0
0	0
0	0
0	0
0	8
0	0
0	0
0	0
0	0
0	0
0	0
0	0
0	0
0	0
0	0
0	0
0	0
0	0
0	8
0	0
0	0
0	0
0	1
0	0
3	870
0	40
0	170
0	237
2	378
109	448
0	23
0	0
0	3
0	0
0	0
0	0
0	0
0	15
0	38
115	77
0	0
0	2
0	0
0	2
0	0
0	0
0	41
0	8
0	0
0	0
0	0
0	0
0	0
0	0
0	0
0	0
0	0
0	0
0	0
0	0
0	0
0	0
0	0
0	0
0	0
0	0
0	0
0	0
1	0
0	0
0	0
0	0
0	0
0	0
1814	0
0	0
0	0
0	0
0	0
0	0
0	0
0	0
0	0
0	0
0	0
0	0
0	0
0	0
0	0
0	0
0	0
0	0
0	0
0	49
0	0
0	0
0	0
0	1
0	0
0	0
0	4
0	0
0	0
0	0
0	0
0	0
0	0
0	0
0	0
0	0
0	0
0	2
0	0
0	0
0	0
0	0
0	0
0	0
0	0
0	0
0	0
0	0
47	233
0	0
0	0
0	0
0	0
0	0
0	0
0	0
0	0
0	0
0	0
0	0
0	0
0	31
88	41
0	0
0	0
0	0
0	26
0	7
0	2
0	0
226	0
0	0
0	0
0	0
0	38
0	2
0	0
0	0
0	0
0	0
0	0
0	0
0	0
0	0
0	4
0	1
0	0
0	2
6	16
0	5
0	167
0	294
4	188
0	4
6	225
54	395
0	0
0	8
0	4
34	0
860	64
0	40
0	0
0	0
0	0
0	0
0	12
0	0
0	0
0	206
2	880
0	209
0	220
0	839
0	6
5	97
2	40
359	0
0	995
4	1299
5	602
0	225
0	558
0	278
0	168
0	347
0	26
0	49
0	0
0	0
0	0
0	0
0	0
0	0
0	0
0	0
0	0
0	0
0	0
0	0
0	0
0	0
0	0
0	0
18	0
0	0
5	56
116	234
27	145
27	134
45	199
1366	127
0	0
30	91
0	1
0	36
0	0
0	0
0	0
0	0
0	0
0	24
0	24
0	24
0	2
0	0
0	0
0	0
0	0
0	0
0	0
0	0
0	0
0	0
0	0
0	0
0	0
0	0
0	0
0	0
0	0
0	0
0	0
0	0
0	0
0	0
0	0
0	0
0	0
0	0
0	0
0	0
0	0
0	0
0	0
0	0
0	0
0	0
0	0
0	0
0	0
0	0
105	234
0	0
0	0
0	0
0	1
2	1
0	0
0	0
0	0
0	0
0	0
0	0
0	0
0	0
0	41
0	8
0	0
0	0
0	0
0	0
0	0
47	7
1	24
1	33
0	2
0	0
0	0
0	0
27	0
0	0
0	1
0	13
9	1
37	56
0	6
0	31
0	41
0	1
0	0
0	4
30	1800
17	181
457	2187
0	1221
3	1035
0	1732
9	206
0	174
0	1
0	1
0	0
0	0
0	0
0	0
0	1
1	0
0	1
0	0
0	0
0	0
0	0
4	2
0	0
0	2
0	0
0	0
0	0
0	0
0	0
0	0
0	0
0	0
0	0
0	0
0	0
0	0
0	0
0	0
0	0
1	0
0	0
0	0
0	0
0	0
0	0
0	0
0	0
0	0
0	0
0	0
0	0
0	0
0	0
0	0
0	0
0	0
0	0
0	0
0	0
0	0
0	0
0	0
0	0
0	0
0	0
0	0
0	0
0	0
0	0
0	0
0	0
0	0
0	0
0	0
0	0
0	0
0	0
0	0
0	0
0	0
0	0
0	0
0	0
0	0
0	0
0	0
0	0
0	0
442	21
0	0
0	21
0	0
0	0
0	0
0	0
0	0
1836	1012
0	610
0	853
0	54
0	0
144	0
253	364
5	152
28	55
0	5
18	67
28	85
0	148
0	128
0	122
18	194
0	97
0	137
0	85
8	144
0	20
0	5
0	0
9	615
7	360
0	166
11	54
0	76
0	131
2	461
20	47
0	62
0	84
0	93
14	154
0	285
1286	1591
0	1580
0	1613
0	1617
0	1543
0	1606
0	1542
0	1599
2	1421
1	1479
0	1427
0	1347
0	48
0	16
7	165
0	72
0	106
0	22
0	16
0	5
0	0
0	0
1237	770
0	770
0	0
0	0
0	0
0	0
150	866
98	383
16	820
0	160
34	145
0	0
15	251
0	33
5	119
0	43
0	0
0	0
106	4322
52	3263
0	1524
18	310
14	10
0	0
0	0
0	0
132	6
0	290
0	0
0	0
0	2125
0	2193
13	3546
2	3510
0	1585
9	81
0	48
0	302
0	227
0	152
0	6
0	0
0	0
0	0
0	0
0	0
0	0
0	0
0	0
0	0
0	0
381	2245
436	2245
32	477
40	264
0	88
0	28
0	11
1686	1260
0	130
0	1119
0	1130
0	0
0	0
0	0
0	0
0	0
0	0
0	0
0	0
0	0
0	0
0	0
0	1
0	2
46	140
0	38
9	124
0	28
0	13
0	15
9	15
0	0
0	0
0	0
0	0
0	0
0	0
0	0
0	0
0	0
0	0
0	0
0	0
0	0
9	0
0	0
0	0
0	0
0	0
1	786
0	234
7	71
0	35
0	685
0	785
3	604
0	104
0	664
0	15
0	421
0	527
0	114
0	571
0	693
0	178
0	693
0	0
0	365
0	142
0	1
0	156
0	67
0	0
0	0
0	0
0	0
0	0
0	0
0	0
0	0
0	0
0	0
0	0
0	0
0	0
0	0
0	0
0	0
0	0
0	0
0	0
0	0
0	0
0	0
0	0
0	0
0	0
0	0
0	0
0	0
0	0
0	0
0	0
0	0
0	0
0	0
0	0
0	0
0	0
0	0
0	0
0	0
0	0
0	0
0	0
1	0
0	0
0	0
0	0
0	0
0	0
0	0
0	0
0	0
0	0
0	0
0	0
0	0
0	0
0	0
0	0
0	0
1356	81
0	81
29	4
0	4
0	0
1608	380
0	380
0	61
7	33
0	0
0	1354
5	1295
1	886
0	774
0	663
0	485
0	585
0	442
0	99
0	99
0	84
0	39
0	6
8	0
0	0
0	0
0	2
8	2
0	0
0	0
0	1
0	0
0	0
0	0
0	0
0	0
37	0
0	0
0	0
0	0
0	0
0	0
0	0
0	1
7	1
0	0
0	0
0	0
0	0
0	0
0	0
0	0
0	0
0	0
0	0
0	0
0	0
0	0
0	0
0	0
0	0
0	0
0	0
0	0
0	0
0	0
0	0
0	0
0	0
0	0
0	0
0	0
0	0
0	0
25	0
0	0
0	0
0	0
0	0
0	0
0	0
0	0
0	0
0	0
8	872
127	2672
0	86
8	2354
50	0
0	1464
0	115
7	981
0	16
0	0
0	229
0	0
0	0
647	2772
80	1965
312	2563
0	1094
0	1034
21	348
0	321
0	30
22	16
36	1
12	15
0	0
0	0
0	2007
2	1967
0	245
4	230
0	71
0	90
0	92
0	11
0	0
0	1
0	58
0	0
0	133
117	2485
0	195
0	118
0	2386
0	298
0	142
0	4
1	204
0	162
0	117
0	10
0	13
0	11
0	17
0	0
0	0
0	2
0	1
0	17
0	19
1	19
0	0
0	0
0	0
0	1
0	1
0	0
0	1
0	1
0	12
0	0
0	0
0	2
0	0
0	0
0	0
0	0
0	0
0	6
0	411
0	132
0	15
1	352
1	388
2	378
0	6
0	6
0	16
0	10
0	28
29	87
0	23
0	0
0	0
0	8
0	0
0	0
1	10
8	10
0	0
0	0
0	0
0	0
0	0
0	0
0	0
0	0
0	0
0	0
17	5
0	0
0	1
0	0
0	0
0	4
0	0
0	118
0	196
0	198
0	32
0	199
0	0
0	198
0	0
0	197
0	218
97	218
0	16
0	0
0	101
0	0
0	94
38	1156
707	1235
0	228
0	414
4	183
0	234
35	299
0	257
20	0
11	709
0	3
0	0
13	1035
7	1072
20	1030
0	0
0	0
0	0
249	1078
34	1078
0	0
8	226
0	1
0	223
0	222
4	212
72	220
0	223
0	223
0	195
0	244
1	303
0	189
0	6
0	182
265	450
1	105
0	0
0	0
78	198
4	173
7	32
124	2148
0	29
0	513
0	0
0	1289
0	1990
3	1340
0	57
14	1571
0	66
0	0
0	53
2	71
0	0
0	0
0	0
28	20
8	21
64	21
0	58
0	276
6	361
8	265
0	258
1	249
28	291
0	13
7	62
0	3
0	298
0	579
24	256
0	548
1	596
0	31
0	200
5	92
0	102
0	58
0	67
1	211
0	0
561	1302
0	51
0	434
0	1052
0	1173
0	1251
20	935
10	86
41	129
0	0
0	92
0	44
0	64
0	63
0	61
0	1
0	63
0	0
15	0
0	256
15	315
8	342
0	299
9	279
0	47
0	1
0	154
8	92
0	100
0	169
2	291
7	114
5	87
0	19
0	33
0	0
0	0
0	0
0	0
0	0
0	0
0	0
9	192
14	193
0	24
0	67
0	107
0	39
0	58
0	29
0	55
0	1
0	12
537	0
0	0
0	0
449	91
0	70
0	62
0	0
0	0
0	0
0	0
0	0
0	42
0	249
0	249
0	247
0	126
63	869
0	862
0	796
12	162
0	525
0	76
0	53
10	49
0	40
0	36
0	32
0	0
0	0
0	0
0	0
0	0
0	0
0	0
0	26
0	0
0	0
0	0
0	0
0	0
0	0
0	64
73	281
44	287
0	35
0	19
3	177
0	52
0	35
0	35
3	212
17	701
5697	814
14	170
0	168
0	163
0	60
3	192
7	140
10	180
96	62
0	13
30	2269
14	4056
0	145
0	1649
0	3065
0	4548
0	703
0	4195
0	400
0	3967
0	451
0	494
11	467
0	0
71	327
3	327
7	198
0	176
0	0
1262	151
0	22
7	75
0	87
0	10
0	10
0	0
0	4
6	6
0	4
0	1
0	0
0	0
0	0
0	0
0	0
0	0
2	315
0	877
3	1080
15	998
0	22
0	81
0	37
0	77
0	37
0	120
0	79
0	24
0	0
0	12
8	13
0	0
0	0
0	0
0	2
0	1
0	1
0	4
0	0
0	0
0	32
0	355
0	334
0	1081
0	1116
45	1111
0	1108
0	5
1	260
9	158
0	26
0	31
0	0
0	0
0	1
0	3
2	498
0	780
0	454
1	753
0	620
0	150
0	47
0	0
0	532
0	15
0	27
0	1
0	1
0	22
0	38
0	20
0	5
0	0
0	0
0	18
1	199
1	148
2	65
0	0
0	0
0	40
3	297
0	176
0	276
0	163
0	9
0	142
0	93
0	8
0	93
13	82
0	10
0	2
5	0
0	0
0	0
0	0
0	0
0	680
0	0
0	0
20162	1828
84	1148
0	0
0	0
0	0
0	0
0	0
0	0
0	0
0	0
0	0
0	0
0	0
0	0
0	0
0	0
0	0
0	0
0	0
76	2912
1	1265
8	1740
0	137
0	1467
0	21
0	105
0	22
0	5
0	173
4	30
0	37
0	200
0	103
0	0
0	0
0	0
0	502
1	578
0	93
0	15
0	28
0	240
0	136
0	123
0	45
0	64
0	44
7	85
0	41
0	57
0	50
4	106
10	155
56	72
266	228
0	26
0	30
0	19
2	153
0	9
0	17
0	15
0	2
3	112
0	138
0	135
0	182
0	100
0	89
0	98
0	115
0	78
0	74
0	42
0	5
0	63
2	63
1	49
0	35
0	0
0	63
0	21
0	11
0	16
2	63
0	7
0	24
0	11
512	2068
4	1505
4	1292
0	127
0	1326
0	60
0	7
0	40
10	107
0	635
1	264
8	103
0	0
0	14
0	133
0	1
0	68
0	365
36	1795
0	1517
0	0
0	314
0	127
0	136
0	251
0	1
0	3
0	2
4	262
0	99
0	289
0	80
0	0
0	194
0	194
6	317
0	259
99	220
0	228
0	219
0	15
12	59
2	34
313	940
0	70
2	523
0	23
0	46
13	98
0	845
1	96
5	151
0	28
0	0
0	60
0	51
0	0
22	48
181	323
0	3
6	41
0	3
0	3
10	280
0	0
0	0
45	289
1	205
6	90
0	273
0	1
0	0
0	38
0	0
235	536
0	365
0	124
3	102
0	2
0	21
0	2
0	0
0	5
1	154
0	0
0	0
534	503
0	25
0	12
0	47
0	419
0	35
0	20
0	49
0	29
0	5
0	9
0	0
0	0
4	187
0	40
0	0
0	21
12	341
0	0
0	29
0	0
0	25
0	17
12	283
0	31
0	0
0	163
0	19
0	21
0	0
0	0
0	5
0	630
36	1215
34	1032
0	992
25	1050
0	311
0	140
19	1108
0	1044
0	343
0	545
0	1131
3	424
0	361
0	358
0	0
0	0
0	0
0	0
0	0
0	0
0	0
0	520
0	561
0	520
0	380
0	421
17	247
0	0
0	71
0	0
0	0
0	0
0	0
0	0
725	229
1	229
3	224
0	226
31	156
0	0
0	0
0	138
6	187
0	53
369	339
0	288
0	259
0	261
0	140
0	156
6	3
10	3
0	22
0	66
8	620
207	946
6	411
0	51
0	40
14	182
0	15
0	109
0	63
0	35
0	0
46	2488
0	2182
19	483
38	1412
28	2100
46	2163
0	7
0	114
2	1807
0	34
0	138
0	90
0	868
0	25
0	97
0	35
0	0
0	0
0	0
0	956
0	1040
0	1005
0	1069
0	981
1	1053
0	1007
0	973
0	127
0	15
0	19
4	110
0	595
0	41
0	476
13	31
0	25
0	38
0	9
0	36
0	65
0	58
0	40
0	10
0	0
0	0
0	0
0	0
0	0
0	0
0	0
0	0
0	0
0	0
0	0
0	0
0	0
0	0
0	0
0	13
0	10
0	13
0	12
5	17
0	13
0	10
0	2
0	1
0	2
0	3
0	4
0	0
0	0
0	0
0	0
0	11
0	10
0	0
0	9
22	11
0	9
0	0
0	0
3	11
0	0
0	0
0	5
0	0
1	0
0	0
0	616
0	0
0	0
0	0
0	0
0	0
0	0
0	0
0	0
0	8
0	0
0	0
0	14
0	27
3	24
12	20
544	8758
33	57
0	122
1822	8429
200	1717
0	1634
0	253
6	251
4	74
1	39
0	29
0	26
0	23
0	1
0	235
0	2
10	5838
0	6048
0	497
80	1174
0	3395
0	3
168	2792
301	2611
0	18
140	525
7	583
0	73
6	3199
14	4345
0	26
1896	4339
0	0
0	0
0	542
0	543
0	544
0	544
0	423
0	15
137	580
0	187
0	541
8	30
5	52
0	440
214	440
112	747
36	747
12	186
0	292
0	0
0	0
0	0
0	0
0	0
0	0
0	0
0	0
0	0
0	0
0	0
0	0
0	0
0	0
0	0
0	0
0	0
0	0
0	0
0	259
15	253
166	1773
0	99
0	1824
0	26
0	141
0	119
0	0
0	29
0	0
0	0
0	0
0	0
0	0
0	0
0	0
0	0
0	0
1377	7849
0	770
106	266
69	3604
0	465
0	267
211	6956
0	221
0	159
0	604
79	3063
0	0
0	0
0	0
0	122
142	91
0	14
0	14
15	66
448	1782
73	1492
76	812
0	1
34	172
0	65
14	1103
0	0
0	2437
19	752
1	2191
1	2021
11	54
8	206
0	195
0	42
20	130
0	1743
3	45
0	71
0	102
0	44
0	33
0	46
0	60
0	18
0	69
0	72
0	17
0	15
0	49
0	553
0	57
0	136
12	22
0	136
0	21
5	115
0	34
0	36
0	11
43	1
0	0
268	51940
71	9868
3621	44105
20	21389
0	12171
1415	36144
4094	12369
1883	24146
0	14704
47	0
1797	26552
77	22747
0	72
291	26962
3	2394
4425	902
0	602
27	591
0	293
0	1764
0	929
0	678
41	665
0	984
189	1246
0	188
0	0
27	617
1	375
0	131
4	206
0	18
0	0
0	0
0	0
0	0
0	0
0	0
0	0
0	0
0	0
0	0
0	0
0	0
577	1032
6	164
9	637
28	683
0	3
0	322
0	23
0	0
0	0
0	26
0	2
0	2
0	2
0	0
0	0
0	0
0	0
0	0
0	0
0	0
0	0
0	0
0	0
0	0
0	0
0	0
0	0
0	0
0	0
0	0
0	0
0	0
0	0
0	0
0	13
0	13
0	0
0	8
0	2
0	15
0	1
0	0
0	0
0	3
0	0
0	0
0	0
0	86
0	74
3	56
1	67
0	23
0	2
14	30
0	24
0	3
0	9
0	1
0	0
0	0
0	0
0	0
0	0
0	0
0	0
0	0
0	1
0	0
0	0
0	0
0	0
0	0
0	0
36	4171
12	3949
3	2320
0	0
0	1248
0	591
0	529
0	520
0	409
0	260
0	40
0	0
0	0
0	0
70	1743
3	1073
12	1496
0	1035
0	0
0	680
0	3
0	252
0	0
0	0
0	0
0	0
0	0
0	0
0	0
0	0
0	0
0	0
0	0
0	0
77	5
13	5
0	0
0	0
0	0
0	0
0	0
0	0
0	0
0	0
0	0
0	0
0	0
0	0
0	0
74	1885
2	296
1	302
0	60
0	60
0	36
126	259
0	146
0	1
0	805
0	143
0	110
0	0
10	1666
0	181
0	117
0	161
1	187
0	144
0	12
0	704
0	0
0	1419
0	24
0	0
0	241
119	1424
0	240
2	333
0	173
0	0
0	0
0	0
0	0
0	0
0	0
0	0
0	0
0	0
0	0
0	0
0	83
0	74
0	0
0	0
0	0
0	0
0	0
0	0
0	0
0	0
0	0
0	0
0	0
0	0
0	0
0	0
0	0
0	0
0	0
0	0
0	0
0	0
0	0
0	0
0	0
0	0
0	0
0	0
0	0
3	24
0	0
0	0
0	0
0	0
0	0
0	75
0	0
0	44
0	6
74	599
25	378
8	246
0	437
0	53
0	256
11	266
0	43
4	108
0	54
0	43
0	140
1	129
10	17
0	34
2	30
0	58
0	0
0	0
0	0
0	0
0	0
0	0
0	0
0	0
0	0
0	0
0	0
0	0
0	0
0	0
0	0
0	0
0	0
0	0
0	0
0	0
0	0
0	0
0	0
0	0
16	13
0	4
0	0
0	581
0	1137
30	1512
1	2171
1	909
91	1040
30	2165
0	783
0	349
0	0
0	12
133	352
19	319
0	23
0	5
0	178
0	14
27	3
0	3
0	0
0	0
0	0
0	0
22	1009
5	926
11	654
0	19
0	326
0	35
0	19
0	2
0	4
0	0
0	0
0	0
0	0
0	0
0	0
0	0
0	0
0	0
0	0
0	0
2014	508
40	466
0	252
0	0
0	0
0	10
11	1655
4	1597
0	556
0	19
0	21
0	32
0	22
0	162
0	0
0	35
0	0
0	0
0	0
0	0
351	1838
126	1788
0	1438
0	580
0	304
0	196
0	222
0	0
4	183
2	130
44	674
0	109
0	95
0	19
0	36
30	662
3	674
0	50
0	112
0	0
0	35
1	506
0	652
0	131
0	161
16	644
0	199
0	103
0	120
0	55
0	0
0	0
0	0
0	0
0	133
3	25
0	1
5	23
0	0
0	13
0	9
8	16
2	15
0	4
0	16
0	11
11	5
0	0
0	0
0	0
0	0
0	9
0	9
0	0
0	1
0	0
0	0
2	244
1	58
24	113
16	225
0	48
4	200
6	53
0	87
0	59
0	56
35	234
0	0
0	0
0	0
0	0
0	0
0	0
0	0
0	0
0	0
0	0
0	0
0	0
0	0
0	0
0	0
0	0
0	0
0	0
0	2
0	0
0	0
0	0
4	38
0	35
0	26
0	1
0	0
0	0
0	0
0	0
0	0
0	0
0	0
0	0
0	0
13	675
0	703
0	359
1	130
0	376
0	329
0	316
1	246
0	1
0	26
0	31
0	0
150	0
11	47
4	28
930	44
0	18
0	26
0	17
0	11
0	0
0	0
0	44
0	76
0	1221
108	1190
26	964
2	43
0	24
0	387
0	253
0	312
0	28
0	70
0	67
0	27
0	110
0	75
0	17
9	390
0	126
0	0
0	0
0	0
0	0
0	1
0	1
0	0
0	0
0	0
0	98
0	2063
0	2063
9	1969
0	212
0	55
0	30
0	30
0	50
3	100
25	413
0	5
0	0
560	470
45	255
0	2
0	0
0	40
20	157
26	169
0	0
0	0
0	0
0	0
0	0
0	0
0	41
0	186
0	190
0	309
0	305
0	0
4	76
0	0
0	0
0	0
0	0
0	0
0	0
0	0
0	0
0	0
0	0
0	0
0	0
0	0
0	0
0	0
0	0
0	0
0	0
0	0
0	0
0	0
0	0
0	0
0	0
0	0
0	0
0	0
0	0
0	0
0	0
0	0
0	0
0	0
0	0
0	0
0	0
0	0
0	0
0	0
0	0
0	0
0	308
5	208
0	313
8	88
0	216
0	0
0	6
0	5
0	5
0	1
0	4
0	10
0	3
0	5
0	0
0	0
0	0
0	0
0	0
0	0
0	0
0	0
0	0
26	233
6	227
0	220
58	194
210	83
0	77
0	3
0	39
0	2
0	7
0	0
0	9
2468	342
2	247
0	162
0	10
0	0
0	0
0	0
0	0
19	0
0	0
0	0
0	0
0	0
0	0
0	0
5	82
110	0
206	991
0	991
0	0
0	34
0	71
0	149
3257	358
0	97
9	302
0	239
0	19
0	0
0	0
0	0
130	0
0	0
0	0
26	5
0	5
17	597
13	502
2	304
0	452
0	312
0	0
0	79
0	70
0	42
0	0
0	52
8	35
0	42
0	0
0	0
0	0
0	0
0	0
37	230
0	187
0	18
0	82
0	12
0	56
0	3
0	18
0	18
0	0
0	2297
0	2300
0	2234
0	2255
0	2229
42	1738
3	549
0	0
6	97
0	131
0	745
0	59
0	28
1	0
49	3938
94	3943
7	2104
4	795
23	711
6	610
0	330
0	537
5	424
1	370
0	319
0	6
0	32
0	0
9	1
44	257
0	615
4	621
0	496
0	489
0	65
0	325
0	32
134	52
0	33
0	40
0	32
0	32
19	28
0	26
50	2
0	0
0	0
0	0
0	0
0	0
0	0
0	0
2	1
0	0
0	0
0	0
0	0
0	0
0	0
0	0
0	0
0	0
0	0
0	0
0	0
0	0
0	0
0	0
0	0
7	2
0	2
0	0
0	0
0	0
0	0
0	0
0	0
0	0
50	0
1	524
996	524
0	0
0	0
0	0
0	0
1	1914
29	1929
5	774
25	884
8	470
0	448
0	308
0	138
0	52
0	16
0	4
0	0
0	0
17	30
15	34
0	0
4	380
29	496
0	5
0	63
0	109
0	333
0	45
5	48
9	121
13	156
0	1
5	103
0	1
0	0
0	871
53	1001
0	310
0	27
0	95
6	712
31	741
62	865
0	118
0	124
0	35
0	0
0	0
3	868
0	81
0	0
3	2
0	2
0	1
0	1
0	1
0	1
0	1
0	0
0	1
0	1
0	0
0	0
0	0
0	0
0	0
0	0
0	0
0	0
0	0
0	0
0	0
0	0
0	281
0	263
0	276
0	281
11	285
0	252
0	8
0	4
0	0
0	0
84	169
0	24
0	0
0	18
0	0
0	0
28	456
106	457
0	6
0	0
0	79
4	404
19	392
0	270
24	38
47	270
0	0
0	0
310	109
0	0
0	0
0	0
0	54
0	0
0	3
76	84
0	8
0	0
0	0
0	0
4	261
1	355
6	370
0	62
0	13
0	0
0	164
0	161
0	64
0	21
92	34
0	19
0	0
0	221
0	0
0	0
0	0
60	14
0	47
13	41
0	0
0	0
4	1234
65	1281
0	19
2	460
0	218
0	1238
0	1199
0	62
0	0
0	1
0	166
0	3
0	30
0	110
0	132
0	470
0	406
0	1167
0	116
0	373
0	360
0	133
0	58
0	160
0	73
0	238
0	1
0	1
0	0
0	0
0	0
90	501
104	1173
58	489
130	260
0	0
0	0
0	0
0	0
0	0
0	0
0	0
0	0
0	0
0	0
0	1711
0	1942
0	910
0	870
0	1444
0	1018
1282	2020
0	2143
0	1365
0	1811
0	1712
0	1712
0	560
0	0
0	1438
0	1438
0	252
0	294
0	855
81	811
0	185
0	356
0	35
0	599
4	214
0	0
0	0
0	0
0	0
0	0
0	0
0	0
0	0
0	0
0	0
0	0
0	0
0	0
0	0
0	0
0	0
0	0
0	0
0	0
0	0
0	0
0	0
0	0
0	0
0	0
0	0
0	0
0	0
0	0
0	0
0	0
0	0
0	0
0	0
0	0
0	0
0	0
0	0
0	0
0	0
0	0
0	0
0	0
0	0
0	0
0	0
0	0
0	0
0	0
0	0
0	0
12	1
1388	1659
58	243
0	127
9	469
139	1281
0	259
0	133
0	25
0	181
0	124
30	232
0	140
0	98
0	102
5	109
0	84
14	4
0	0
0	0
0	0
0	0
0	0
0	0
0	0
0	0
11	0
0	291
0	97
323	330
0	320
0	14
0	0
0	0
0	0
0	40
20	1044
0	41
0	1007
6	961
0	936
0	51
24	87
0	15
0	73
0	577
0	187
1	2
125	2348
32	1499
0	189
16	1893
0	540
0	1816
13	444
0	181
0	42
0	1
0	204
0	352
30	608
0	67
0	97
0	224
0	330
1	264
4	134
0	110
0	244
0	0
0	106
0	110
0	100
0	67
0	0
0	0
0	0
252	1642
0	283
0	745
6	1354
0	306
0	0
0	0
3312	2854
114	295
47	430
110	808
67	578
0	259
22	278
39	529
13	129
26	265
0	0
0	0
0	0
0	0
0	0
0	0
0	0
0	0
0	0
0	48
0	67
532	92
0	22
11	64
0	22
0	43
0	0
0	0
0	31
0	54
0	0
0	0
0	16
0	55
0	0
0	0
53	0
0	0
0	0
1	1
0	0
0	0
0	1
0	0
0	0
0	0
0	3
0	15
16	14
0	2
0	1
0	6
219	865
61	369
116	411
271	691
21	302
0	82
0	35
45	90
0	81
0	0
0	0
254	1619
0	1619
0	649
0	1281
12	611
7	944
0	5
0	275
0	187
0	437
0	283
0	132
0	282
0	4
0	2
76	29538
0	0
0	0
0	0
0	0
0	0
0	0
0	0
487	3470
0	3173
0	3162
0	2088
0	2649
6	3171
0	13
0	1333
0	1178
0	1150
0	1606
0	754
0	1040
0	1364
0	886
0	644
0	955
0	957
0	975
0	491
0	949
0	426
0	996
0	620
0	877
0	500
0	502
0	497
0	423
0	0
0	153
0	150
0	44
0	2
0	0
0	0
0	0
0	0
0	0
0	1
0	0
0	3159
3	3083
29	1356
24	353
29	397
65	44
73	441
4	368
0	46
0	100
0	81
0	88
0	41
0	60
0	112
0	77
0	75
0	0
0	0
0	0
0	3
0	0
0	0
2332	949
0	900
12	900
38	896
0	177
0	254
0	140
0	31
66	8
0	36
0	0
0	0
0	0
0	0
0	0
0	0
0	0
0	0
0	0
0	0
0	0
0	0
0	0
0	0
0	0
0	0
0	0
0	0
0	0
0	0
0	0
0	0
0	0
0	4
0	0
0	3627
1	3652
0	3627
37	586
1	56
0	3119
0	3119
0	3032
0	46
7	329
0	57
0	89
0	0
0	0
0	0
0	0
0	0
0	0
0	0
0	0
0	0
0	0
0	0
0	0
0	0
0	0
0	0
0	0
0	0
0	0
0	0
0	0
0	0
0	0
0	0
0	0
0	9
0	9
0	0
0	6
0	0
0	5
0	1
0	0
0	0
0	0
0	0
0	0
0	0
0	0
2	0
0	0
0	0
0	0
0	0
0	0
0	7
0	5
0	20
0	0
0	0
0	3
0	0
0	3
0	16
0	14
0	3
0	16
0	7
0	3
0	3
0	16
0	4
0	5
0	10
9	5
0	9
4	20
0	3
0	9
0	5
0	7
0	0
0	17
0	0
0	0
0	0
0	1
0	0
0	0
0	0
0	0
0	1
0	0
529	518
44	491
1	223
0	28
0	0
261	782
0	741
0	679
2	673
18	810
273	677
1	827
2991	489
0	112
0	326
0	268
0	335
0	47
0	0
210	118
11	40
5	58
0	29
0	105
0	6
0	2
0	24
0	0
0	0
0	0
0	0
0	0
0	0
0	0
0	0
0	0
0	0
0	549
0	4
0	12
2	321
0	58
1	345
0	32
0	38
4	573
0	40
0	5
0	580
0	262
0	291
2	290
0	252
0	0
6	76
0	88
0	76
0	155
0	0
0	0
0	0
0	0
0	1
0	1
0	1
0	0
0	12
0	0
0	0
0	0
0	0
0	0
775	534
7	45
0	86
21	127
10	95
0	2
0	12
4	14
0	130
0	7
0	22
0	126
0	17
0	16
0	0
0	4
0	0
0	0
19	173
0	232
0	196
0	31
0	2
0	25
0	85
0	82
0	0
0	64
0	4
0	12
0	2
0	0
315	1105
17	498
97	910
0	185
0	292
0	436
1	1748
0	26
5872	5012
0	3730
0	2312
0	846
0	103
2	1521
0	93
0	247
0	240
0	0
0	57
0	649
0	0
5	11249
0	11331
0	99
0	128
0	171
0	89
0	11271
24858	25249
0	2343
77	11956
402	1064
0	301
4	280
0	974
0	409
0	394
0	278
0	37
0	24
0	18
0	223
0	0
0	1
0	86
0	99
0	69
0	72
0	13
0	166
0	223
0	395
0	45
0	49
0	64
33	307
0	514
0	46
0	40
0	37
0	34
0	21
0	35
0	1
0	0
121	1099
14	410
142	613
5	582
48	586
0	437
0	1
0	465
0	0
0	91
0	113
205	397
2	68
0	175
0	310
0	1
0	49
0	128
0	80
0	7
0	58
0	0
0	0
0	0
993	261
55	272
0	1
0	10
0	0
0	0
1	1497
0	0
0	0
0	0
9	804
97	633
0	635
36	261
54	186
0	76
0	46
0	35
0	0
0	9
0	0
0	0
6	110
0	110
0	0
0	854
3	585
0	839
0	6
35	1
55	160
0	2
44	28
16	8
1	1165
5	1251
0	143
0	142
0	0
0	1
0	9
0	20
0	9
0	8
0	1
0	17
3	19
0	18
0	3
0	0
0	0
4	1897
11	1608
8	1711
0	1435
3	1362
0	354
0	326
0	182
0	168
0	49
0	6
0	0
0	40
0	0
50	256
24	256
1	158
0	53
0	80
0	0
0	45
0	0
0	0
0	0
0	0
0	0
0	0
0	0
0	0
0	0
0	0
25	0
0	0
0	0
1517	4
0	4
0	0
2942	3158
50	2692
14	482
16	1789
0	47
0	380
0	0
0	0
0	0
0	1
144	464
0	420
26	94
0	39
0	0
0	0
0	0
0	0
0	0
0	0
0	0
0	0
0	0
0	0
0	0
0	0
0	0
0	0
0	0
393	599
0	497
0	606
4	526
0	180
0	581
0	543
0	47
0	153
0	4
0	4
0	50
0	93
0	38
0	33
0	22
0	0
0	0
0	0
0	524
708	786
0	427
0	457
0	710
0	2
0	654
0	661
0	536
0	240
34	0
0	4
0	0
0	0
12	1610
0	1662
4	1421
0	1202
0	982
0	1059
0	1092
0	0
0	321
0	14
0	270
0	46
0	217
0	49
0	212
0	40
23	160
61	292
0	9
0	303
0	0
0	471
0	448
0	272
0	292
0	285
0	96
0	2
0	33
0	19
0	0
415	2130
18	2073
7	2027
0	79
1	0
0	1114
0	42
0	726
0	0
0	0
0	170
0	0
0	969
916	4236
2496	9981
247	4976
149	4779
199	6721
423	4991
0	0
0	5
0	0
0	0
0	0
0	0
0	0
0	0
0	0
0	0
0	0
0	0
0	0
0	0
0	0
0	0
0	0
0	0
0	0
0	0
0	0
34	919
0	16
0	283
0	450
0	922
0	528
0	104
0	49
0	0
0	44
0	869
0	64
0	33
0	0
0	0
82	572
0	411
62	448
0	137
0	109
0	11
0	0
0	0
0	11
1022	2566
9	566
81	2000
0	0
0	0
20	81
0	108
0	104
0	54
11	113
8	146
1	125
12	107
0	26
0	0
492	66197
76	53700
1556	7885
1346	63284
7575	53082
12	13921
18	779
11	20587
22	4533
0	30565
1283	20122
403	23413
4156	19992
0	20032
1	4193
0	3531
0	1123
0	0
0	0
0	0
0	0
0	422
31	654
0	632
1	700
0	47
0	351
0	25
0	68
0	89
0	46
0	85
0	15
0	23
0	0
0	17
0	17
0	17
0	0
0	0
0	0
0	0
0	0
0	0
0	0
0	0
0	0
0	0
0	0
0	0
0	0
0	0
0	0
0	0
0	0
0	0
0	0
0	101
941	834
0	124
0	0
0	124
0	573
0	240
10	627
0	48
0	418
0	74
0	113
0	34
0	194
0	385
0	0
130	765
16	576
34	739
1	305
0	123
0	89
0	3
0	0
0	0
0	5
2	8
0	0
0	2
0	2
0	0
0	2
0	0
0	0
0	5
0	6
0	0
0	1
0	3
0	3
0	0
13	4
0	0
152	2
0	2
0	2
0	0
10	0
114	403
0	165
0	326
0	0
3	355
0	41
2	297
0	83
0	238
0	0
0	13
0	0
0	0
0	0
0	0
0	0
0	0
0	0
0	0
0	0
0	0
0	0
375	1145
9	104
0	139
111	691
0	0
0	24
5	142
37	1
11	152
0	388
0	370
21	277
0	0
0	433
0	450
0	433
0	266
0	22
0	7
0	10
0	1
0	1110
0	999
2	709
0	442
0	463
0	270
0	284
0	442
0	408
0	184
0	159
0	221
0	179
0	155
0	307
0	231
0	236
0	181
0	0
0	10
0	10
0	61
24	0
0	0
0	0
0	0
0	0
0	0
0	0
833	145
0	8
0	47
0	98
0	0
0	0
0	0
0	0
0	0
0	0
0	0
0	0
0	0
0	0
0	0
0	0
251	5332
107	4066
0	1353
80	3381
64	2395
160	2488
0	8
0	1133
0	1268
13	413
0	1
0	0
0	0
0	0
0	0
0	0
0	0
0	0
0	0
0	0
0	0
0	0
0	0
0	0
0	0
0	0
0	0
0	0
0	0
0	0
0	0
0	0
0	0
0	0
0	0
0	0
0	0
0	0
0	31
0	31
0	3
0	0
0	0
0	0
0	0
0	0
0	0
0	0
0	0
0	0
0	0
0	0
0	0
0	0
0	0
0	0
0	0
0	0
0	4
0	4
0	0
0	0
37	1269
0	812
0	1080
0	1245
0	831
0	424
16	1077
0	96
5	745
0	228
0	285
0	193
1	152
0	0
0	0
11084	4269
2704	1945
19	2712
0	0
42	2793
0	0
0	0
0	0
0	0
0	0
0	0
0	0
0	0
0	0
0	0
0	0
0	0
0	0
0	0
0	0
0	0
0	0
0	0
0	0
0	0
0	0
0	0
0	0
0	0
0	0
0	0
58	1697
2	1577
0	1552
0	1309
0	1293
20	461
0	1224
0	1249
0	893
0	914
0	1033
0	1016
0	92
0	786
0	984
0	968
0	463
0	847
0	862
0	910
0	155
0	48
0	37
0	65
0	0
0	4
0	0
0	0
0	0
0	0
0	0
0	0
0	0
0	0
0	0
16	148
0	141
0	135
0	3
0	10
7	144
0	32
0	10
0	6
0	15
0	3
0	0
0	0
0	8
0	0
0	0
0	0
0	0
0	1
0	1
0	1
0	0
0	0
0	0
0	0
0	0
0	0
0	7
0	0
0	0
0	12
0	12
0	4
0	9
0	7
0	10
0	1
0	0
0	0
0	3
0	0
0	0
0	4
0	0
0	6
0	3
0	0
0	0
0	1
0	3
0	1
0	1
0	0
0	0
0	0
0	1
0	0
22	10
0	6
0	0
0	0
0	0
0	0
0	0
0	0
0	0
0	0
0	0
0	0
0	0
0	0
0	0
0	0
0	0
0	0
0	0
741	2978
19	6078
0	0
0	0
0	0
0	0
0	0
0	0
0	0
0	0
0	0
0	0
306	796
2	444
4	174
0	736
0	717
0	27
0	45
0	0
0	443
0	24
7	349
0	18
0	3
0	0
0	11
0	15
0	181
0	181
0	16
0	23
0	7
0	0
0	0
0	0
0	0
0	0
10	74
0	0
0	2
29	74
0	21
0	0
0	0
0	0
0	0
0	0
0	0
0	0
0	0
0	0
0	0
0	0
0	0
0	0
0	0
0	0
220	27742
3	58723
11	58555
95	56047
43	58553
0	70520
2	36121
434	23351
0	56178
14	39753
15	38653
144	34890
101	1311
115	33685
5	405
41	346
6	13384
0	7926
0	5991
0	11501
0	10915
8	9708
42	9175
34	2333
0	71
0	77
11	713
0	632
0	696
85	700
0	712
0	215
0	615
0	564
0	613
4	722
41	170
0	706
0	207
0	187
0	455
0	24
0	3
0	0
0	96
0	66
5	48
0	7
0	42
79	33
0	39
3	39
0	17
0	19
0	7
0	336
63	1727
1	69
8	56
33	1510
12	1488
0	4
0	910
0	702
8	1679
1	149
0	1136
0	1140
0	103
0	220
0	275
0	85
0	5
0	2
0	0
0	0
0	0
0	2
21	6
0	0
0	0
440	1196
23	15
0	9
0	0
0	26
20	3
0	30
34	58
0	100
166	1057
0	0
0	66
0	0
0	0
0	0
0	0
0	0
0	0
0	0
0	0
0	0
0	0
0	0
0	0
0	244
0	196
0	284
0	46
0	45
0	32
0	25
0	27
0	183
0	160
0	57
0	22
0	35
0	0
3	21
0	3
0	31
0	17
0	915
32	1250
44	1092
1	1263
37	933
0	400
1	315
6	84
0	35
0	196
6	12
0	78
0	13
0	4
57	17
0	6
0	0
0	246
0	246
0	119
0	139
0	0
8	223
0	8
0	0
0	2
0	33
0	9
0	0
0	0
0	0
0	0
0	0
0	0
0	0
0	0
0	0
6	896
0	774
10	346
32	546
0	5
0	589
0	463
0	224
0	36
0	131
11	0
0	0
0	33
0	21
0	30
0	0
0	0
0	12
0	0
0	19
0	0
0	0
0	2
0	0
0	9
0	3
0	5
3	23
0	0
0	19
0	0
0	0
0	0
0	0
0	0
0	0
0	0
0	0
0	0
0	0
0	0
0	0
0	0
0	0
0	0
0	0
0	0
0	0
0	0
0	0
0	0
0	0
0	0
0	0
0	0
0	0
0	0
0	0
0	0
0	0
0	0
21	65
0	68
0	65
0	70
0	46
0	64
1	26
0	2
0	5
0	5
0	4
0	6
0	1
3	594
0	431
0	995
0	885
0	852
11	740
3	599
1	562
0	334
4	1002
0	961
0	368
0	481
0	864
86	299
0	34
0	135
0	586
4	203
0	504
0	6
0	25
0	0
0	0
0	0
0	0
0	0
0	0
0	0
0	0
0	0
0	0
0	0
0	0
0	0
0	0
0	0
0	0
0	0
0	0
0	0
0	0
0	0
0	0
0	0
0	0
0	0
0	15
0	15
0	15
0	15
0	15
2	16
0	15
0	15
0	13
0	12
0	12
0	1
0	0
0	1
0	0
0	0
0	0
0	1
0	0
0	0
0	0
0	0
0	0
0	0
0	0
0	0
0	0
0	0
0	0
0	0
0	0
0	0
0	0
0	0
0	0
0	0
0	0
0	22
0	22
0	5
0	15
0	10
0	5
0	0
0	0
0	0
0	1
0	5
34	7
0	7
16	0
0	0
0	0
10	5333
70	5259
318	4870
28	0
4	176
0	505
11	1757
2	1719
17	1810
55	1720
15	1757
0	597
0	450
0	39
56	179
0	4
47	158
0	15
35	23
0	0
0	0
0	0
18	1008
15	993
0	174
0	65
0	30
0	37
37	10
0	6
0	1562
0	1342
0	200
16	1492
2	1449
0	487
0	465
0	120
23	237
0	408
0	486
0	235
0	229
0	532
2	1109
0	17
4	916
0	430
1	554
4	282
0	25
0	44
11	159
50	20
64	226
0	4
0	0
243	917
0	632
0	830
58	843
0	152
0	198
0	184
0	0
0	310
0	207
0	135
0	110
0	64
0	53
0	16
0	2
0	7
0	0
0	10
0	11
0	12
0	10
0	10
0	8
2	12
0	4
0	10
0	4
22	0
111	6243
77	5774
0	114
0	826
5	860
4	5969
0	298
0	607
5	3753
14	2331
1	1913
0	386
6	802
0	624
0	0
0	0
0	0
0	0
0	0
0	0
0	0
0	0
0	0
0	0
0	0
0	0
0	0
0	0
0	212
0	216
0	223
0	211
0	227
0	54
0	36
1	112
0	128
0	114
0	80
0	104
0	73
0	52
0	83
8	117
0	104
0	28
0	28
0	28
0	9
0	6
0	0
3	3874
1	3210
0	2264
11	1785
0	1365
0	896
0	682
1	956
0	677
0	683
2	312
0	9
0	490
2	3268
3	1026
0	147
5	132
2	296
0	107
1	408
0	566
0	267
0	65
0	953
0	874
9	871
0	269
0	2
0	199
0	484
37	393
0	184
0	253
0	467
45	426
0	36
0	2827
0	124
23	357
16	2281
0	2783
0	0
63	2696
18	822
0	323
0	702
0	444
0	397
0	105
14	298
0	20
0	30
0	31
4	115
0	80
143	3217
20	226
207	1390
47	1176
335	2367
304	2414
139	0
0	196
2	781
0	51
0	33
0	725
0	62
0	57
2	278
0	23
0	30
0	30
0	753
0	4
0	2
0	13
0	74
0	170
0	112
0	0
0	0
0	0
165	294
11	88
8	123
5	68
0	0
25	179
0	24
0	151
0	221
0	15
0	0
0	0
0	0
0	0
0	11
0	18
3	3443
33	3454
0	0
45	3364
65	1797
0	0
0	0
0	0
0	0
0	0
0	0
2	1
0	0
0	0
0	0
0	0
0	0
0	5
0	5
1	228
0	58
0	70
32	152
0	125
0	94
0	26
0	69
0	7
0	6
0	13
8	71
438	258
0	23
0	1
0	22
0	67
0	56
0	144
0	42
1	79
0	97
0	187
0	103
0	36
0	0
0	2
6	64
0	5
0	4
0	3
0	3
21	40
0	3
0	3
0	1
0	0
0	5
0	27
0	27
0	0
0	1
0	1
0	1
0	0
0	1
0	4
0	20
0	20
2	14
0	0
0	0
0	1
0	33
0	46
2	327
0	324
0	282
0	343
6	49
0	88
2	77
1	29
0	6
0	88
0	47
10	86
0	9
0	203
0	31
0	37
0	22
0	29
0	31
0	23
0	119
0	5
0	42
0	43
0	31
0	8
0	25
0	95
9	47
5	33
0	14
0	69
14	29
0	67
0	32
0	39
0	52
0	29
0	44
0	2
6	41
49	9
144	2518
41	2497
1	2411
0	146
0	18
0	74
0	237
0	178
0	161
17	158
0	140
0	102
0	85
0	31
0	2
0	0
0	0
0	0
54	1105
29	1105
0	100
0	2
0	16
0	26
0	0
0	0
0	523
0	467
0	468
28	396
0	0
0	1879
158	1881
0	1874
15	1836
0	224
3	581
0	682
0	344
0	178
0	19
0	9
0	0
0	1
1	1372
0	1427
0	0
0	258
0	0
69	91
3	73
0	0
0	0
0	0
0	0
0	0
0	0
0	0
0	0
0	0
0	0
0	0
0	0
0	0
0	0
0	0
0	0
39	947
7	861
0	56
0	402
0	0
17	667
0	16
0	71
0	0
146	819
7	141
0	365
51	678
52	30
44	170
24	301
0	186
0	8
0	3
0	3
0	0
0	25
0	8
0	0
0	0
0	0
0	0
0	0
0	0
0	0
0	0
0	0
0	0
0	0
0	0
0	0
0	0
0	0
0	0
0	0
0	0
39	2781
79	2270
0	335
1	1959
0	197
0	72
4	1658
11	1287
2	1339
296	1780
0	1251
5	2019
3	1804
0	376
0	1
0	1115
0	1128
169	1612
0	294
0	84
0	0
19	54
0	48
0	6
0	1
0	0
1	565
2	478
0	561
0	27
0	36
0	439
0	0
0	7
0	31
0	16
0	25
0	5
0	300
9	333
0	323
0	24
0	42
0	58
0	28
0	23
0	19
0	52
0	34
0	0
0	0
0	0
10	922
96	921
75	808
0	110
17	16
0	157
0	0
0	0
0	41
0	169
0	237
0	196
0	61
16	229
17	132
0	28
0	109
0	20
0	74
0	139
0	29
0	58
0	45
3	113
0	31
0	30
61	2934
4	2378
242	2655
1	2450
112	2691
0	2309
6	2130
4	261
0	256
0	1
0	0
0	0
0	0
49	4036
0	4036
76	388
0	1149
0	79
0	665
0	74
0	6
0	0
0	0
0	0
0	0
0	0
0	0
0	48
0	1750
117	1752
0	101
0	25
0	1
0	13
0	135
6	148
0	343
53	115
52	1166
0	551
0	0
0	0
0	0
0	0
0	0
0	0
0	0
0	0
0	0
0	0
0	0
0	0
0	0
0	0
0	0
0	0
0	0
0	0
0	0
0	0
0	0
0	0
0	0
0	0
0	0
0	0
0	0
0	0
0	0
0	0
0	0
0	0
0	0
0	0
0	0
0	0
0	0
0	0
14	1398
0	1357
6	783
0	39
0	4
0	4
0	12
7	208
0	52
3	174
0	0
0	20
0	0
0	0
0	0
0	0
0	1
0	1
0	0
0	0
0	0
0	0
0	0
0	1
0	0
0	1
0	0
1	2053
0	473
65	1078
0	1484
21	44
0	331
3	282
75	257
0	0
0	17
26	387
0	171
4	1273
0	449
0	331
8	0
0	0
0	44
1	1156
80	1901
0	0
7	303
0	25
0	0
1	939
0	0
0	0
0	0
0	0
0	0
0	0
0	0
0	0
0	0
0	0
0	0
0	0
0	0
0	0
0	0
1	240
0	0
0	100
0	20
0	103
0	241
1	241
0	39
0	109
17	37
0	46
0	146
0	6
6	218
0	137
0	137
21	70
35	809
75	826
0	477
0	628
0	305
3	370
6	39
0	174
0	8
0	0
0	1
0	7
0	0
0	0
0	0
0	0
0	0
0	0
0	0
0	0
0	27
0	66
958	1016
0	212
22	373
0	863
0	0
1	82
0	129
0	16
0	0
0	2
0	2
0	1
0	2
10	2
0	2
0	0
29	1445
25	2351
2	2186
0	23
5	1561
46	1269
117	956
0	476
1	1849
0	16
3	1349
39	1550
1	1558
210	2009
0	589
3	1881
0	12
0	2006
0	88
0	615
0	168
9	54
0	18
11	23
10	17
9	21
0	0
0	0
0	0
0	0
0	0
0	0
0	0
0	0
0	0
0	0
0	0
0	0
0	0
0	0
0	0
0	0
0	0
0	0
0	0
0	0
0	0
0	0
0	0
0	0
0	0
7	10
0	0
0	3
0	7
0	10
0	7587
0	1
25	8659
1	7627
0	1119
0	1714
1	3256
0	716
0	2275
0	1065
125	937
5	6289
1	2311
65	4466
0	1246
0	2416
7	3320
0	3158
0	87
0	1265
0	1712
0	568
0	1338
1	1
0	0
0	0
14	5002
52	1675
372	3211
37	3787
0	1720
42	3527
0	1989
7	97
0	1104
42	1458
0	1242
0	1120
0	349
0	1599
0	1026
0	657
0	41
0	6
0	34
0	35
0	16
0	0
12	38
0	0
0	1
0	5
0	0
27	2
0	0
0	0
0	0
0	0
0	0
0	0
0	0
0	0
0	0
0	0
0	0
0	0
549	2637
183	602
0	591
0	2626
10	1954
0	0
4	29
0	29
0	0
0	0
0	0
0	0
0	0
0	0
0	0
0	1
219	833
20	805
86	174
0	0
0	616
0	562
0	261
0	0
0	76
239	76
26	56
47	0
0	5
0	6
0	1
0	0
402	385
64	385
0	0
0	0
0	0
0	0
0	1312
23	1470
4	642
0	1025
0	30
5	256
0	1298
0	1431
0	36
0	18
2	1300
14	1431
0	400
0	239
0	308
0	144
0	316
0	12
0	516
0	766
0	1433
0	385
0	18
58	807
0	0
3	363
0	1320
0	282
0	361
0	1330
0	272
0	1342
1	1171
0	855
0	396
0	0
0	3
0	1
0	313
0	0
0	0
0	0
0	0
0	0
0	0
0	0
0	0
0	0
0	0
0	0
0	0
0	0
0	0
0	0
0	0
0	0
0	0
0	0
0	0
0	0
0	0
0	4
3	18
0	14
0	15
0	0
0	0
0	0
0	0
0	0
0	0
0	0
0	0
0	0
0	1
0	0
0	0
0	0
3	669
0	669
0	143
0	81
0	107
0	10
1104	458
0	0
0	0
13	0
890	0
0	0
0	0
0	0
0	0
0	0
0	0
0	122
0	4131
0	149
78	4422
0	3653
0	3032
10	3985
0	644
15	2941
75	2680
28	496
8	230
0	0
6	613
0	19
0	138
11	139
0	4
0	1
0	0
0	0
0	0
0	0
0	0
0	0
0	0
0	20
1	20
0	6
0	0
0	0
0	0
0	0
0	0
0	0
0	0
0	0
0	0
0	0
0	0
0	11
0	11
0	0
0	0
0	0
0	0
85	1018
0	993
0	70
0	26
0	0
0	61
0	10
0	82
0	0
0	0
0	0
0	0
0	0
0	0
0	0
0	0
0	0
0	0
0	0
0	0
0	0
0	0
0	40
19	7
7	43382
0	39129
0	21
69	115
0	21
154	77
11	73
3	63
0	53
0	41
0	12
0	1
0	0
0	0
0	12
0	33
0	0
3	83
0	44
0	54
0	26
0	14
0	35
0	53
0	21
3	4
0	42
0	0
0	0
0	0
6	0
0	19
0	0
0	0
0	21
0	42
0	9
0	0
0	1033
11204	26349
0	15570
6	14118
4	9937
0	12425
42	10151
0	6554
16	5671
22	480
0	20581
0	20577
0	0
0	30
3	37
0	37
0	25
0	28
0	23
0	20
0	20
0	19
0	22
0	19
0	14
0	1
0	2
0	1
0	0
0	0
0	0
0	0
0	0
0	0
0	0
0	0
0	0
0	0
0	0
0	0
0	0
0	0
0	0
0	0
0	0
0	0
0	0
0	0
0	0
0	0
0	0
0	0
0	0
0	0
0	1
0	1
0	0
0	0
0	0
0	0
0	13
14	18
0	2
0	1
0	1
20	34
6	22
0	6
0	0
523	31
0	31
60	0
0	7
0	5
0	1
0	1
0	3
0	1
0	0
0	0
0	0
0	0
520	183
0	0
0	54
0	7
0	59
0	53
320	96
1	53
0	58
0	18
13	70
241	136
0	127
0	0
0	0
2166	1457
0	1392
12	414
0	44
0	175
0	0
0	0
0	0
0	0
0	0
0	182
0	142
2	160
0	134
0	53
0	14
0	34
0	0
54	183
1290	577
125	499
26	235
0	2
0	25
0	0
0	0
0	0
0	0
0	0
0	0
0	0
0	0
0	0
0	0
0	0
0	0
0	0
0	1
0	1
11	1
0	1
0	0
0	0
0	0
0	0
0	0
0	0
0	0
0	0
0	0
0	0
0	2
0	53
0	1
0	13
0	0
0	0
0	0
0	0
0	0
0	0
0	0
0	23
0	145
4	174
0	112
0	19
0	11
0	24
0	24
0	13
0	8
0	33
0	0
0	1
0	93
0	98
0	8
38	6
0	0
0	0
0	0
0	0
0	0
0	0
0	0
0	0
0	0
0	0
0	0
0	0
0	41
0	28
0	14
0	6
0	0
0	0
0	0
0	0
0	0
0	0
0	0
0	0
0	0
0	0
0	0
0	0
0	2
0	29
5	147
0	15
0	105
0	3
9	41
0	103
0	1
9	41
0	108
0	35
0	35
0	111
0	32
0	0
0	0
0	41
10	266
0	2
0	0
0	1
0	2
0	4
1	44
0	3
0	0
0	0
8	290
0	175
2	195
0	153
0	162
0	120
4	98
0	57
0	70
0	66
0	62
0	21
0	44
0	38
0	24
0	33
0	15
0	8
0	1
0	9
0	3
0	11
16	11
9	1237
0	850
69	1443
48	1667
40	1984
73	1263
6	1003
337	1779
100	876
0	409
0	0
15	688
23	507
0	678
0	0
0	0
0	0
0	0
0	0
0	0
0	0
0	0
0	0
0	0
0	0
0	0
1	2644
13	2550
0	2640
0	1629
0	1657
9	1725
0	1573
0	132
0	1951
0	137
10	254
0	111
0	0
0	2
0	92
74	1412
0	0
0	0
0	23
37	69
0	35
0	34
0	34
0	21
0	3
0	33
0	0
0	0
0	0
0	0
0	0
0	0
0	0
0	0
0	1060
17	62
0	4890
0	3021
0	0
0	32
0	25
0	12
0	1453
0	4318
0	1954
4	199
0	85
0	2
0	0
56	118
20	155
0	70
39	594
0	28
0	28
0	0
0	103
0	0
0	0
0	78
0	0
0	0
0	0
0	0
0	2
0	22
0	0
0	0
0	43
137	43
0	8
0	0
0	0
0	0
0	0
0	0
0	0
0	0
0	0
0	0
0	0
0	0
0	0
0	0
0	0
0	0
0	0
0	0
0	0
0	0
0	0
0	0
0	0
0	0
0	0
0	0
0	0
0	0
0	0
0	0
0	0
0	0
0	0
0	0
0	0
0	0
0	0
0	0
0	0
0	0
0	0
0	0
0	0
0	0
0	0
0	0
0	0
0	0
0	0
0	0
0	0
0	0
13	437
0	186
0	113
0	156
1	133
0	165
37	439
59	674
0	2
0	24
10	467
8	9
6	391
79	537
1	6
0	229
0	275
0	252
4	6
13	0
0	5
0	5
0	4
0	5
0	1
0	0
0	0
0	0
0	0
0	0
0	0
0	0
0	0
97	1220
0	189
0	163
0	1
4	91
14	1039
409	1590
0	0
88	1713
0	402
155	517
0	1258
3	1163
55	880
0	0
36	758
5	141
0	0
0	0
0	0
0	0
0	0
0	0
0	0
0	0
0	0
0	0
0	18
0	18
0	10
0	4
0	4
0	17
0	13
0	18
0	14
0	5
0	10
0	5
0	0
0	0
0	0
0	1
0	0
0	0
0	1
0	0
0	0
0	0
0	0
0	0
0	0
0	0
0	0
0	0
0	0
0	0
1	79
0	20
0	1
0	5
0	13
19	20
0	0
0	0
0	0
0	0
0	0
0	79
0	0
0	0
0	0
0	0
4	3392
0	3627
0	16
2	264
0	168
0	420
26	2470
0	4
0	495
0	396
0	0
0	2
0	194
0	2077
38	2371
0	95
0	71
0	0
3	2568
0	2776
44	2746
0	1051
0	2184
2	1698
7	1821
10	347
4	2051
0	0
0	0
0	8
0	0
0	102
0	174
0	171
0	129
0	38
0	12
0	59
0	0
0	0
0	0
0	0
0	0
0	0
0	0
0	0
0	0
0	0
0	0
0	0
0	0
0	0
0	0
0	0
0	0
0	0
0	0
0	0
0	0
0	0
0	0
0	0
0	0
0	0
0	0
0	0
0	0
0	0
0	0
20	1023
9	1023
115	142
0	0
0	0
158	27
0	22
0	0
0	0
0	0
0	0
0	1
0	12
208	104
0	84
0	68
0	0
0	0
0	0
0	0
0	0
0	0
0	0
0	0
1	0
0	0
0	0
0	0
0	0
0	0
0	0
0	0
0	0
0	0
0	0
0	0
0	0
0	0
0	0
293	186
6	130
0	16
0	45
1	38
0	0
0	25
0	22
0	0
0	8
0	35
0	0
0	28
0	30
0	4
0	13
0	171
17	17
0	20
0	13
0	0
0	0
0	0
0	0
2	17
0	17
0	9
0	0
0	0
0	0
392	305
0	9
6	151
0	43
0	61
0	0
0	0
48	7
9	152
1781	3622
99	2935
10	1718
54	3165
0	0
0	0
0	11
0	10
0	41
0	519
0	3
0	0
0	16
1	519
0	339
0	31
0	2
0	0
0	463
0	23
0	181
0	16
0	12
0	46
0	53
0	7
0	0
0	0
1072	1595
66	1595
91	31
0	1
0	12
0	0
0	22
0	11
0	1
0	1
0	1
0	1
0	1
0	1
0	0
4	349
146	660
21	659
0	0
0	0
0	0
0	0
0	0
0	0
1	0
0	0
0	0
0	0
0	0
13	1
0	1
0	1
6	0
0	0
0	0
29	8802
1	6995
0	4159
0	65
9	0
0	13
0	96
0	0
0	238
0	20
0	222
0	28
0	438
8	529
0	392
12	585
17	1716
92	2597
0	0
431	397
0	14
0	5
7	387
0	32
69	2
0	39
0	31
0	0
0	0
0	13
0	0
0	34
0	0
20	0
0	0
0	0
0	0
0	0
0	0
0	0
0	0
185	5713
67	4639
146	5479
0	424
0	199
0	340
102	2838
0	332
127	1906
0	709
0	0
0	0
0	0
0	2514
4	2514
0	80
0	2519
0	146
0	333
0	29
0	23
0	0
0	36
0	11
0	23
0	1
0	7
0	17
0	6
0	26
0	3
0	25
0	28
0	9
0	0
0	0
0	2
0	0
0	16
0	10
0	52
0	1
0	1139
0	1145
10	1197
0	19
0	433
0	1186
0	57
0	35
0	64
0	488
0	109
0	73
0	22
0	0
14	30
12	92
0	235
0	59
9	111
0	71
0	70
0	83
0	38
3	105
0	43
0	17
13	131
8	382
0	453
9	356
52	314
0	423
0	215
0	223
0	102
0	0
0	0
0	0
0	0
0	670
0	181
0	403
0	12
0	14
2	42
0	37
0	671
0	23
0	31
0	16
0	6
10	569
281	555
0	0
31	178
12	149
48	166
0	0
2	180
15	11
13	106
0	67
3	70
57	1621
9	221
24	1590
0	317
0	195
28	1089
16	331
0	146
0	292
0	127
2	189
0	257
2	190
0	42
0	123
0	75
0	73
0	69
0	8
146	1946
0	1078
0	79
0	62
0	0
4	565
0	44
8	500
20	525
21	25
6	149
2	34
0	45
0	0
0	0
0	0
0	0
0	0
0	0
0	0
0	0
0	0
0	1
0	0
0	0
0	1
0	0
0	0
0	0
0	0
0	0
0	0
0	0
0	0
0	0
0	0
0	0
0	0
0	0
0	0
0	0
0	0
0	0
0	0
0	0
0	0
0	0
0	0
0	0
0	0
1	0
0	0
0	0
0	0
0	0
0	0
0	0
0	0
0	0
0	0
0	0
0	0
0	0
0	0
0	0
0	0
0	0
1779	547
0	92
0	451
0	382
0	311
0	242
0	167
0	96
0	3
0	0
0	0
0	0
0	0
0	0
0	0
0	3
0	0
0	2
0	0
0	0
0	0
0	0
0	0
0	0
0	0
0	0
0	359
0	13
0	324
0	22
0	8
6	26
31	277
5	4
108	164
0	111
16	380
20	2245
10	5038
57	171
5	169
6	501
2	1320
0	660
0	181
0	414
0	85
0	0
0	1042
0	134
0	991
0	7
0	17
0	99
0	0
0	41
0	46
0	0
1	523
0	147
0	26
79	3642
0	224
0	0
0	94
0	405
0	0
1	0
0	0
0	0
0	0
0	0
0	0
0	0
0	0
0	0
0	0
0	0
0	0
0	0
0	0
0	0
0	0
0	0
0	0
0	0
0	0
0	0
0	0
0	0
0	0
0	0
1	0
0	0
0	0
0	0
0	0
0	0
0	0
0	1
2	1
0	0
0	0
0	0
0	0
0	0
0	0
0	0
0	0
0	0
0	0
0	0
0	2
0	0
0	0
8	135
10	59
1	104
12	353
0	217
149	362
0	53
0	2
6	86
0	0
0	0
0	0
0	1
0	0
0	0
0	0
0	0
0	0
0	0
0	0
0	0
0	0
0	0
0	0
0	0
0	0
0	0
0	0
0	0
0	0
0	0
0	0
0	0
0	0
0	0
0	0
0	0
0	0
0	0
0	0
0	0
0	0
0	0
0	0
0	0
0	0
0	0
0	0
0	0
0	0
0	0
0	0
0	0
0	0
0	0
0	0
0	0
0	0
0	0
0	0
0	0
0	0
0	0
0	0
0	0
5	14
3	18
0	1
0	18
0	6
0	0
0	0
0	0
0	0
0	0
0	0
0	0
0	0
0	0
0	0
0	0
0	0
0	0
0	0
0	0
0	0
0	1
0	0
0	0
0	0
0	0
0	0
0	0
0	0
0	0
0	0
0	0
0	0
0	0
0	0
0	0
0	58
0	0
0	0
0	0
0	0
0	0
0	0
0	0
0	0
0	0
0	0
0	0
0	0
0	0
0	0
0	0
0	0
0	0
0	0
0	0
0	0
0	0
0	0
0	0
0	0
0	0
0	0
0	0
0	0
0	0
0	0
0	43
0	43
0	8
0	1
0	0
0	0
0	0
0	0
0	2
0	0
0	0
0	1
0	0
0	2
0	0
0	0
0	0
0	0
0	0
0	0
0	0
0	0
0	0
0	0
0	0
0	40
14	42
0	28
0	42
0	11
0	128
0	127
0	126
0	101
0	86
10	87
0	19
0	17
0	13
0	0
5	55
0	16
0	16
0	11
0	3
0	0
0	2
0	0
0	1
0	0
0	0
0	20
39	382
0	91
0	20
8	233
0	143
0	47
2	80
45	305
0	102
13	240
0	35
0	120
0	7
0	45
0	153
6	219
0	44
0	0
0	3
0	22
0	19
0	0
0	0
0	0
0	0
0	0
0	0
0	0
0	0
0	0
0	0
0	0
0	0
0	142
55	1482
0	95
0	517
1	1487
20	207
0	226
0	877
10	30
0	1322
0	1457
0	127
9	291
0	0
0	139
0	139
0	139
0	141
5	152
3	149
0	152
2	149
0	22
0	2
0	6
0	0
4	6
0	6
0	6
0	1
0	0
0	1
0	0
0	0
6	36
0	19
0	43
0	0
0	0
0	0
0	0
0	0
0	0
0	0
0	0
0	0
0	0
0	0
0	0
0	0
0	0
0	0
0	0
0	0
0	0
0	0
0	0
0	0
0	0
0	0
0	0
0	0
0	0
65	17
0	0
15	0
0	0
0	0
0	1
63	290
21	172
10	6
6	288
3	208
0	101
0	74
0	102
0	96
4	78
0	68
0	55
0	7
0	0
214	235
0	152
0	144
0	26
0	0
0	0
0	0
0	0
0	0
0	0
0	0
0	0
0	0
0	0
0	0
0	0
0	0
0	0
0	0
0	0
0	0
0	5
0	0
0	0
0	0
0	5
0	0
0	0
0	4
18	9
0	1
37	2565
0	15
0	47
12	189
1	1972
2	1887
0	61
0	23
378	1248
0	107
20	923
0	0
0	47
0	0
0	0
0	0
629	628
7	629
0	79
0	66
0	1
0	0
23	193
4	144
0	189
1	154
0	89
0	115
5	147
0	17
14	1877
0	343
5	1178
1	1371
9	607
2	279
0	147
2	1021
12	456
0	28
0	393
0	757
0	348
0	403
0	349
0	274
0	0
0	0
0	0
0	0
0	0
0	0
0	0
0	0
0	0
0	0
0	0
0	0
0	0
0	0
0	0
0	0
0	0
0	0
0	0
0	0
0	0
0	0
0	0
0	0
0	0
0	0
0	0
0	0
0	0
0	0
24	0
0	6
0	321
0	303
0	5
0	229
3	974
6	533
0	947
5	891
4	899
0	228
0	208
0	229
0	0
0	0
0	0
29	339
25	226
5	298
0	34
0	280
0	0
0	1
0	0
0	0
0	46
0	41
14	58
1	45
0	45
0	0
0	0
0	0
0	0
0	0
0	0
0	0
0	0
0	0
0	0
0	0
0	0
0	0
0	0
0	0
0	0
0	0
0	9
0	4
0	5
19	625
0	724
110	1978
45	5707
168	4811
0	4813
0	0
0	0
0	0
0	0
0	0
16	1365
0	19
0	0
0	7
433	110
0	110
2	1651
0	1651
0	667
0	105
0	104
18	868
18	527
0	0
0	0
0	0
0	0
0	0
0	0
0	0
0	0
0	0
0	0
0	0
0	0
0	648
0	783
0	785
0	77
372	783
23	177
50	1522
2	1550
25	1472
3	1304
0	1495
0	0
0	417
9	358
0	382
0	33
0	288
8	138
0	84
0	6
0	0
0	0
0	0
0	0
0	0
0	0
0	0
0	0
0	0
0	0
0	0
0	0
0	0
0	0
0	0
0	0
0	0
16	655
0	681
7	614
12	611
0	672
0	165
8	204
61	578
108	473
0	21
0	499
0	507
0	340
2	328
0	259
0	93
0	12
0	26
0	21
0	8
0	1
0	0
5	356
3	243
0	29
0	3
0	59
0	22
0	124
0	92
4	123
0	355
0	36
0	10
0	27
0	28
0	12
0	28
0	227
0	0
0	0
0	0
0	0
0	0
0	0
0	0
0	0
0	0
0	0
0	0
0	0
0	0
0	0
0	0
0	0
0	0
0	0
0	0
0	0
0	0
0	0
0	423
8	713
33	716
0	3
0	61
0	749
0	1007
0	555
0	0
0	516
0	729
0	831
0	675
0	588
0	496
91	405
0	92
1	402
10	126
0	60
0	84
0	26
0	21
0	0
0	0
0	0
0	639
0	20
0	661
0	453
0	650
0	206
1	512
1	355
8	656
0	404
7	268
0	461
6	90
0	4
0	45
0	4
0	4
0	60
0	82
0	26
0	32
0	2
0	0
0	0
0	33
0	0
0	12
0	58
0	5
0	0
125	1019
19	960
0	868
0	76
0	33
0	55
0	22
0	2
0	78
0	13
0	16
0	0
0	0
0	0
14	0
8	33
59	10
0	31
205	341
0	6
2	64
5	269
0	4
0	0
0	0
0	6
0	0
0	8
0	96
2	155
0	6
1	74
0	145
0	141
1	61
0	0
0	87
1	116
0	64
0	13
0	5
0	0
0	0
0	3
0	33
0	39
0	66
0	20
9	57
0	0
0	47
0	0
0	18
0	18
0	18
0	40
0	12
0	175
0	32
0	174
0	17
0	174
0	174
0	5
0	6
0	28
0	5
14	159
0	0
0	0
0	0
3	302
40	157
1	207
90	387
32	319
12	160
24	255
20	267
5	48
9	67
0	44
0	28
9	38
0	27
0	0
0	341
0	0
44	347
1	360
0	4
3	248
0	361
0	280
48	271
34	176
0	0
0	0
55	312
0	911
0	196
0	199
0	884
0	0
0	43
0	331
0	615
2	613
2	29
0	272
0	3
0	6
12	543
0	29
0	36
0	27
46	205
31	359
0	433
9	275
0	40
0	84
0	45
0	14
0	826
0	72
0	107
0	202
0	140
0	21
0	0
1	653
6	228
0	285
0	154
0	209
0	392
14	353
0	70
0	213
0	138
1	68
0	203
0	438
0	191
0	17
0	206
0	57
0	202
0	49
0	22
0	0
0	0
0	0
0	0
0	0
0	0
0	0
5	960
0	1100
2	724
3	303
0	358
0	7
0	620
0	213
4	376
16	441
0	107
0	769
0	767
4	692
0	682
0	764
2	535
0	490
0	335
0	305
1	101
0	184
0	96
0	94
0	57
0	38
19	40
0	10
0	6
0	0
12	9
0	0
1	25
0	37
0	37
1	35
0	0
0	0
0	0
0	0
0	0
0	0
0	0
0	0
0	0
0	23
7	34
0	29
0	33
1	10
0	11
0	28
0	22
0	16
0	14
0	15
0	1
0	15
0	1
0	3
0	14
0	10
0	1
0	2
0	0
0	1
0	0
0	1
0	0
0	222
0	256
0	0
3	222
0	94
0	241
0	42
0	369
0	41
0	135
0	30
0	142
0	114
0	329
0	4
0	57
0	6
0	44
0	9
2	523
3	443
13	238
0	484
0	204
0	394
0	201
1	149
0	178
2	58
0	68
0	43
0	93
0	74
0	108
0	85
0	39
0	10
0	49
0	0
0	1
0	0
0	0
0	0
0	0
0	0
0	0
0	0
0	0
0	0
0	0
0	0
0	0
0	0
1	360
0	375
2	276
1	291
2	101
0	151
0	119
9	50
0	47
0	86
0	117
1	399
0	173
0	3
0	5
0	39
0	172
1	50
0	158
28	418
0	18
0	21
0	3
0	16
0	63
0	19
0	35
0	37
0	34
0	0
0	0
0	0
0	0
0	57
0	50
0	36
0	1
8	25
0	1
10	57
0	0
0	8
0	10
0	15
0	18
0	17
0	13
0	4
0	11
0	11
12	0
11	0
0	0
0	0
20	0
0	0
0	0
0	0
0	0
0	0
0	0
0	0
0	0
0	0
0	0
0	0
0	0
0	0
0	0
0	0
0	0
0	0
0	0
0	0
0	0
0	0
0	0
0	0
0	0
0	0
0	0
0	0
0	0
0	0
0	0
0	0
0	0
0	0
0	0
0	0
0	0
0	0
0	0
0	0
0	0
0	0
0	0
0	0
0	0
0	0
0	0
0	0
0	0
0	0
0	0
0	0
0	0
0	0
0	0
0	0
0	0
0	0
0	0
0	0
0	0
0	1925
2	1925
1	1962
1	2022
6	171
12	97
0	93
172	1536
0	0
0	3
217	1114
23	1584
0	42
0	545
0	557
0	47
0	28
0	0
0	34
1	27
12	39
0	0
0	0
0	0
0	12
0	0
0	0
0	0
0	12
0	13
0	0
0	0
0	0
0	0
0	0
0	0
0	0
0	0
338	256
8	243
11	405
0	11
0	0
7	153
0	0
0	0
0	152
0	75
35	128
0	2
0	390
0	410
0	390
0	0
0	171
0	190
0	13
9	37
0	15
0	6
0	13
0	1
0	14
0	2
0	10
0	3
0	0
0	0
0	0
14	282
5	282
0	0
0	0
0	0
0	0
0	0
0	0
7	316
0	603
0	601
0	299
10	547
46	157
1	34
0	52
0	112
0	0
0	52
0	54
0	26
0	0
1	50
0	0
0	0
0	0
0	0
0	0
0	0
0	153
108	346
0	82
0	20
0	6
0	6
0	4
4	110
0	49
4	127
1	82
1	103
0	2
0	3
0	74
0	14
0	7
0	4
0	4
0	0
0	0
0	0
0	0
0	0
0	0
0	0
0	0
0	233
0	233
0	1
0	16
0	4
0	11
0	9
0	3
0	0
27	142
0	444
223	1908
0	109
6	1915
2	466
0	436
0	157
0	151
0	247
0	115
0	424
0	215
0	37
0	85
0	0
0	720
3	611
3	696
66	192
1	154
0	61
0	56
0	64
9	76
0	7
0	17
0	18
0	3
0	62
0	4
0	36
0	0
0	0
0	0
0	0
22	178
0	152
0	163
0	127
0	150
0	164
0	157
0	100
0	38
0	23
0	20
24	1055
115	1127
7	1063
0	11
17	248
0	4
0	6
37	202
0	2
6	377
0	338
4	241
0	340
0	280
1	373
0	327
0	92
0	90
0	34
0	43
0	13
1	298
0	10
5	227
1	221
0	40
0	21
0	157
0	81
0	154
0	32
0	98
0	55
0	88
0	150
0	1
2	6
0	0
0	0
0	0
8	270
0	27
0	401
0	256
4	429
0	88
0	296
0	199
0	135
0	98
0	78
0	23
213	62
0	62
0	62
0	41
0	0
0	0
0	0
0	0
0	0
0	0
0	0
0	0
0	0
0	0
0	0
0	0
0	0
75	475
0	457
0	13
0	46
0	33
0	0
0	0
0	0
0	0
138	917
59	770
0	418
0	486
9	595
1207	67544
0	34348
126	25004
1953	38261
6	47640
5	50970
0	34021
0	37409
4	29898
24	50483
0	51854
283	23860
0	18152
0	35903
2	16809
1	2276
0	11
0	0
0	0
0	10
3	0
0	0
0	0
0	0
0	0
0	0
12	1066
17	60
54	1032
27	803
57	825
7	374
0	186
0	350
0	0
0	4
0	6
0	0
0	0
0	6
0	1
0	16
0	27
41	233
33	48
2	201
0	160
0	21
0	24
0	20
16	134
0	105
0	3
12	30
0	18
0	34
0	569
0	691
542	660
0	101
0	512
0	72
0	351
7	167
0	74
0	0
0	0
0	0
0	0
0	0
0	0
0	0
0	0
0	0
0	0
0	0
0	0
0	0
9	259
0	25
0	148
0	71
0	84
0	149
0	83
0	173
0	76
0	0
0	1180
0	261
0	1232
0	1216
0	288
0	1193
0	367
0	55
0	251
0	293
0	1220
0	1252
0	1197
0	327
0	1121
0	566
4	1184
0	1207
0	22
0	1171
0	1095
0	285
0	1213
0	1245
0	1130
0	1234
0	1184
0	23
0	178
0	186
0	15
0	21
0	95
0	0
0	34
0	986
0	323
0	36
0	61
0	848
0	40
0	8
0	49
0	0
0	179
7	804
0	136
0	36
0	44
0	0
3	87
0	92
0	20
5	456
0	518
0	14
0	123
0	390
1	382
5	360
0	39
0	358
0	287
0	19
0	217
0	225
0	286
0	98
0	0
0	952
4	939
0	47
0	0
0	4
2	353
0	1
3	14
0	0
1	41
0	8
0	8
0	159
0	145
3	267
0	239
0	264
0	8
0	263
0	1
0	127
0	149
0	15
0	6
0	10
0	41
0	11
0	80
0	113
0	0
0	9
0	9
0	94
0	13
0	7
0	24
0	10
0	17
0	27
0	22
0	0
0	0
0	0
0	0
0	0
0	15
0	0
0	0
0	0
0	1
0	0
0	2
0	1
0	1
0	0
0	0
0	1
128	0
0	0
0	28
2209	1609
1	369
0	160
0	514
0	319
5	209
7	683
0	0
0	0
0	0
0	5
0	0
0	436
0	925
1	800
0	936
0	340
0	784
0	181
0	111
0	195
0	431
0	664
0	157
0	116
0	20
0	45
0	240
2	935
0	55
0	398
0	427
0	168
0	321
0	88
5	810
11	697
0	949
0	908
1	820
0	236
0	174
0	311
0	14
0	0
0	0
0	0
0	0
0	0
0	163
956	314
0	300
1	645
0	494
0	560
0	110
0	170
16	319
0	22
0	0
0	40
0	0
0	0
0	0
0	0
0	0
0	0
0	0
14	250
27	196
0	219
0	193
69	27
0	139
0	99
17	0
33	4299
49	4343
0	4232
0	2055
0	4095
0	4302
2	4081
11	2524
0	1182
0	2474
3	1722
33	95
12	2266
0	2235
18	1118
81	1742
7	1207
0	924
0	792
0	659
0	155
0	201
0	157
0	53
0	13
21	2
0	498
0	0
0	0
0	0
0	0
0	0
0	0
0	194
0	175
0	19
0	0
0	104
0	24
0	0
0	0
0	0
0	0
0	0
0	0
0	0
0	0
1	6686
281	7048
0	394
0	16
0	408
0	0
0	1
0	1
0	199
0	182
2	97
0	1
0	23
0	169
0	178
0	65
0	192
0	74
0	15
0	97
0	0
23	0
0	0
1	218
0	123
0	120
0	206
0	135
0	0
0	70
0	84
0	145
0	133
0	34
54	0
0	1918
373	1875
0	300
7	978
0	1862
0	27
0	0
0	80
0	171
0	193
0	25
0	137
0	83
0	63
0	41
0	58
0	60
0	27
0	44
0	39
0	11
0	30
0	51
5	22
0	0
0	30
0	5
0	0
414	1280
0	5
0	316
1	1040
0	0
0	11
0	10
0	55
0	409
0	69
0	251
0	42
20	23
0	18
0	20
0	7
0	73
37	9
0	9
68	46
17	0
0	0
0	0
0	0
0	0
0	399
154	31
0	6
0	5
0	246
0	224
23	46
0	0
5	36
30	111
58	111
0	103
0	18
0	3
0	0
0	2
1458	411
0	106
0	190
0	327
0	0
0	0
0	0
0	0
0	0
0	0
0	0
0	0
0	0
0	0
0	0
0	0
0	0
9304	11564
0	6891
0	1929
0	305
0	1175
0	1931
0	332
0	6188
0	278
0	1495
8	608
0	141
0	0
0	18
0	1062
18	692
0	50
0	1703
0	856
74	2486
0	1173
49	494
13	950
0	453
0	443
33	587
121	1684
9	240
34	458
0	235
0	11
0	0
344	526
6	836
3	743
188	154
37	10
97	0
0	0
0	0
0	0
0	0
0	0
0	0
2	22
0	23
0	5
0	11
0	6
0	0
0	6
0	14
0	14
0	0
0	0
3	25
0	1
0	0
0	6
0	0
0	23
0	0
0	0
0	0
0	0
0	0
0	0
0	0
0	0
0	0
0	0
0	0
0	0
0	0
0	0
0	0
0	0
4	170
0	150
0	33
0	84
0	50
21	505
0	0
4	505
0	4
0	8
0	0
13	125
3	312
0	2
0	1
44	266
5	263
0	3
0	75
0	0
0	0
0	18
0	21
0	14
0	14
0	16
0	15
0	6
0	272
0	0
0	19
5	368
1	406
0	105
1	174
14	142
0	351
0	315
0	328
51	255
0	121
0	61
0	98
0	72
0	31
0	12
0	8
14	353
0	341
0	29
2	337
0	27
0	0
0	0
0	0
0	0
0	0
0	0
0	0
0	0
0	0
0	0
0	0
0	9
0	18
0	15
0	5
0	15
0	0
0	18
2	318
17	252
0	260
0	261
2	282
0	243
1	273
3	85
0	75
0	53
0	16
0	134
0	105
0	17
0	112
0	41
0	30
3	115
0	40
0	0
0	0
0	0
0	0
0	0
0	0
0	0
0	0
0	0
0	1
0	0
44	1
0	0
0	0
0	0
0	0
0	0
0	0
0	0
0	0
1	855
2	755
0	527
0	580
0	267
0	38
0	293
5	820
0	824
5	637
0	264
1	861
0	496
9	824
3	680
2	804
1	794
0	13
9	709
0	13
0	774
0	239
0	601
0	440
13	673
0	252
0	556
0	741
4	731
3	568
0	427
0	625
0	273
0	36
0	474
0	0
0	0
0	0
0	0
0	0
0	0
0	0
0	0
0	0
0	0
0	0
0	0
0	0
0	0
0	0
0	0
17	106
0	5
0	6
0	22
0	0
0	0
13	148
0	98
0	37
4	62
23	46
0	17
4	61
2	56
0	61
0	19
0	40
0	8
0	3
0	127
1	128
0	68
0	101
11	112
0	125
0	35
0	15
0	0
0	0
0	0
0	0
0	0
0	0
0	0
0	0
0	0
0	126
0	157
0	155
0	158
0	127
10	66
0	96
0	33
0	4
0	1
0	0
0	0
0	0
0	0
0	0
0	0
0	0
0	0
0	0
0	0
0	0
0	0
0	0
0	0
27	0
0	0
14	436
220	506
0	33
67	39
3	130
14	147
7	169
0	16
0	0
0	0
6	117
0	11
0	1
0	1
0	0
0	0
0	0
0	0
42	378
0	94
3	309
0	51
0	89
0	21
11	1
0	45
0	196
0	35
0	0
0	3
0	0
0	0
0	77
0	11
0	0
0	0
0	0
0	413
0	339
0	154
0	346
0	413
0	306
0	180
0	255
19	329
0	150
0	114
0	93
0	97
0	115
0	119
0	133
0	213
2	169
44	249
0	83
100	0
4	535
0	53
0	78
0	66
0	0
0	31
0	35
0	190
0	42
0	47
0	53
0	113
0	0
0	0
0	0
0	0
0	59
0	200
0	501
0	600
0	103
0	150
0	0
0	28
0	53
0	37
0	105
0	241
161	428
0	581
0	62
0	185
0	125
0	528
0	38
0	179
3	81
0	25
0	0
0	0
0	0
115	292
0	16
0	48
0	53
0	65
14	184
1	207
0	29
0	215
0	52
0	37
0	0
0	1
0	324
10	310
0	134
0	20
0	23
1	0
0	0
0	1
322	205
0	166
0	135
94	174
0	100
0	56
591	296
212	233
0	53
0	39
0	33
0	68
0	83
0	7
0	23
0	20
0	0
0	11
0	196
6	5472
0	501
116	4186
14	4970
0	1057
13	1616
0	308
0	564
1	473
0	4
4	1052
0	121
0	237
0	587
0	92
0	110
0	4
0	0
369	1583
19	1583
0	0
0	32
0	69
0	742
0	7
0	95
0	10
0	0
0	0
0	80
0	82
0	90
0	22
0	21
0	0
0	0
0	0
0	0
0	0
0	0
0	0
0	0
1	0
0	0
0	0
0	0
0	0
0	0
0	0
0	0
0	0
0	0
0	0
0	0
79	27
2	27
0	11
0	821
26	1780
81	1399
0	146
0	460
0	491
24	363
0	70
0	70
0	0
0	41
8	122
0	116
0	85
8	132
4	117
0	124
0	85
0	88
0	89
0	121
0	48
0	9
0	13
32	13
6	13
0	1551
0	1449
0	173
3	0
0	1831
2	1644
0	1646
1	1374
0	201
0	123
0	701
8	957
0	36
18	393
0	12
0	621
0	299
0	117
0	641
0	184
0	158
0	29
0	164
0	93
0	204
0	59
0	80
0	165
0	84
0	211
0	147
0	143
0	143
0	122
0	0
0	1
0	0
0	0
0	1960
22	2399
0	2517
0	163
0	384
0	1101
0	3
0	209
0	72
0	128
0	62
42	373
1	1145
0	130
0	0
0	0
0	0
8	695
25	694
22	301
9	248
8	686
34	683
0	67
0	142
3	336
0	162
0	98
0	218
0	187
1	107
0	2
0	0
0	1
0	0
1	362
0	655
45	652
0	672
0	652
0	652
0	649
24	487
0	84
0	130
0	130
0	3
0	362
0	131
7	561
0	649
0	654
0	47
3	323
0	323
0	308
4	204
0	182
0	149
0	62
0	25
0	10
0	8
0	5
0	14
0	2
0	0
0	0
0	0
0	0
0	0
6	70
4	76
0	70
7	78
2	76
0	1
1	14
0	9
0	2
0	190
6	1863
0	1706
1	743
2	806
0	1839
0	803
1	778
0	0
18	411
0	119
0	134
0	53
0	41
0	102
3	128
0	46
0	85
0	0
0	0
1	369
0	137
6	339
0	334
0	89
0	136
0	101
0	33
0	36
7	109
26	128
3	114
0	136
0	105
0	114
0	107
0	12
0	3
0	6
0	30
0	41
0	45
0	29
0	22
0	53
0	35
0	4
0	4
0	0
0	0
0	7
0	12
0	18
0	18
0	0
0	0
0	10
0	0
0	10
0	16
0	0
24	188
0	0
2	128
5	111
7	88
0	10
0	9
0	0
0	0
0	0
0	0
0	0
0	0
0	0
0	0
0	0
0	0
0	0
0	0
0	0
0	0
0	0
0	0
0	0
0	0
0	0
0	0
0	0
0	76
0	63
2	69
0	56
0	37
0	10
0	20
0	29
0	10
0	3
0	27
0	26
0	19
0	2
0	0
0	0
5	2882
22	2518
7	2788
36	3138
10	140
7	1294
0	0
0	128
0	0
0	266
0	262
0	101
0	0
0	1134
0	0
7	95
23	1173
1	716
2	1171
0	64
0	40
0	152
0	62
0	9
0	0
0	0
0	0
0	0
0	0
0	0
0	0
0	0
0	0
0	0
0	0
0	157
0	129
12	81
0	136
0	76
0	87
0	9
0	23
0	42
0	7
0	2
0	9
0	13
0	0
0	1
0	2
0	0
0	454
2	513
0	20
0	18
0	358
0	127
6	372
15	85
0	0
0	0
0	0
0	0
0	0
0	0
0	0
16	342
0	377
7	243
0	103
0	18
0	58
0	9
0	61
14	48
0	0
0	0
0	0
0	0
0	0
0	0
0	0
0	0
0	0
0	0
0	0
0	0
0	0
0	0
0	0
0	0
0	0
0	0
0	0
0	0
0	0
0	0
0	0
0	0
0	0
0	0
0	0
0	0
0	0
0	0
0	0
0	0
0	0
0	0
0	0
0	0
0	0
0	0
0	0
0	0
0	0
0	0
0	0
0	0
0	0
0	0
0	0
0	0
0	0
0	0
0	0
0	0
0	0
0	0
0	0
0	0
0	0
0	0
0	0
0	0
0	0
0	0
0	46
17	255
35	248
0	3
0	193
5	45
0	0
9	126
0	3
0	66
0	20
0	0
0	68
0	47
0	21
0	0
15	24
0	18
0	0
10	919
0	12
0	1
0	6
0	10
0	6
0	927
0	293
48	9
0	4
0	318
0	316
0	271
0	19
0	10
0	0
0	0
0	0
0	0
73	0
1	0
0	66
0	0
0	273
5	47
1	183
54	257
0	28
0	106
0	27
0	26
0	199
0	388
0	102
15	80
0	62
0	16
36	220
0	28
0	10
71	150
15	12
2	1248
0	1240
0	1243
0	1243
0	1245
0	1243
19	992
0	971
0	670
0	325
0	289
0	287
0	191
0	147
16	22
0	102
0	22
0	2
0	10
0	3
0	14
0	0
0	0
0	0
0	0
97	5781
67	5407
149	5135
6	4758
0	4179
0	153
0	239
0	45
0	123
13	19
0	129
23	335
0	114
0	415
0	214
0	2297
0	367
0	327
0	325
0	306
0	16
0	0
0	0
1138	201
901	4162
0	3961
0	228
4	85608
0	0
0	0
0	0
0	0
0	0
0	0
0	0
0	0
0	0
0	0
0	0
0	0
0	0
0	0
0	0
0	0
0	0
0	0
0	0
0	0
0	0
0	0
0	0
0	0
0	0
0	0
0	0
0	0
0	0
0	0
0	33
0	282
0	254
0	98
0	29
0	21
0	78
64	50
0	32
0	35
3	137
0	84
9	274
0	242
0	269
0	0
0	11
0	0
0	0
6	0
0	0
0	0
14	1
0	1
16	0
0	0
0	0
2	13
0	13
0	0
0	0
0	0
0	0
0	0
0	0
0	0
0	0
0	0
0	0
22	90
0	428
0	223
0	690
0	551
0	216
0	140
0	113
0	15
0	8
0	15
0	8
3	183
18	92
0	92
0	170
5	10
0	0
0	0
0	0
0	0
0	130
0	103
2	1464
0	908
723	1878
1	638
3	1311
0	620
11	171
0	304
5	129
0	1
0	0
0	109
3	159
0	12
0	12
0	139
4	367
9	428
19	150
255	133
0	152
74	2021
131	915
0	283
0	15
0	52
0	367
0	357
0	67
0	75
0	67
0	9
17	1060
0	0
0	0
0	0
0	0
0	0
0	0
0	0
0	385
0	0
66	385
0	223
8	274
2	274
0	0
0	0
0	0
0	0
0	0
0	0
0	0
0	0
0	0
0	0
0	0
0	0
0	0
0	0
0	0
0	1
14	7
0	0
0	0
0	0
0	6
0	1
0	0
0	0
0	0
0	0
19	10450
0	10628
76	9161
0	10096
0	6922
0	4518
0	1536
0	1779
0	1673
0	544
0	1844
21	1793
0	1604
0	1338
0	1485
0	1195
3	1337
0	330
0	29
0	0
0	0
327	0
119	4567
126	2220
1	4429
0	174
0	826
0	421
4	699
0	197
8	440
19	9
11	2382
5	2425
0	640
23	892
57	1229
5	31
0	1242
0	1
3	397
5	286
5	225
2	448
3	278
7	163
0	29
0	24
0	11
0	0
0	0
0	0
0	0
0	0
0	0
0	0
0	0
2885	7100
705	6555
8	2651
221	4988
0	2916
1	2025
14	448
1	2724
0	1407
6	1143
0	587
0	435
0	0
879	4800
43	4708
0	3805
13	4760
1	3581
0	647
0	695
0	842
0	0
0	31
0	0
0	0
0	0
0	0
0	0
11	215
0	155
0	215
0	14
0	0
0	95
0	1
16	501
307	498
0	10
0	0
0	0
0	1
54	104
0	4
0	0
0	2
12	18
103	82
0	0
0	0
0	0
0	0
0	0
0	0
0	0
0	0
0	0
0	0
0	0
0	0
0	0
0	0
98	117
6	117
0	113
0	14
0	0
0	0
0	0
0	0
0	0
0	0
9	9
0	0
0	0
0	0
0	0
0	0
0	0
0	0
0	0
0	0
0	0
0	0
0	84
369	252
0	34
0	18
0	22
0	168
0	12
0	26
0	0
0	26
0	3
0	0
0	0
0	0
0	0
0	0
0	0
0	427
0	92
0	0
0	428
0	0
0	0
0	1
0	7
0	7
115	416
0	35
4	0
0	0
0	0
0	43
0	0
0	45
1	105
63	105
0	36
0	7
0	8
0	8
0	36
3	36
0	36
0	36
0	7
0	7
0	8
0	36
0	7
0	8
0	0
0	0
0	0
0	0
294	1378
0	1184
13	1164
1	775
0	56
2	152
0	156
0	292
0	63
0	84
0	336
0	160
0	0
0	132
0	21
0	0
0	0
0	0
299	840
0	243
15	590
9	429
0	229
0	182
0	117
1	470
0	180
0	51
0	32
0	26
0	0
0	0
0	0
33	0
0	404
0	545
0	591
0	0
0	529
0	581
0	0
0	0
0	0
3	11542
0	9931
0	9072
0	399
0	909
0	531
0	1183
8	2350
0	0
0	0
0	0
0	0
0	0
86	1995
0	41
0	0
0	2201
5	1478
0	402
0	883
0	500
0	131
42	466
0	183
0	2577
0	272
0	253
229	1798
0	0
36	1256
0	469
0	3500
264	3976
1	3042
7	2251
0	404
0	1247
0	594
0	2864
0	12
28	822
0	151
0	268
0	0
0	0
0	0
10	216
3	163
0	207
0	239
0	202
0	50
0	131
0	99
0	2
0	6
0	1
0	10
674	1262
0	1049
3	1081
0	1061
0	124
0	358
125	2
0	0
0	608
0	648
0	112
13	719
2	12
18	603
42	232
0	68
7	61
15	100
0	15
0	0
0	0
0	0
0	0
137	783
0	619
0	582
171	12
0	12
0	0
0	2
0	4
0	2
4	25
0	19
0	1
0	2
0	3
0	21
0	5
0	1
0	0
0	1
0	9
2	1533
38	1435
43	608
0	1102
0	1104
0	86
0	943
0	43
0	41
0	26
0	37
0	139
0	23
0	280
0	68
0	0
0	3173
19	3186
0	340
93	881
0	418
0	79
8	342
0	424
0	55
355	305
0	231
0	0
0	0
0	0
405	0
0	55
0	55
0	0
0	55
0	55
18	27
0	122
0	0
0	3
0	0
0	2
18	0
0	0
0	0
0	878
0	672
0	213
0	81
3	163
0	161
0	78
0	101
0	67
0	0
0	0
0	0
0	16744
0	16263
0	11493
0	3039
0	2354
0	83
6	1323
31	1689
0	0
0	0
0	0
0	0
0	0
0	0
0	0
0	0
0	0
0	0
0	0
1	10815
0	80
0	9021
0	8165
0	399
0	832
0	531
0	47
0	397
0	593
13	791
0	1811
16	1318
0	2550
0	0
0	67
0	1
0	0
0	0
0	1560
0	0
0	0
0	0
8	1738
0	51
1	556
12	1637
0	161
0	1129
0	357
0	123
0	19
3	554
0	301
0	188
0	294
14	1100
5	759
0	227
0	0
0	0
0	0
7	0
0	0
0	0
85	0
0	0
0	0
504	17
0	16
0	0
0	0
396	1
0	0
12	0
0	0
0	0
0	0
0	0
2	8
0	0
0	0
0	0
0	0
0	0
0	0
0	0
0	766
0	1316
0	50
5	1329
12	60
0	122
0	57
5	110
0	0
0	1015
0	1128
0	1059
0	842
0	533
0	579
0	374
0	6
45	1512
0	76
0	113
0	18
0	30
0	193
0	0
0	11148
0	9355
0	8503
0	34
0	611
0	994
0	78
0	0
0	0
0	0
0	0
0	0
0	0
0	0
1052	18267
0	20009
1630	22116
33	2964
9	36
0	2221
7	5008
38	8494
215	9143
21	17431
0	3
0	7827
12	157
44	2687
2896	2403
0	1537
0	1804
0	548
0	120
0	848
4	517
0	251
0	1
0	6429
0	6371
0	5166
0	95
0	666
0	75
119	47
0	1012
0	0
0	383
28	1039
0	1268
69	121
0	510
0	221
0	0
20	0
0	0
0	0
0	0
0	0
0	0
0	0
0	0
0	0
0	0
0	0
0	0
0	0
0	0
0	0
220	546
0	136
4	228
0	73
0	30
0	173
0	229
0	111
26	499
0	62
0	7
0	0
0	0
0	16
92	64
0	2
0	0
13	48
0	9
0	10
9	66
6	52
0	62
0	63
0	23
0	11
7	18
0	0
0	0
0	0
0	0
0	0
0	0
0	0
0	0
0	0
0	0
0	0
0	0
0	0
0	0
0	0
0	0
0	0
0	0
0	0
0	0
0	0
0	0
0	0
0	34
176	550
5	516
1	176
0	60
0	51
0	0
13	1613
20	1596
0	0
0	4
0	0
0	56
3	1607
0	14
0	0
5	96
0	39
0	45
0	246
0	1205
2	1205
7	938
0	17
0	101
0	1156
0	97
8	406
0	0
0	898
0	898
0	0
7	61
0	51
0	81
0	112
0	100
0	0
0	23
0	16
0	80
2	159
0	0
133	611
37	128
4	135
83	432
0	16
0	104
0	0
0	0
0	0
0	0
0	0
0	0
0	0
0	0
0	0
0	0
0	0
0	0
0	0
0	0
0	0
0	0
0	0
0	0
0	0
0	0
0	0
0	0
0	0
0	0
0	0
0	0
0	0
0	0
0	0
0	0
0	0
0	0
0	0
0	0
0	0
0	0
0	0
0	0
0	0
0	0
0	0
0	0
0	0
0	0
0	0
0	0
0	0
0	0
0	0
0	0
0	0
0	0
0	0
0	0
0	0
0	0
0	0
0	0
0	0
0	0
0	0
0	0
0	0
0	0
0	0
0	0
0	0
0	0
0	0
0	0
0	0
0	0
0	0
0	0
0	0
0	0
0	0
0	0
0	0
0	0
0	0
0	0
0	0
0	0
0	0
0	0
0	6
0	0
0	0
0	0
0	0
0	0
0	0
0	0
0	0
0	0
0	0
8	6
0	0
0	0
0	0
0	0
0	0
0	0
0	0
0	0
0	0
0	0
0	0
0	0
0	0
0	15
0	0
0	0
0	0
0	0
36	413
0	223
0	50
23	294
0	99
7	109
0	3
0	7
0	30
0	30
0	0
0	0
0	0
0	0
0	0
0	0
0	0
0	0
0	464
858	835
48	835
3	237
0	272
0	143
0	0
0	0
0	0
0	97
0	21
2	416
3	302
0	423
9	329
0	229
2	271
0	46
0	0
0	9
0	0
0	8
0	0
0	0
0	0
0	43
0	22
1	250
0	314
7	292
0	6
0	55
0	11
0	44
0	42
0	77
2	288
0	20
0	56
0	45
0	64
0	9
0	15
0	9
38	48
1	48
0	0
0	248
10	503
0	652
0	80
0	159
0	77
0	188
0	649
17	125
7	638
0	0
0	0
0	0
0	0
0	0
0	0
0	0
6	33
0	46
5	13
0	10
0	43
0	37
0	16
0	3
0	26
0	0
0	0
0	0
0	0
0	0
0	0
0	0
0	0
0	0
0	0
0	0
0	0
0	0
0	0
0	0
0	0
0	0
0	0
0	0
0	0
0	0
0	0
0	1
0	3
0	0
13	3010
0	1117
0	442
0	84
0	38
0	320
0	169
0	127
0	52
0	110
100	6
16	36
22	57
0	101
0	1553
6	2435
0	681
64	1197
24	51
0	4
0	0
0	0
0	35
0	0
0	0
0	0
0	0
0	0
27	534
0	1279
126	1055
10	250
0	167
0	1194
0	477
0	22
0	203
0	630
0	0
0	0
0	0
0	0
0	0
0	0
0	0
0	0
0	0
0	0
0	0
0	0
0	0
0	0
0	0
0	0
20	103
4	99
5	92
49	54
0	0
0	3420
0	2634
3	345
0	111
2	403
0	0
0	2
0	71
0	261
0	268
0	227
32	70
0	129
1	0
0	0
0	75
0	88
13	44
40	13
0	2363
0	669
0	12
0	458
0	722
0	434
0	0
0	0
7	0
1925	5591
0	1112
3	1188
0	1
138	4756
0	1499
400	4869
0	790
73	52
9	485
27	2364
0	1033
49	858
0	0
0	0
0	0
0	0
0	0
4	11
300	34
0	46
0	29
0	25
0	7
0	12
0	5
0	0
0	1
0	0
0	0
0	0
0	0
0	0
0	0
0	0
0	0
0	0
267	345
97	304
3	55
0	15
0	15
0	5
0	5
0	657
0	670
12	576
0	39
0	594
0	29
6	575
0	11
0	52
40	505
0	19
0	3
27	567
0	42
0	94
0	114
0	177
0	11
48	103
602	205
0	204
6	114
0	75
0	17
0	18
0	141
0	0
0	0
0	0
26	0
194	147
0	130
18	53
4	2453
11	619
0	434
0	425
0	1372
0	5329
0	3016
9	128
30	0
0	95
0	75
25	3
2	49
0	4234
0	165
0	4216
0	4185
0	2908
0	319
0	165
7	192
0	40
0	121
0	0
0	0
0	0
0	0
0	4
0	0
0	0
0	0
0	0
0	0
0	0
0	107
190	197
0	63
16	27
0	10
0	0
0	0
0	12
21	92
0	92
0	75
0	74
0	78
0	12
0	15
0	0
306	235
0	98
0	35
0	0
10	4
2	112
0	0
0	0
0	0
0	0
0	25
0	0
0	0
2049	2392
0	1137
0	7
116	943
0	194
0	155
13	513
0	212
84	138
0	168
12	138
0	14
0	6
0	78
0	52
0	11
0	11
0	0
22	1354
0	1248
6	881
0	0
0	204
0	426
0	420
0	90
0	98
0	17
0	47
0	38
0	39
0	36
0	29
0	0
0	0
0	0
0	1585
1	1583
0	107
2	193
0	39
0	11
0	149
0	47
0	38
18	98
0	0
1	896
0	484
1350	898
0	375
0	208
0	73
0	1119
61	1121
0	23
0	77
0	7
0	0
563	1784
152	493
20	77
0	262
0	113
0	0
5	163
136	1172
0	278
0	11
14	2784
67	3064
0	467
0	574
0	733
0	470
0	278
0	52
4	403
0	1
0	0
0	0
0	0
0	0
0	0
0	0
0	0
0	0
0	0
0	0
0	0
0	5272
0	5272
0	12199
0	12199
0	24
26	1
0	426
0	490
0	314
0	233
0	496
0	3
0	437
0	7
0	0
0	0
0	0
0	0
0	0
0	0
0	0
0	0
0	0
0	0
0	1025
0	291
0	115
89	1967
0	5
8	94
0	1034
2	1664
0	1876
34	12
0	24
17	1731
0	87
0	15
0	0
1	759
0	2
0	736
0	688
12	464
0	19
0	13
0	11
0	0
0	97
0	89
0	22
0	7
0	18
0	17
0	36
3	193
0	0
0	0
0	0
0	0
0	0
0	0
0	0
0	0
0	0
0	0
0	0
0	0
0	0
0	0
0	2460
0	1435
3	1851
38	2433
342	1698
0	1864
0	1692
74	1474
76	1148
0	12
0	184
23	209
0	59
0	183
19	168
0	107
0	68
0	83
0	100
9	121
0	1290
0	0
6	6
0	6
13	0
0	0
0	0
0	0
0	0
0	0
0	0
0	0
0	0
0	847
40	735
0	448
0	438
16	136
0	131
0	0
0	195
0	1
0	208
0	22
0	43
0	92
0	0
0	0
0	0
0	0
0	0
114	127
0	116
0	50
0	9
39	0
0	0
0	0
0	0
0	0
0	0
0	0
0	0
0	34
0	0
0	0
0	0
0	0
0	0
0	0
0	0
0	0
0	0
0	0
0	0
0	0
0	0
0	0
0	0
0	0
0	0
0	0
2	60
0	1
0	6
0	6
0	35
0	5
0	0
0	34
0	1
0	14
0	2
0	0
0	13
0	6
0	0
45	1111
0	850
0	787
0	196
0	10
0	358
8	445
0	335
0	310
0	286
0	62
0	0
0	4
0	0
0	0
0	0
0	0
0	0
0	0
0	101
3	1566
0	9
0	7
0	21
0	1530
2	1056
9	123
0	97
0	133
0	132
0	1
0	1473
0	137
0	0
0	90
0	25
0	138
0	47
1053	3748
123	3320
29	3570
0	165
0	184
6	1340
0	32
44	2791
0	215
10	2807
0	157
8	280
1	122
0	93
6	174
0	182
0	40
0	95
0	15
0	0
166	122
0	22
0	18
0	9
0	17
0	50
0	51
0	0
0	14
0	0
0	0
0	0
0	1
0	1
0	1
0	0
0	0
0	0
0	0
0	0
0	0
0	0
0	0
0	0
59	5405
18	664
217	5477
12	171
0	220
0	33
0	44
0	110
0	652
0	328
0	410
0	508
0	288
0	381
8	72
0	1
0	665
14	107
0	322
0	419
0	381
0	0
10	81
0	0
0	0
0	0
0	0
8	1
0	1
0	0
0	0
0	49
8	79
0	0
1	14312
0	14430
0	0
0	0
0	0
0	0
0	275
0	239
0	227
0	226
0	28
0	201
0	233
0	183
0	230
0	71
0	274
0	80
0	28
0	133
10	284
0	285
0	111
0	189
0	230
0	271
0	221
0	219
0	248
0	152
0	150
0	202
0	287
0	125
0	233
0	204
0	194
0	129
1	110
0	198
0	68
0	175
0	250
0	216
0	125
0	183
0	129
0	174
0	176
0	98
0	89
0	113
0	114
0	168
0	185
0	133
0	151
0	37
0	140
0	132
0	5
0	112
0	54
0	164
0	23
0	130
0	16
0	1
0	17
0	41
0	58
0	24
0	77
0	78
3	19
0	14
0	8
0	1
0	0
0	0
0	5
0	5
0	5
2	81
0	81
0	0
0	0
0	1
0	1
0	1
0	0
0	0
0	39
0	75
53	211
0	78
0	107
0	35
0	56
0	0
0	0
0	0
0	0
0	0
0	0
0	0
0	21
0	21
0	21
0	21
0	21
0	21
0	21
0	21
0	21
0	0
0	0
0	0
0	43
0	5
0	0
9	15237
12	15401
0	15303
0	1696
500	14421
135	15231
0	863
66	1584
0	0
10	10743
0	284
0	854
0	1139
20	1612
0	0
0	0
0	71
0	67
0	0
19	6
0	0
0	0
6	15
3	4263
43	3870
11	3849
4	3888
0	4365
10	3843
16	3260
0	3860
0	275
16	960
0	201
0	3
0	0
0	2630
0	395
0	187
0	497
0	483
18	1669
14	1471
0	214
0	88
0	128
0	83
0	448
0	400
0	150
2358	2857
136	1329
41	1539
0	97
0	0
0	3
0	0
0	480
66	536
0	2
3	307
0	484
0	562
10	310
29	53
0	411
0	86
0	10
0	45
0	107
0	29
0	1
0	4
0	4
0	0
0	0
0	4
0	1
0	0
0	0
0	0
0	5
5	5
0	0
3	188
1	264
1	188
0	147
0	99
0	97
0	47
41	24
0	25
0	25
0	23
0	25
0	23
0	1
1	1617
69	1733
85	1463
0	1346
0	247
0	282
2	691
308	822
0	0
0	16
2	18
61	67
79	329
0	48
191	0
0	0
0	9
0	59
0	71
0	233
0	247
42	93
0	239
0	195
0	149
0	154
0	74
0	33
0	39
0	197
0	6
0	0
0	0
0	0
0	0
0	0
0	6
0	6
0	6
0	6
0	0
0	0
0	3
0	0
0	1
20	6
0	5
0	0
0	68
0	0
0	0
0	0
0	0
1	173
0	208
3	323
0	0
0	0
0	4
0	0
0	0
0	0
0	0
0	0
0	0
0	0
0	0
11	12
0	2
0	8
0	1
0	4
0	4
0	0
52	1820
0	21
6	1186
0	0
16	1318
19	559
221	1067
1	1227
32	1398
0	1
0	590
0	541
4	368
0	10
0	51
6	468
0	567
23	355
0	299
0	99
0	148
0	122
0	30
0	0
0	0
0	2
0	0
0	0
0	0
0	3138
0	2687
0	142
0	430
0	29
0	275
0	155
0	129
11	2291
0	0
13	9
0	0
0	0
11	1572
0	1116
1943	2865
129	1279
0	1196
7	215
35	580
648	984
7	272
51	676
0	0
828	0
51	0
0	0
0	0
0	2362
34	2428
0	664
0	199
0	2356
2	2085
0	787
3	516
105	145
0	216
1	3528
0	3553
0	2350
0	2238
0	2247
28	3587
0	331
0	809
0	921
6	475
0	604
0	322
3	2533
0	221
0	2551
7	2214
0	188
33	2290
0	2
10	11
0	17
23	17
0	8
0	0
0	0
0	0
0	0
0	0
0	0
0	0
0	0
0	0
0	0
0	0
0	0
0	0
0	0
0	0
0	0
0	0
0	0
0	0
0	0
0	0
0	624
251	624
0	172
0	510
0	1934
40	1892
0	143
0	22
0	158
0	65
0	203
0	198
0	160
0	2
0	265
0	168
0	19
0	0
0	55
0	0
0	168
0	223
63	522
0	3
6	388
0	411
1	411
16	482
0	346
8	211
3	181
0	143
0	32
0	0
0	0
0	0
0	0
0	0
0	0
0	0
0	0
0	0
0	0
0	0
0	0
0	0
0	0
0	0
0	0
0	0
11	116
17	122
20	97
0	16
0	27
0	5
0	0
9	16
0	6
14	0
23	0
17	0
0	1019
0	498
1	1033
50	721
29	935
37	992
9	843
8	403
0	77
45	690
0	576
104	508
4	455
0	230
20	26
495	440
6	222
0	336
0	20
0	80
0	30
0	104
1	475
0	386
0	233
0	25
121	444
0	14
4	245
0	269
5	337
1	246
4	347
0	47
0	424
0	0
0	14
0	14
0	14
0	0
0	0
0	0
0	0
0	0
0	0
0	0
0	0
0	0
0	0
0	0
0	0
0	0
0	0
0	0
0	0
0	0
0	0
0	0
0	0
0	0
0	0
0	0
0	0
0	0
0	0
0	62898
0	51867
0	61467
0	0
0	62872
0	185
0	4
0	0
0	6
0	8
532	15653
543	58351
618	62505
13	45904
2	61948
0	20619
10	67844
0	62447
0	67840
0	62443
13	4055
35	57228
0	54938
0	13680
2	10823
0	31138
0	14730
17	2018
23	27038
10	8884
0	62
0	1172
15	2712
1	946
0	446
6	948
1	117
0	2160
0	2220
0	1352
0	2222
0	48
0	56
0	828
0	2565
0	9
0	9
0	6
0	6
0	6
0	88
0	218
0	145
0	100
0	216
0	132
0	117
0	56
0	20
5	26
0	56
0	13
11	2
0	4
5	24
0	24
0	0
0	0
0	0
0	0
0	963
0	819
0	891
0	701
0	765
0	137
16	163
0	0
0	55
0	486
0	464
4	434
8	642
0	270
0	222
0	5931
2	3717
924	15119
0	1
15	12846
0	1450
0	4255
22	12688
0	2846
3	11303
5	4716
3	2750
0	158
0	3253
0	2762
6	2129
0	415
0	114
4	49
24	0
60	19
0	104
78	68
0	541
0	559
0	132
0	51
0	57
0	721
0	581
0	292
0	570
0	123
0	243
1	293
0	8
0	53
0	52
0	94
0	0
0	2
0	0
0	0
0	0
0	0
0	0
4	3628
1	2872
0	79
0	82
0	2317
0	200
66	2251
0	0
698	823
108	774
48	111
61	0
25	667
254	939
28	820
1	205
0	1
0	62
0	117
0	0
0	0
0	0
0	0
0	0
0	0
0	1
0	32
1	291
0	31
0	320
1	319
2	1067
154	1158
17	554
463	1229
24	891
0	628
0	248
0	10
0	0
0	0
0	98
9	4
1	4
0	2
12	0
0	0
197	880
0	601
0	662
0	583
11	533
2772	0
0	0
0	0
571	4388
0	6
0	10
1	4491
0	40
0	81
0	316
0	147
0	311
0	912
0	119
0	98
0	213
0	328
0	15
5	260
0	7
11	318
0	712
0	0
28	0
0	0
0	0
0	0
67	579
25	579
14	99
2	0
2	274
0	367
0	113
0	2
182	149
0	56
0	0
8	182
14	189
0	23
125	162
4	156
12	98
0	15
21	61
3	6
0	0
0	59
0	96
0	20
72	119
301	199
0	63
0	0
0	0
543	163
0	163
0	157
0	157
0	114
0	90
0	0
0	0
0	0
0	40
0	166
0	2
0	43
4	458
3	592
0	45
0	564
15	586
5	155
0	18
2	153
0	110
324	1318
0	4
8	1063
0	3
0	24
0	0
0	1289
0	221
0	908
0	0
0	0
0	2
8	60
32	4674
10	4371
17	2083
0	2
0	0
226	4750
0	0
0	187
0	72
0	458
0	226
4	317
10	322
37	450
0	426
0	232
0	63
2	64
4	78
0	24
0	0
0	3
0	7
0	0
0	4
0	2
10	9
0	3
0	0
0	13
0	1
0	5
0	150
1	2758
1	201
0	267
116	2634
21	2520
0	212
8	2638
46	174
0	186
0	115
14	560
6	870
77	0
0	0
0	0
6	106
0	10
0	0
66	93
131	173
6	70
0	70
0	69
0	0
0	0
0	0
0	0
0	0
0	0
87	0
0	0
0	773
1	781
0	382
0	783
0	495
15	711
0	55
0	135
0	496
26	71
273	677
0	123
0	412
10	16
0	0
972	23
0	9
0	14
0	3
0	11
1	11
0	1
0	2
0	0
97	13
0	13
0	0
0	8
0	226
0	316
0	385
99	523
0	142
0	245
0	126
0	205
0	32
0	77
0	16
0	36
0	28
0	0
0	4
0	3
0	0
2	89
0	89
0	132
4	134
3	136
0	136
26	159
0	134
0	2
0	28
0	11
0	26
0	0
16	1085
0	6
0	98
188	1067
0	55
25	120
0	12
1	483
0	79
0	207
1	980
15	983
52	876
60	1271
0	758
0	293
0	143
0	141
10	116
0	1688
72	1338
28	1732
0	1304
73	1733
19	1054
0	78
0	104
0	317
2	52
0	0
0	164
1	268
0	162
112	35
0	122
18	299
0	74
0	0
289	2
96	2
0	0
0	0
0	0
0	0
0	0
0	0
0	0
0	0
0	0
0	0
0	0
0	0
0	0
0	0
0	0
0	0
0	0
0	0
7082	5633
59	5152
16	286
5	4871
351	5162
110	5044
21	514
0	29
41	2285
0	631
1	0
2	1300
0	588
0	5
0	0
35	164
0	123
24	129
0	38
0	30
51	5
0	5
0	0
0	0
0	28
10	28
0	1
0	1
0	5
0	0
0	0
0	0
0	0
0	0
1	72
0	1
0	1
0	55
17	54
0	0
0	0
0	0
0	0
0	0
0	0
0	0
0	0
0	0
0	0
0	0
0	0
16	0
68	30
0	171
1	177
2	167
0	190
0	172
12	115
0	7
0	2
0	0
0	4
0	10
0	14
0	0
0	8
0	0
0	1
0	2
0	2
0	5
0	8
0	13
0	1
0	13
0	13
0	4
0	9
0	0
0	119
0	207
0	0
0	0
0	932
0	0
0	3
0	97
0	0
1	1992
3	2115
47	1441
0	1759
0	1328
0	144
0	105
0	28
0	138
0	159
0	172
0	0
0	0
0	0
0	0
0	0
0	0
0	0
0	0
0	0
0	0
0	0
0	2
0	0
0	0
0	0
0	0
0	0
8	131
7	120
3	130
0	21
0	14
0	29
466	21
0	0
0	12
1	68
9	102
42	170
4	151
10	19
12	90
0	19
0	42
0	7
0	42
0	23
0	35
0	89
0	0
0	0
0	0
0	0
1	0
0	0
0	0
0	0
65	364
0	36
0	9
0	18
0	26
0	311
0	0
0	0
0	0
0	0
0	0
0	0
0	0
0	0
0	0
0	0
330	222
8	10
0	0
24	0
0	0
0	6
0	0
0	0
0	0
0	0
1	2
0	0
0	0
0	0
0	0
0	0
0	0
0	0
0	0
0	0
0	0
0	0
0	0
0	0
0	0
0	0
0	0
0	0
0	0
0	0
0	0
0	0
0	0
0	0
0	0
0	0
0	0
0	0
0	0
0	0
0	0
0	0
0	0
0	0
0	0
0	0
0	0
0	0
0	0
0	0
0	0
0	0
0	0
0	0
0	0
0	0
0	0
0	0
0	0
0	0
0	0
0	0
0	0
0	2
0	3
0	0
4	7
0	0
0	0
0	0
0	0
0	0
0	0
0	0
0	0
0	0
0	0
0	0
0	0
0	0
0	0
0	0
0	0
0	2
0	0
0	0
0	0
0	223
0	10
0	0
0	0
0	0
0	0
0	0
0	0
0	2
0	2
0	0
0	0
0	0
0	0
0	0
0	0
0	0
0	0
0	0
0	0
0	0
0	0
0	0
0	0
0	0
0	0
0	0
8	0
0	0
0	0
0	0
0	0
0	0
0	0
0	1
0	4
0	0
0	0
0	0
0	0
0	0
0	0
0	0
0	0
0	0
0	0
0	5
0	221
0	2
0	0
0	0
0	0
0	0
0	0
0	0
0	0
0	0
0	0
0	0
0	0
0	0
0	0
0	0
0	0
0	0
0	0
0	0
0	0
10	0
0	0
0	0
12	0
0	0
0	0
0	0
0	0
0	0
0	0
0	0
0	0
0	0
0	0
0	0
0	0
0	0
0	0
0	0
0	0
0	0
0	0
0	89
0	0
0	0
0	0
0	0
0	0
0	0
0	0
0	0
0	0
0	0
0	0
0	0
0	0
0	0
0	0
0	0
0	0
0	0
0	0
0	0
0	0
0	0
0	0
0	0
0	0
0	0
0	0
0	0
0	0
0	0
0	0
0	0
0	0
0	0
0	0
0	0
0	0
0	0
0	0
0	0
0	0
0	0
0	0
0	0
0	0
0	0
0	0
0	0
0	0
0	0
0	0
0	0
0	0
0	0
0	0
0	0
0	0
0	0
0	0
0	0
0	0
0	0
0	0
0	0
0	0
0	0
0	0
0	0
0	0
0	0
0	0
0	0
0	0
0	0
0	0
0	0
0	0
0	0
0	0
0	0
0	0
0	0
1289	994
0	142
0	75
0	100
0	680
0	128
27	0
0	206
0	378
1	245
0	0
276	3429
705	3429
4	462
0	237
27	629
0	14
0	121
0	239
0	34
0	18
0	0
0	0
0	0
0	0
5	354
9	1265
106	305
50	301
0	448
0	246
16	1187
16	407
29	820
35	22
0	16
0	0
0	0
34	20
0	4
0	0
8	0
449	532
241	675
0	221
0	129
0	0
0	0
33	896
4	131
5	893
0	158
0	578
636	1421
104	1472
7	90
0	441
0	0
0	0
0	0
34	631
9	661
0	308
7	188
0	65
0	0
0	0
0	0
0	0
0	609
46	906
0	516
13	615
0	246
71	640
75	145
0	0
0	60
0	102
35	42
0	71
0	0
0	0
0	0
0	0
0	0
0	0
10	220
24	1344
130	1423
6	1317
0	0
0	0
10	348
0	121
0	0
0	23
0	153
0	12
0	2
0	92
0	140
15	535
0	97
0	0
0	0
0	0
0	0
0	1
0	0
0	0
0	0
0	0
0	0
0	0
0	0
0	0
0	0
0	0
0	0
0	0
0	0
0	0
0	0
0	0
0	0
0	0
0	0
0	0
0	63
0	63
0	63
0	63
0	0
0	89
19	63
0	0
1759	2815
0	2392
0	1571
71	2314
0	494
9	564
7	249
0	368
14	47
0	0
15	0
0	27
0	122
10	231
9	217
14	213
0	15
0	4
0	3
0	0
0	0
0	0
0	0
0	0
0	0
1051	1244
40	99
0	2
156	1144
0	4
0	177
0	0
0	0
0	0
0	0
0	0
0	0
0	0
0	0
0	0
0	0
0	0
0	0
0	0
0	0
0	0
0	0
0	0
0	0
0	0
0	0
0	0
0	0
0	0
0	0
0	0
0	0
0	0
0	0
0	0
0	0
0	0
0	0
0	0
0	0
0	0
0	0
0	0
0	0
0	0
0	0
0	0
0	0
0	0
0	0
0	0
0	0
0	0
0	0
0	0
0	0
0	0
5	351
11	361
0	34
0	0
0	309
0	0
0	1
0	51
3	244
0	284
0	32
0	0
0	0
0	0
457	71
0	5
0	5
0	10
0	63
0	0
0	0
0	0
0	0
0	0
0	1011
0	605
0	309
18	824
0	40
0	84
0	1630
0	5
0	409
0	0
0	77
0	34
0	17
0	321
0	1627
0	355
0	1
0	63
9	145
0	117
5	156
240	2621
139	1788
1	413
0	427
0	250
0	0
0	0
0	0
0	0
0	0
0	0
0	0
14	0
0	0
0	0
0	0
0	0
0	0
0	217
0	11
0	192
0	347
12	233
864	135
0	83
0	467
6	696
0	85
0	618
0	32
0	729
0	101
0	67
0	1
0	11
0	1
0	1
0	18
0	0
150	0
2	0
0	1052
0	5909
59	3680
0	5860
4	5520
14	4791
0	1643
26	129
33	5859
661	5915
0	4340
24	2954
0	18
20	148
0	1
0	3
0	0
0	0
0	0
0	0
0	0
0	0
0	0
0	0
0	0
0	0
0	0
0	0
0	0
0	0
0	0
0	0
0	0
0	0
0	0
0	0
0	0
0	0
0	0
0	0
0	0
0	0
0	0
0	0
0	0
0	0
0	0
0	0
0	0
0	21207
6	26364
0	0
0	0
0	0
0	0
0	0
0	0
0	0
0	0
0	0
0	0
0	0
0	0
0	0
0	0
0	0
0	0
0	0
0	0
0	0
0	0
0	0
0	0
0	0
0	0
0	0
0	0
0	0
0	0
0	0
0	0
0	0
0	0
0	0
0	0
0	7
0	0
0	0
0	0
0	0
6	0
1	0
0	1194
0	1059
11	1190
0	45
0	97
30	45
0	1190
0	3
0	1192
0	2
0	228
0	317
0	0
0	11
0	0
0	137
0	1060
0	52
0	19
0	19
0	20
0	0
0	0
0	0
0	0
0	0
0	0
0	0
0	0
0	0
0	0
0	1
29	1
0	0
0	0
0	0
0	174
100	2169
0	908
4	1903
0	72
5	21
21	121
0	66
0	0
0	0
0	17
20	0
11	410
6	249
0	90
0	78
0	144
0	69
0	67
0	75
0	63
5	60
0	52
0	41
0	1
0	4
0	130
0	137
0	134
0	120
0	104
0	98
0	4
0	8
0	33
0	10
26	2
0	3
0	1
0	0
0	482
0	516
7	1498
1	515
0	0
2	464
0	542
0	510
55	511
0	525
0	279
0	0
0	238
0	103
4	149
2	473
0	0
0	975
0	316
49	961
0	184
0	951
33	19
0	0
0	0
0	0
0	0
0	441
0	0
0	0
0	0
0	0
0	0
0	0
0	0
0	0
0	0
0	0
0	0
0	0
0	0
0	0
0	0
0	0
0	0
0	0
0	0
0	0
0	0
0	0
0	0
0	0
0	0
0	0
0	0
0	0
0	0
0	0
0	0
0	0
0	0
0	0
0	0
0	0
0	0
0	0
0	0
0	0
0	0
0	0
0	0
0	0
0	0
0	0
0	0
0	0
0	0
0	0
0	0
0	0
0	0
0	0
0	0
0	0
0	0
0	0
0	0
0	0
0	0
0	0
0	0
0	0
0	0
0	0
0	0
0	0
0	0
0	0
0	0
0	0
0	0
0	0
0	0
0	0
0	0
0	0
0	0
0	0
0	0
0	0
0	0
0	0
0	0
0	0
0	0
0	0
0	0
0	0
0	0
0	0
0	0
0	0
0	0
0	0
0	0
0	0
0	0
0	0
0	0
0	0
0	0
0	0
0	0
0	0
0	0
0	0
0	0
0	0
0	0
0	0
0	0
0	0
0	0
0	0
0	0
0	0
0	0
0	0
0	0
0	0
0	0
0	0
0	0
0	0
0	0
0	0
0	0
0	0
0	0
0	0
0	0
0	0
0	0
0	0
0	0
0	0
0	0
435	2760
10	2073
0	1112
0	1320
0	247
0	359
0	71
0	1
0	497
0	333
0	72
0	0
0	2
3217	783
0	14
7	390
557	0
0	106
0	0
57	409
141	1075
0	1
0	53
0	146
0	45
61	991
0	52
6	51
0	36
21	600
0	2
0	0
0	14
0	52
8	477
3	302
16	530
0	135
0	78
0	74
0	22
0	0
0	14
0	35
0	115
0	15
0	190
0	115
0	8
0	1
0	54
0	53
0	37
0	0
0	0
0	0
0	0
0	0
0	0
0	0
233	187
0	146
0	62
0	74
0	168
0	0
0	0
0	0
17	4
0	4
0	4
0	0
0	0
0	0
0	0
0	0
0	0
0	0
0	0
0	0
0	0
0	0
0	0
0	0
11	4
0	3
0	3
0	0
0	0
0	0
0	0
0	0
0	0
0	0
2	0
0	0
0	0
0	0
0	0
0	0
0	0
0	0
12	1794
0	358
0	196
0	1668
0	233
0	166
0	240
0	126
0	1498
0	0
0	0
0	217
0	4
0	0
0	1498
0	170
0	85
0	78
0	50
2	201
0	146
0	0
0	0
0	0
0	0
0	0
0	0
0	0
0	0
77	7175
0	250
30	516
48	1000
40	2357
1	3633
9	6987
514	5498
1	5992
0	1169
14	1571
0	9
19	3122
0	2181
47	5740
0	1433
10	945
9	745
128	1279
4	11
38	11
0	0
0	247
0	188
0	57
26	246
21	698
1	1725
127	0
12	65
20	0
0	36
0	1
0	1720
0	1638
1	785
3	1458
0	532
0	98
0	248
8	1055
0	976
4	233
0	82
0	12
0	948
0	64
0	67
0	0
0	13
0	11
0	0
0	207
28	335
0	64
0	0
0	0
0	0
0	65
0	65
0	0
7	59
0	12
0	16
0	19
0	10
0	19
0	8
0	0
0	0
686	1262
27	835
7	981
0	489
0	891
0	1006
18	926
0	841
2	418
2	399
0	424
0	310
9	290
0	169
0	161
0	117
0	70
0	29
21	0
0	9
14	6
0	213
0	213
0	1
69	1472
0	178
23	182
1	1272
0	116
0	92
0	10
16	946
1	224
111	1063
0	0
0	161
0	662
0	0
0	0
0	98
210	865
82	50
0	18
0	20
0	0
0	0
76554	0
0	0
0	0
0	0
0	0
0	40
0	40
19	751
24	698
0	518
0	543
0	360
0	196
0	236
0	1
1	39
5	176
0	174
0	185
0	2
0	158
0	67
0	133
3	1068
0	132
0	250
0	323
0	490
0	325
0	800
0	333
0	228
0	82
0	329
0	16
0	96
0	31
2	593
0	0
748	367
0	202
0	363
0	10
9	360
0	247
0	0
0	29
0	66
0	73
0	45
0	22
0	5
0	12
0	10
0	9
0	9
0	9
0	9
0	9
0	7
0	7
0	2
0	4
0	4
0	1
170	97
0	97
106	1677
0	14
9	729
15	1553
0	221
47	1657
0	27
0	0
0	9
0	0
0	12
0	1
0	12
0	20
0	2
0	133
0	149
0	142
0	6
0	3
0	6
0	36
0	152
0	9
0	8
0	8
0	23
0	10
0	18
0	16
0	0
0	16
0	0
0	139
0	17
0	7
0	9
0	9
0	135
0	9
0	147
0	10
0	147
0	15
0	11
0	1
0	8
0	1
0	5
0	17
0	1
0	2
0	1
0	11
0	12
0	12
0	7
0	16
0	5
0	7
0	0
0	0
0	84
0	5
0	9
0	8
0	13
0	0
0	154
0	5
0	15
0	11
0	17
0	5
0	16
0	15
0	12
0	4
0	18
0	12
0	12
0	12
0	15
0	0
0	10
0	0
0	0
0	0
0	0
0	0
0	0
0	0
0	0
0	0
0	0
0	0
0	0
0	0
0	0
0	0
0	0
0	0
0	0
0	0
0	0
318	641
0	196
0	156
2	551
0	135
0	153
0	201
24	177
0	88
0	42
0	0
0	0
0	0
0	0
0	0
0	0
0	0
0	0
0	0
0	0
0	0
0	0
0	0
0	0
0	0
0	0
0	0
0	0
0	0
0	0
0	0
0	0
0	0
0	0
0	0
0	0
0	0
0	0
0	0
0	0
0	0
0	0
0	0
0	0
0	0
0	0
0	0
0	0
0	0
0	0
0	0
0	0
0	0
0	0
0	0
0	0
0	0
0	0
0	0
0	0
0	0
0	0
0	0
0	0
249	22
0	22
0	487
1	1209
0	453
0	160
0	185
0	175
0	150
0	70
0	112
0	148
8	198
0	79
0	35
28	60
0	34
13	902
0	0
0	0
0	0
0	0
68	562
11	459
0	116
0	1
0	171
0	154
0	107
0	0
0	0
0	975
0	1157
0	592
2027	348
0	33
0	180
0	0
0	0
0	5
0	435
0	472
0	27
0	72
0	0
0	53
0	53
0	52
0	9
0	0
0	0
0	16
0	0
0	0
0	0
0	3
0	0
0	238
10	299
21	358
0	0
7	283
0	0
0	0
0	0
0	38
0	0
0	0
0	0
0	0
0	0
0	0
0	0
0	0
0	0
0	0
0	0
0	0
0	0
0	0
0	0
0	0
0	0
0	0
0	0
0	0
0	0
0	0
0	0
0	0
0	0
0	0
0	0
0	0
0	0
0	0
0	0
0	0
0	0
0	0
0	0
0	0
0	0
0	0
0	0
0	0
0	0
0	0
0	0
0	0
0	0
0	0
0	0
0	0
0	0
0	0
0	0
0	0
0	0
0	0
0	0
0	0
0	0
0	0
0	0
0	608
108	1225
1	486
0	489
0	11
0	16
0	51
0	1
0	107
1	407
0	64
30	256
0	61
31	9713
43	1877
0	9116
9	8917
27	695
0	1
65	1319
6	360
0	78
6	5230
10	551
0	410
0	443
0	180
6	544
0	408
0	72
0	195
0	206
0	72
0	75
0	0
0	0
9	1
0	0
0	0
0	0
0	0
0	396
35	398
0	223
0	144
0	98
0	9
0	134
0	9
0	32
0	15
0	31
0	31
0	25
0	0
0	7
0	10
0	0
868	1928
0	1499
14	151
0	703
0	568
0	18
0	295
0	0
0	0
0	0
0	0
0	0
0	0
0	0
0	0
0	0
0	0
0	0
0	0
0	0
0	0
0	0
0	0
0	0
0	0
0	0
0	0
0	0
0	0
0	0
0	0
0	0
0	0
0	0
0	0
4	2715
0	1935
0	0
0	0
0	0
0	0
0	0
0	0
0	0
0	0
0	0
0	0
0	0
0	0
0	0
0	0
0	0
0	0
0	0
0	0
0	0
0	0
0	0
0	0
0	0
0	0
0	0
0	0
0	0
0	0
0	0
0	0
0	0
0	0
0	0
0	0
0	0
0	0
0	0
0	0
0	0
0	1
0	0
0	0
0	0
0	0
0	0
0	0
0	0
0	0
0	0
0	0
0	0
0	0
0	0
0	0
0	0
0	0
0	0
0	0
0	0
0	0
0	0
0	0
0	0
0	0
0	0
0	0
0	0
0	0
0	0
0	0
0	0
0	0
0	0
0	0
0	0
0	0
0	0
0	0
0	0
0	0
0	0
0	0
0	0
0	0
0	0
0	0
0	0
0	0
0	0
0	0
0	0
0	0
0	0
0	0
0	0
0	0
0	0
0	0
0	0
0	0
0	0
0	0
0	0
0	0
0	0
0	202
0	189
0	202
0	202
0	134
1	134
0	6
0	134
0	66
0	42
0	49
0	61
0	22
0	22
0	46
0	41
0	16
0	32
0	17
0	0
0	6
0	0
0	16
11	94
41	62
20	52
0	19
0	47
0	57
0	30
0	10
0	6
0	14
0	5
0	15
0	0
0	0
0	0
0	0
0	0
0	0
0	0
0	0
0	0
0	0
0	0
0	0
0	0
0	0
0	0
0	0
0	0
0	0
0	0
0	0
0	0
0	0
0	0
0	0
0	0
0	0
0	0
0	17
0	252
0	17
0	62
0	252
0	235
0	9
0	253
0	43
0	34
0	212
0	38
0	59
0	57
2	147
0	0
0	0
0	0
0	0
0	0
415	604
0	299
0	12
0	81
0	31
8	142
0	44
0	91
0	34
0	0
0	119
0	14
0	45
0	63
0	51
0	199
0	0
0	0
0	0
0	0
0	0
0	0
0	0
0	0
0	101
0	1340
11	1493
0	163
0	91
0	204
2	1404
0	1278
0	19
0	94
0	327
0	229
0	63
0	364
0	165
0	144
0	245
0	161
0	117
0	175
0	96
0	83
0	0
0	0
0	0
0	0
0	13
149	116
0	12
0	7
0	1
0	0
0	0
0	20
12	95
0	0
0	0
0	0
0	0
0	0
0	0
0	0
0	0
0	0
0	204
10	204
0	47
0	10
0	24
65	954
0	268
0	716
0	531
0	491
29	119
1	919
0	132
0	973
4	773
0	165
0	40
0	18
0	41
0	117
0	12
0	1
0	15
0	0
0	62
2	304
0	287
0	23
0	12
0	5
0	108
0	3
39	243
0	46
0	37
0	34
0	40
0	38
1	41
8	48
0	10
1	28
0	13
0	10
21	11
0	0
3	302
65	1678
0	30
20	1627
0	306
0	117
0	35
0	77
0	277
0	87
0	41
0	121
91	208
0	56
0	19
0	14
0	0
0	0
0	13
0	21
199	66
98	309
0	344
7	40
0	42
0	30
9	22
58	3
0	3
0	21
0	2
0	1
0	14
0	14
0	0
0	1
0	0
0	0
0	0
0	2
0	4
0	5
0	1
0	3
0	3
0	4
0	3
0	4
4	5
0	0
0	0
0	0
0	2
0	0
0	0
0	0
0	0
0	0
0	2
0	2
0	2
0	0
0	1
0	0
0	5
0	3
1	83
0	11
0	6
6	72
18	11
10	0
0	24
0	77
0	51
0	81
0	18
0	22
35	246
0	225
15	377
7	402
0	64
5	220
0	31
0	63
0	29
0	16
0	3
0	0
0	0
0	0
0	0
0	0
0	0
0	0
0	1566
0	161
5	1371
0	239
0	473
0	422
0	210
0	491
0	331
0	21
0	6
0	132
0	138
2	48
0	52
0	4
1	52
0	13
0	0
0	0
6	78
4	112
0	93
0	65
0	65
0	25
0	43
0	29
0	5
0	0
0	0
0	311
0	70
0	337
0	0
0	258
0	180
166	364
0	248
0	80
0	101
0	101
0	164
0	131
159	1343
8	1344
20	69
2	129
0	99
0	144
0	478
0	70
0	0
1	98
0	5
3	87
4	110
0	109
0	2
0	8
0	5
0	11
80	0
0	22
0	24
0	2
0	2
0	2
0	2
0	19
0	19
0	2
0	15
0	2
0	7
0	2
0	0
0	1
0	0
0	0
0	0
0	0
0	0
0	0
0	0
0	0
0	0
0	0
0	0
0	0
0	0
0	0
0	0
0	0
0	0
0	0
0	0
0	0
0	0
0	0
0	0
0	0
0	0
0	0
0	0
0	0
0	0
0	0
0	0
0	0
0	0
0	0
0	0
0	0
0	0
0	0
0	0
0	0
0	0
0	0
0	0
0	0
0	0
0	0
0	0
0	0
0	51
0	322
3	343
0	28
4	66
0	309
0	197
0	20
0	155
0	291
97	269
0	27
0	259
0	150
0	15
0	186
0	13
0	0
0	0
23	8
26	8
0	0
0	0
0	0
0	0
0	0
0	3
0	600
0	50
0	604
0	581
0	0
0	578
0	3
0	31
1	605
0	247
0	274
0	65
0	50
0	40
0	13
0	23
3	456
0	15
0	23
0	38
0	4
0	0
0	3
0	0
0	0
0	0
19	0
0	0
2	1855
0	1792
0	156
0	1315
0	1736
0	175
6	1853
2	1831
0	1746
7	1735
0	1686
0	365
6	110
0	1151
0	1208
0	1176
2	1070
0	3
38	1189
0	213
0	6
22	1205
5	91
25	100
1	174
0	97
0	102
0	13
28	105
0	6
0	459
0	458
0	467
0	132
0	454
0	74
11	114
0	336
0	325
0	265
0	116
0	22
0	0
0	4
0	2
0	526
3	627
0	556
0	563
10	175
0	121
0	110
0	60
0	3
0	12
0	33
0	16
0	38
0	0
0	36
0	13
0	11
0	427
57	448
18	336
0	4
72	173
5	172
0	109
2	722
1	682
1	295
0	342
0	367
0	132
0	84
0	25
0	64
0	0
0	0
0	0
0	0
0	0
0	0
0	0
0	0
0	0
0	0
0	0
0	0
0	0
0	0
0	0
0	0
0	0
2	601
0	623
0	407
0	409
0	655
0	623
0	602
2	254
0	54
0	501
0	448
0	124
0	154
0	147
0	171
0	150
0	26
0	32
0	39
0	18
0	15
0	9
0	14
0	9
0	12
0	8
0	8
0	4
0	2
0	2
0	52
0	19
0	43
0	0
0	0
697	60
208	5686
0	288
186	621
0	541
0	1920
4	1907
0	44
6	4497
0	0
123	5320
8	4922
0	2338
0	1403
0	4561
0	396
0	281
0	467
0	154
66	895
0	484
0	233
22	314
0	312
0	0
18	487
0	1
0	0
0	2
0	105
246	106
0	0
0	1
1	35
0	46
0	13
0	4
0	3
0	5
0	8
59	380
0	135
457	1033
8	506
0	189
5	484
46	86
2	29
12	19
0	0
6	22
5	18
0	5
0	0
0	7
0	7
1	745
0	712
0	652
10	659
0	628
1	626
0	637
0	33
0	38
0	319
0	5
0	0
0	99
0	2
0	33
0	96
0	127
0	56
0	51
0	0
0	0
0	29
0	19
0	29
0	3
0	6
0	2
0	2
0	2
0	2
0	35
0	63
0	100
0	11
0	60
16	568
7	524
0	45
0	49
0	24
0	438
0	1
0	6
0	150
5	446
0	3
0	0
0	0
0	0
392	30
0	0
0	22
0	901
0	917
0	1066
0	887
0	1052
0	63
0	926
0	67
0	16
0	475
0	59
22	1810
0	934
16	1830
0	1816
0	902
0	1051
0	903
0	1052
0	1051
5	1052
0	19
0	0
0	0
0	0
0	0
0	0
0	0
0	409
0	870
0	0
0	0
0	0
0	0
0	0
0	0
0	0
0	0
0	0
0	0
0	0
0	0
0	0
0	53
0	32
3	173
0	17
0	15
0	71
0	47
0	39
0	43
0	0
0	9
0	125
0	0
0	0
0	1834
0	1859
20	1566
0	39
0	1861
0	30
0	53
0	7
11	126
0	49
0	60
0	43
0	57
6	57
0	2
3	143
0	0
0	1
11	1359
0	1326
0	30
0	36
25	20
4	66
0	173
0	32
0	245
0	63
0	310
0	174
1	664
0	301
11	519
2	298
0	286
0	1
0	824
14	760
0	85
0	130
0	809
0	64
0	0
0	0
2	390
0	0
0	72
0	0
0	68
1	53
0	0
0	0
0	0
10	7
0	6
0	3
0	3
0	0
0	2
0	2
0	2
0	0
0	0
0	0
0	0
0	0
0	0
0	0
0	0
0	17
0	14
0	6
0	0
0	938
0	465
0	21
0	29
0	29
0	1
0	912
0	19
0	19
0	13
0	15
0	938
0	0
0	6
1	595
0	0
0	0
0	0
0	0
0	0
0	0
0	0
0	0
0	0
0	0
0	0
0	0
0	0
0	0
0	0
0	0
0	0
0	0
1	482
0	199
0	467
0	316
0	389
0	242
0	224
1	262
0	34
0	21
0	37
0	0
0	5
0	69
0	0
0	0
0	0
0	98
324	214
0	0
0	43
0	38
0	23
0	12
0	21
0	24
0	23
0	0
0	1
0	0
0	0
0	0
0	0
0	0
0	0
0	0
0	202
0	0
0	0
0	3078
21	3407
22	397
17	302
9	534
4	1011
14	745
1	677
6	757
4	236
0	84
0	531
155	4134
42	4029
0	644
0	833
0	3063
11	3510
0	416
0	482
0	488
0	455
0	670
0	505
0	498
0	646
0	0
0	0
337	48
0	43
0	4
0	18
0	5
0	13
0	0
0	0
63	833
460	1367
0	81
0	63
356	824
0	0
103	386
30	541
0	64
0	9
149	685
26	216
19	124
0	103
0	48
0	37
107	879
0	180
4	675
0	50
0	69
0	13
0	143
29	211
7	8
0	1
350	643
0	191
0	30
193	267
0	313
18	112
0	103
0	51
0	92
0	147
0	70
0	48
2	3098
0	3098
15	308
194	2234
101	1037
42	771
3	10
0	0
0	606
0	2175
0	2176
4	2181
12	133
0	864
0	850
1	2177
0	697
0	59
0	61
0	5
0	42
0	0
0	0
0	561
0	175
70	1071
3	1112
0	410
0	340
3	264
0	146
0	0
0	89
0	620
1546	2488
0	743
0	1163
0	599
0	0
5	500
1	16
11	1234
0	28
0	33
0	0
0	2
0	41
60	253
1	751
0	80
0	115
0	1131
0	69
0	634
0	53
2	503
0	864
0	0
0	13
0	55
0	65
0	0
0	0
0	0
0	0
0	0
0	0
0	0
0	0
0	0
0	0
0	0
0	0
0	0
69	550
1	508
0	40
0	5
0	457
10	4
0	17
6	57
0	15
0	434
0	7
0	13
0	7
0	29
52	0
0	0
279	1719
12	420
0	621
0	1618
6	855
0	349
0	83
0	67
0	202
0	427
0	33
0	0
0	246
0	0
0	0
0	0
0	0
0	0
0	0
0	0
0	0
0	0
0	0
0	0
0	0
0	9
0	3
39	19
10	104
4	96
0	7
0	0
804	0
6813	3019
16	1364
6	1762
5	780
0	247
0	416
0	43
0	0
0	0
4	317
0	1231
0	69
0	1288
0	1138
0	35
0	1163
31	1360
0	1190
32	1283
0	417
0	60
0	156
0	1246
0	237
0	75
0	146
2	404
7	1298
0	150
8	150
15	1650
0	96
0	37
3	1562
0	5
0	85
0	51
0	72
0	815
0	1040
0	86
4	1041
38	1296
0	66
12	1111
232	1547
0	1555
7	196
0	185
0	106
37	0
0	85
0	0
0	0
18	395
0	25
0	42
0	46
0	26
0	237
0	345
7	331
0	25
0	42
8	88
0	22
14	163
6	3135
6	3334
10	2791
0	2991
0	3080
4	1527
0	394
0	255
0	29
0	797
0	390
0	417
0	195
0	194
4042	4289
28	19
0	50
14	83
0	11
0	25
54	425
27	307
160	501
0	313
135	559
246	1247
0	651
172	1657
0	105
0	0
0	0
0	0
0	0
0	0
0	0
0	0
0	0
0	0
0	0
0	0
0	0
0	0
0	86
0	127
1	168
699	86
0	158
0	107
0	4
0	13
0	11
0	3
0	6
0	28
0	0
0	0
0	0
0	0
0	0
0	0
0	0
0	0
0	0
0	0
0	0
0	0
0	0
0	0
0	0
0	0
0	0
0	0
0	0
0	0
0	0
0	0
0	0
0	0
0	0
0	0
0	0
0	0
0	0
0	0
0	0
0	0
0	0
0	0
0	0
0	0
0	0
7	1127
55	1144
0	124
0	107
0	83
0	48
0	42
51	17
0	0
0	0
0	0
0	0
0	0
0	0
0	0
0	0
0	0
0	0
0	0
5	220
7	221
13	235
0	249
0	231
5	241
0	216
0	181
0	5
0	0
0	4
2	239
0	0
0	0
0	2
10	37
0	35
0	31
2	32
0	38
0	3
0	6
0	1
0	1
0	4
0	3
0	1
0	0
0	0
0	0
0	0
0	0
0	0
0	0
0	0
0	0
0	0
0	0
0	0
0	0
0	0
0	0
0	0
0	0
0	0
0	0
0	0
0	161
0	61
35	644
3	611
1	394
0	99
0	28
0	1
0	0
0	0
0	0
2349	3500
18	1725
0	3245
6	658
2	2904
0	1255
0	966
0	100
0	929
0	186
0	0
0	608
0	325
0	206
0	198
0	302
0	74
0	55
0	1
0	0
0	133
0	1
0	0
0	0
0	0
1369	0
0	0
0	0
0	174
0	11
0	1251
0	1410
0	0
0	2900
1	2953
0	2352
0	711
0	264
30	393
0	1456
76	2759
11	1270
0	711
0	507
35	2585
0	392
58	2188
0	0
12	218
0	2325
10	404
0	165
1	61
26	511
58	140
0	155
0	260
0	297
0	237
0	328
0	307
0	269
4	200
0	279
0	273
0	249
0	71
1	146
0	138
0	156
0	128
0	45
0	67
0	39
0	39
0	23
0	0
0	0
0	0
0	0
0	13
0	0
0	0
0	0
313	594
22	595
4	102
0	15
0	94
0	35
0	31
0	5
28	106
15	117
7	242
0	185
8	77
0	68
0	60
0	0
0	0
0	0
0	0
0	0
0	0
0	0
0	0
0	0
0	0
0	0
0	0
0	0
0	0
0	0
0	0
0	0
0	0
0	0
0	0
0	0
676	1706
0	180
0	957
0	116
0	158
0	221
7	208
15	182
0	60
0	165
0	11
0	174
1	257
0	26
0	136
0	0
0	0
0	0
0	0
0	0
0	0
0	0
0	0
0	0
0	0
0	0
0	0
16	0
0	0
0	0
0	0
0	0
0	0
0	0
0	0
0	0
0	0
339	174
0	0
0	0
0	0
2	330
7	309
0	330
0	0
0	0
0	0
0	0
0	0
0	0
0	0
0	0
0	0
0	0
0	0
0	0
0	0
0	0
0	0
0	0
0	0
0	0
0	0
0	0
0	0
0	0
0	0
0	0
0	0
0	0
0	0
0	0
0	0
0	0
0	0
0	0
0	0
0	0
0	0
0	0
0	0
0	0
0	0
0	0
0	0
0	0
0	0
0	0
0	0
0	0
0	0
0	0
0	0
118	2147
0	141
7	1357
21	733
29	718
0	341
7	175
0	175
0	186
29	504
0	0
0	0
0	0
9	227
0	246
0	114
0	120
0	0
0	54
24	20
0	0
0	0
0	0
0	0
0	0
0	0
0	0
0	0
0	0
0	0
529	1825
408	1987
2	1744
0	1265
0	1887
0	124
0	131
0	68
0	153
13	36
0	952
0	27
0	107
0	45
0	0
0	0
0	0
0	0
879	1317
0	1294
0	142
0	136
0	3
0	85
0	172
0	149
0	114
0	76
0	73
0	0
0	0
0	225
0	117
1	123
87	325
0	35
0	58
0	118
0	17
0	0
0	0
0	0
0	0
0	0
0	0
0	0
660	1111
0	72
10	52
18	95
0	73
0	119
0	110
0	196
12	103
20	142
16	742
0	161
14	344
14	550
0	62
0	0
0	86
0	72
0	83
0	115
0	38
0	2
0	0
2	186
23	140
14	74
4	75
0	8
0	4
0	5
0	31
7	72
0	23
0	116
0	15
0	0
0	0
0	0
0	0
0	0
1	151
0	0
0	13
0	139
0	0
4	339
0	162
33	342
13	11
0	0
0	0
0	0
0	0
0	0
0	0
0	0
0	0
0	0
0	0
0	0
0	0
0	0
0	0
0	0
0	898
10	900
0	898
0	591
0	717
0	714
12	891
0	885
0	833
10	833
1	742
0	68
0	38
0	63
0	62
0	58
0	53
0	34
0	29
0	17
0	0
0	0
0	0
0	0
0	508
386	1595
0	169
0	22
0	0
0	0
0	0
0	1063
0	418
0	885
0	0
0	0
0	0
0	0
0	35
0	0
0	5
50	0
78	924
0	847
18	471
0	177
0	107
0	82
0	23
0	0
29	5
0	3
0	2
0	0
0	2
0	2
0	0
0	0
0	0
7	80
1	80
0	81
5	73
0	17
0	7
0	5
0	0
0	2
0	0
0	7
0	0
23	1427
0	361
0	686
0	564
34	684
0	0
122	0
8	24
55	223
19	44
0	229
0	31
1	39
0	32
13	39
22	0
36	5350
179	5338
0	136
7	4302
0	294
0	1211
22	2002
0	860
0	278
0	1570
15	1391
0	52
2340	300
0	300
21	0
0	0
0	0
0	0
0	0
0	0
0	0
0	0
0	0
0	0
0	0
0	0
0	0
0	0
0	0
0	0
0	0
0	0
0	0
0	0
0	0
0	0
0	0
0	0
0	0
0	0
0	0
0	0
0	0
0	0
0	0
0	0
0	0
0	0
0	0
8	121
728	1417
0	328
16	88
0	47
2	177
0	205
0	604
1	719
50	1056
0	0
0	0
0	0
0	80
0	0
0	0
0	0
0	0
0	0
0	0
0	0
0	0
0	0
0	0
0	0
0	0
0	0
0	0
0	0
0	0
0	53
0	37
11	66
0	16
13	54
0	4
0	47
0	27
0	0
0	0
0	0
0	0
0	0
0	0
0	0
0	0
0	0
2	0
1	154
0	25
0	102
0	95
0	108
8	96
6	43
0	5
0	3
0	57
0	89
0	8
0	49
0	30
0	19
0	0
0	17
0	37
40	0
0	0
0	0
0	0
0	0
0	0
0	0
0	0
0	0
0	0
0	0
0	0
0	0
0	0
0	0
0	0
0	0
0	0
0	0
0	0
0	0
0	0
0	0
0	0
0	0
0	0
0	0
0	0
0	0
0	0
0	0
0	0
0	0
0	0
0	0
0	0
0	0
0	0
0	0
0	0
0	0
0	0
0	0
0	0
0	0
0	0
0	0
0	0
0	0
0	0
0	0
0	0
0	0
0	0
0	0
0	0
0	0
0	0
0	0
0	0
0	0
0	0
0	0
0	0
14	6
0	6
0	0
0	0
0	1
0	0
0	0
0	0
86	4
0	4
0	2
0	1
46	543
0	275
27	384
0	273
5	208
5	207
21	447
24	355
28	279
9	403
0	367
8	426
0	179
0	157
9	160
0	317
5	112
0	37
0	230
0	136
6	156
0	272
0	187
0	5
121	0
1	781
20	345
23	543
0	379
4	51
17	289
8	188
0	32
0	66
0	0
0	0
0	0
0	183
0	0
61	0
32	1398
0	32
2	638
0	1366
0	39
1	1364
0	33
0	26
0	6
0	3
11	175
0	199
11	209
0	0
0	0
0	0
0	0
72	597
38	338
34	386
0	261
0	434
0	169
0	255
0	56
0	97
0	83
0	0
0	0
0	0
0	0
0	0
0	0
0	0
0	0
0	0
0	0
0	0
0	0
0	0
0	0
0	0
0	0
0	0
0	0
406	18
0	0
0	0
0	18
57	902
0	869
1	902
0	5
6	492
0	611
0	0
0	39
0	48
0	0
0	0
0	38
0	0
0	0
0	0
0	0
0	0
0	0
0	0
0	8
36	20
0	8
0	2
0	3
19	11
8	1430
3047	16332
7	1387
82	9707
32	16225
22	512
0	709
0	2
88	1482
0	1509
0	2
0	879
36	371
3	486
31	1022
0	24
0	860
0	0
2033	162
0	127
77	149
0	0
0	2
0	0
0	1
0	2
13	2
0	0
0	0
0	0
0	0
0	172
189	248
0	133
0	61
0	46
0	0
0	2
0	0
0	0
0	0
0	0
0	0
0	0
0	0
0	0
0	0
0	0
0	0
0	0
0	0
0	0
0	0
0	0
0	0
0	0
0	0
0	0
0	0
0	0
0	0
0	0
0	0
0	0
0	0
0	0
0	0
0	0
0	0
0	0
0	0
0	0
0	0
0	0
0	0
0	0
0	0
0	0
29	6
0	6
746	1186
195	749
75	76
459	418
355	62
89	57
3	4
0	3
0	4
0	0
0	0
0	0
0	0
0	0
0	0
0	0
0	0
0	0
0	0
0	0
0	0
0	0
0	0
0	0
0	0
0	0
0	0
0	0
0	0
0	0
9	381
19	1112
496	1526
10	447
0	35
0	5
0	16
0	2
0	260
0	83
0	140
0	12
0	143
0	80
0	55
0	6
0	0
0	0
0	0
6	196
31	255
0	13
0	102
0	15
0	15
0	21
0	6
0	29
0	12
0	23
0	31
0	10
0	2
0	4
0	4
0	4
0	12
1	240
0	267
4	273
0	277
0	276
0	186
0	241
0	132
0	165
0	154
0	59
0	1
0	19
0	88
0	26
0	40
0	6
0	5
0	20
0	20
0	4
0	0
0	0
0	0
0	0
0	0
0	0
0	0
0	0
0	0
0	0
0	0
0	0
0	0
0	0
0	0
0	0
0	0
0	0
0	0
0	0
0	0
0	0
0	0
0	0
0	0
0	0
0	0
0	0
0	0
0	0
0	0
0	0
0	0
0	0
0	0
0	0
0	0
0	0
0	0
0	0
0	0
0	0
252	230
12	208
10	181
0	42
13	43
0	46
0	16
0	1
0	4
0	0
2245	17638
63	14848
26	16476
0	4538
17	498
49	0
0	0
36	358
0	272
0	12
0	18
0	2
48	229
1490	230
71	3994
0	769
0	0
0	0
0	193
354	3516
0	0
0	295
9	1433
5	3419
0	205
0	486
0	261
0	76
0	215
5	376
0	0
0	450
0	69
0	0
0	0
0	0
0	0
0	0
0	0
0	0
0	0
0	0
0	0
0	0
0	0
0	0
0	0
0	0
334	784
13	841
0	172
0	464
0	139
0	97
0	95
0	91
0	83
2	86
1	83
13	18
0	8
0	1
0	3
0	0
0	0
0	0
0	0
0	0
12	2
0	2
0	0
32	7
0	856
0	54
16	1573
3	1573
0	1436
0	25
5	1224
0	380
0	0
0	77
0	2
0	16
0	0
0	0
0	0
0	0
0	0
0	0
25	0
0	0
752	49
10	49
0	20
0	0
0	2
0	28
4	28
2	30
0	23
0	19
0	0
0	0
0	0
16	92
37	549
7	470
0	121
0	88
0	32
0	0
0	0
0	0
0	0
36	1952
0	3444
0	241
0	221
0	4094
0	8451
2	7404
0	906
0	69
0	7393
0	2848
0	1785
0	907
2	4012
1	3653
46	1532
0	3146
0	0
0	0
0	0
1338	5596
0	1
0	74
144	576
0	979
8	1870
7	843
12	3394
0	0
0	1342
10	984
0	0
0	0
0	6
1	6
0	0
0	0
12	0
0	0
0	0
0	0
0	0
0	0
0	0
0	0
0	0
0	0
0	0
0	0
0	0
0	0
0	0
0	0
0	0
0	0
0	0
0	0
0	0
0	0
0	0
0	0
0	0
0	0
0	0
0	0
0	0
4	431
0	244
4	321
1	211
0	182
0	182
0	182
0	76
23	71
0	108
0	105
0	50
0	12
0	20
0	27
0	12
0	18
0	34
0	27
0	0
0	0
0	0
0	0
0	0
0	0
0	0
0	0
0	0
0	0
0	0
0	0
0	0
0	0
0	0
0	0
0	0
0	0
7	41
0	5
0	19
0	44
0	22
0	0
0	0
0	0
0	0
0	0
0	0
0	0
0	0
0	33
0	0
0	0
0	22
215	1504
2	1352
15	610
0	7
0	1
0	0
0	0
0	0
0	0
0	0
0	0
0	0
0	0
29	1130
1	471
6	66
0	997
0	0
0	0
0	5
0	5
0	5
1	4
0	0
0	0
0	0
0	0
0	0
0	0
0	0
0	0
0	0
0	0
0	0
0	0
0	6
374	649
13	4352
0	4
38	0
0	1686
0	2957
88	3348
9	2579
0	4141
61	546
13	3024
0	2728
0	2105
0	2331
0	825
0	838
0	37
0	8
0	385
0	429
0	452
0	29
0	299
0	14
0	1
0	1
0	0
0	0
0	0
0	0
8	4025
214	4041
0	514
0	0
27	2
0	1
0	1
0	0
0	0
0	0
0	3
0	0
0	3
0	35
0	234
0	7
2	147
0	223
0	22
0	26
0	0
0	175
0	4
0	27
0	211
23	0
0	27
0	220
0	23
0	26
0	224
0	2
0	0
0	49
0	6
0	0
0	75
0	0
0	0
0	0
0	0
0	0
0	0
0	0
0	0
0	0
0	0
0	23
0	23
14	0
0	0
0	0
0	0
0	0
0	0
0	0
80	1806
24	1461
0	187
0	213
0	28
10	115
0	4
0	2
35	692
0	357
0	143
0	20
0	0
0	0
410	1447
0	1
1	749
2	974
35	1275
82	1237
0	468
0	601
16	223
0	5
29	1035
0	1400
0	84
0	136
27	375
0	279
0	261
0	359
0	159
0	168
5	76
0	3
0	40
17	13
15	0
0	0
0	0
0	2
0	0
0	2
1	40
11	38
0	0
21	0
2	196
0	2
0	16
0	156
2	187
0	4
0	24
0	45
0	0
0	1
0	0
0	0
0	254
0	195
0	218
0	199
0	14
0	45
1	205
0	40
0	11
2	16
0	0
1356	827
5	395
0	162
193	480
2	226
0	348
0	142
1	277
0	146
4	211
0	41
9	45
0	3
0	14
0	3
0	0
17	77
0	3
13	3
0	0
0	0
0	0
647	276
23	237
9	48
505	1206
0	214
0	420
280	920
3	714
0	446
0	687
7	802
7	86
0	14
6	14
3	107
0	99
0	76
0	82
0	2
0	27
0	10
0	23
0	1
0	8
0	1
0	0
0	0
0	0
3	306
41	485
3	576
2	113
11	94
0	25
0	537
0	442
115	147
12	482
0	188
0	101
0	54
0	133
0	105
0	0
0	0
0	0
0	399
3	436
1	206
0	95
0	0
1	115
0	3
0	25
0	11
0	0
0	0
0	0
0	0
0	0
0	0
0	0
0	0
0	0
0	0
0	0
0	117
1	680
1	682
0	92
1	233
5	632
9	500
14	3
0	475
0	283
0	52
0	125
0	77
0	241
0	194
0	5
115	113
0	7
0	0
0	0
0	0
0	0
0	0
0	0
0	0
0	0
0	0
0	0
0	0
0	0
0	0
0	0
47	0
1	114
0	0
0	3
85	110
0	40
4	79
0	1
0	3
1	2350
7	2323
6	608
0	2103
0	2146
0	113
0	1
0	63
0	800
0	693
0	458
0	188
0	572
0	101
0	606
17	317
0	656
0	689
0	643
0	624
0	455
0	390
2	317
0	40
0	31
0	101
0	2
0	103
207	232
0	120
0	252
0	33
0	131
0	113
0	133
7	130
0	0
0	0
0	0
0	0
0	0
0	0
49	49
0	0
0	0
0	0
0	0
0	0
0	0
0	0
0	0
0	0
0	974
6	0
0	0
0	974
1	1011
0	661
0	334
0	122
0	933
0	834
0	1094
0	893
0	35
0	938
0	958
0	909
0	956
0	773
0	919
0	967
0	933
2	954
0	35
0	236
0	777
0	131
0	606
0	957
0	942
0	764
0	250
0	350
0	392
0	166
0	947
0	581
0	106
0	773
0	846
0	153
0	22
0	632
0	176
2	932
0	768
0	852
0	92
54	0
8	270
0	908
3	835
6	684
0	252
0	99
0	728
0	15
0	80
0	657
0	240
0	33
29	6
0	5
0	32
0	0
0	539
13	81
0	534
0	28
0	528
0	693
0	77
0	656
0	634
0	624
0	624
0	552
0	594
0	625
0	378
0	52
0	38
0	537
0	34
1	589
0	14
0	543
0	227
16	537
0	14
9	573
0	15
7	409
0	297
2	203
0	0
0	0
0	0
50	37977
0	13257
48	3165
17	24853
342	31467
112	33613
0	157
561	25662
488	10254
7	9655
0	4156
0	37799
0	32531
0	2577
257	3874
0	0
4	148
0	3
13	148
1	26
0	20
0	23
0	31
0	30
5	30
0	0
0	0
0	0
0	0
0	0
0	0
0	0
0	0
0	0
3	1739
2	1395
0	1805
1	312
0	160
0	255
0	183
0	94
0	277
0	61
0	86
0	63
4	41
11	67
0	57
0	1
11	6
1	67
0	8
0	1
17	401
4	463
0	27
0	336
0	117
0	18
9	66
3	339
1	343
0	122
0	0
13	405
13	176
0	64
0	14
0	0
0	95
4	10
0	214
0	56
0	23
2	80
0	0
0	0
57	23
0	13
0	13
19	96
0	96
0	15
0	6
0	0
0	12
0	11
168	118
3	117
6	198
3	389
7	285
5	366
0	275
0	284
0	253
0	27
0	11
12	182
0	36
0	71
71	1604
6	1370
0	63
0	113
0	77
0	115
0	85
3	123
0	32
14	299
0	190
0	98
0	137
0	33
4	35
17	2
0	1
0	83
0	6
0	4
0	89
0	7
0	2
0	274
0	306
8	298
0	267
0	163
0	158
0	73
3	119
0	41
0	0
0	0
0	0
0	0
0	0
0	0
0	0
0	0
0	0
0	0
0	2170
0	2110
0	182
6	480
0	2304
10	504
0	8
14	402
8	422
0	457
0	22
0	151
0	135
0	1602
5	533
3	29
11	403
2	296
0	4
46	918
0	239
20	96
13	193
19	189
0	187
0	190
0	0
0	1
0	5
0	8
5	8
0	7
0	51
0	4
0	13
0	49
0	4
0	6
0	53
0	5
0	7
0	0
0	0
0	3
0	2
0	5
0	5
0	42
0	4
3	241
0	44
0	82
0	238
0	19
0	8
0	7
0	49
0	41
0	239
0	45
0	123
0	6
0	6
0	9
0	17
0	23
0	76
0	16
0	118
7	213
2	112
0	3
0	25
0	20
0	36
0	12
0	12
0	97
153	12
0	12
0	5
0	5
2	256
0	1
0	268
0	265
0	0
5	274
0	34
0	15
0	23
0	11
0	39
15	226
0	10
0	233
0	0
0	370
2	370
0	326
0	368
0	61
6	37
0	13
0	0
0	0
2	61
0	14
0	2
0	9
0	11
0	100
0	93
0	24
0	43
0	1
0	22
0	83
0	83
0	5
0	0
0	20
0	12
0	2
0	0
0	0
0	4
0	13
0	8
0	0
0	0
0	0
0	0
0	0
0	0
0	0
0	0
0	0
0	0
0	0
0	0
0	58
0	0
39	118
0	10
0	0
0	4
0	0
0	3
0	16
0	0
0	1
0	1
0	0
4	0
0	10
0	0
0	0
0	0
0	0
0	0
1	83
0	83
0	81
11	71
0	16
0	1
0	3
0	3
0	1
0	2
0	2
0	0
0	1
0	1
0	1
0	0
0	0
0	0
0	0
0	0
0	0
0	0
0	0
0	0
0	0
0	0
0	0
0	0
0	0
0	0
0	0
0	0
0	0
0	0
0	0
0	0
0	0
0	0
0	0
1718	0
0	1
498	468
0	15
16	329
10	53
0	6
0	392
7	394
0	407
0	192
1	263
0	0
0	75
0	62
0	32
0	34
0	34
0	0
0	0
0	1
0	6
0	0
0	0
0	0
0	0
0	1
11	657
0	0
0	523
4	642
11	271
0	106
185	2430
3	2402
0	622
5	569
0	519
0	366
0	12
0	0
0	0
0	0
0	0
0	0
86	1127
0	1154
13	1007
11	1013
1	835
0	603
0	192
35	179
17	571
5	338
0	350
0	263
0	87
0	0
0	0
0	0
0	0
0	0
0	0
0	0
231	223
0	98
0	89
0	92
0	0
0	0
0	0
0	0
0	0
0	0
0	0
0	0
0	0
0	0
0	0
0	0
0	0
0	0
0	0
0	0
0	0
0	0
539	0
30	2414
2	1436
1	2413
0	17
7	270
0	1394
1	1232
0	355
0	875
7	161
0	2
0	0
0	166
0	128
0	156
0	74
0	62
0	14
0	0
0	1
0	96
0	188
0	159
0	26
0	135
0	116
0	198
0	18
0	61
0	158
0	58
0	54
0	0
0	0
0	0
0	0
0	0
0	0
0	0
0	0
0	0
0	0
222	7848
9	5081
287	7963
0	2199
0	1567
34	1667
7	703
0	1434
0	1349
235	682
0	5
0	0
0	0
0	0
0	762
33	739
0	242
0	87
0	0
0	0
16	3395
0	3394
0	3394
6	3381
0	3020
1	2882
0	2540
0	125
0	36
0	52
0	32
0	214
6	258
0	33
0	282
0	86
0	9
0	230
0	204
0	181
12	644
0	635
4	613
9	362
0	2
0	65
0	46
0	11
0	177
0	42
0	0
0	46
0	63
0	35
0	52
0	64
0	17
0	37
0	14
0	0
197	283
51	2057
0	1652
64	605
0	130
0	313
11	293
2	119
0	222
0	0
0	136
0	98
40	286
24	248
19	141
0	1
0	1
0	137
0	137
0	54
0	38
0	13
0	23
0	19
0	0
0	0
0	27
1	28
0	19
0	20
0	16
0	14
0	2
0	0
0	5
0	14
2	29
4	27
0	4
0	71
42	17813
1	17643
26	1118
0	209
15	482
5	1139
0	1054
0	307
0	3
0	6769
0	83
0	782
0	609
0	65
0	384
0	0
50	0
0	54
40	110
0	16
0	10
0	19
0	14
0	28
0	12
0	16
0	8
0	15
0	2
0	5
0	6
0	6
0	13
0	6
0	6
0	19
0	36
0	41
0	316
0	366
0	0
0	275
0	314
0	49
230	405
3	391
0	16
0	23
0	17
10	27
0	23
0	0
0	0
0	0
0	0
0	0
0	13
0	0
0	0
0	0
0	0
0	0
0	0
0	0
0	0
0	0
0	0
3	13
261	271
13	203
0	0
0	59
0	36
0	26
0	2
0	283
22	461
906	5193
0	118
44	514
0	4216
47	778
0	0
0	15
0	0
0	0
0	0
0	0
0	0
0	698
0	232
7	243
7	24
0	21
0	165
0	6
0	3
0	11
3	675
0	2
0	789
112	801
0	279
0	23
0	90
0	17
28	671
0	174
0	0
0	0
0	53
0	107
0	559
113	1486
23	54
0	519
0	927
1060	1579
0	1233
13	1575
4	1130
0	299
2	681
0	132
0	149
0	168
0	6
0	42
0	142
0	123
0	105
0	158
0	187
0	156
0	97
0	89
0	0
0	0
0	0
0	0
0	0
0	0
0	0
0	0
0	0
0	0
0	0
0	0
0	1
98	448
0	2
0	20
0	117
4	62
0	4
0	1
21	2
1728	923
0	35
0	425
0	166
0	52
0	0
0	0
0	0
0	0
0	7
10	110
24	710
0	704
7	491
0	0
0	13
29	61
0	12
0	29
0	5
3	332
0	8
7	115
0	0
0	0
0	0
348	130
0	22
0	16
0	15
0	12
0	27
19	4
0	7
0	0
0	78
42	2
0	0
15	225
2	1975
0	2046
0	520
14	299
0	15
0	70
0	23
0	2
0	0
0	0
0	0
61	214
1353	2235
0	41
0	326
16	124
0	52
15	367
36	362
120	1124
0	674
29	974
10	6
0	1
0	0
15	0
0	0
0	0
0	103
0	0
0	1605
0	1584
0	1471
2	320
24	1175
2	114
0	126
0	7
0	0
0	31
0	9
0	104
0	33
0	14
0	0
0	0
0	0
0	0
0	0
0	0
0	0
0	0
0	0
0	0
0	0
0	0
0	0
0	0
0	0
0	0
0	0
0	12
0	12
0	2
0	0
0	0
0	0
0	0
0	0
0	0
0	0
1	4
0	4
0	3
0	0
0	0
0	0
24	172
0	166
0	109
0	0
0	0
0	0
1	1
0	1
0	0
0	0
0	0
0	0
0	0
0	53
0	0
0	0
0	0
0	0
0	0
0	0
0	0
0	12
0	0
0	0
0	0
0	0
0	0
0	0
0	0
0	0
0	2
0	5
33	6
0	1
2	352
0	396
0	93
0	249
0	202
0	184
9	224
0	209
0	37
0	20
0	4
2	232
0	232
9	232
0	203
0	143
0	142
0	142
0	132
0	15
0	0
7	412
0	0
125	331
0	0
25	134
0	130
0	15
0	11
0	11
0	11
0	10
0	11
0	15
0	20
0	0
0	323
38	417
89	1316
7	39
2	342
40	344
0	658
0	1115
0	1179
1	1198
48	460
0	1152
4	535
0	694
0	282
0	23
0	230
51	178
0	189
8	170
0	103
8	169
2	161
0	19
0	0
0	0
0	0
442	19
0	0
0	3
454	434
13	420
17	431
0	0
4	76
0	1
0	37
0	38
0	10
0	5
0	8
2	8
0	0
0	0
13	3608
9	3783
0	3121
0	134
9	385
0	135
0	2447
0	2455
1	2432
0	110
0	170
8	397
0	4
0	453
0	0
0	0
574	1077
18	92
0	15
0	28
7	379
0	367
0	53
0	386
0	18
0	45
4	392
0	0
0	0
6	60
2	191
47	190
0	31
1	103
74	681
0	645
0	548
0	353
0	3
0	7
0	4
0	22
0	4
0	0
0	133
0	31
0	25
1	36
0	0
0	0
0	0
0	0
2315	1189
58	1169
12	386
50	594
0	322
0	52
0	0
0	0
0	0
0	0
0	0
0	0
0	0
0	0
0	0
0	0
0	0
0	0
0	0
0	0
0	0
0	0
0	0
0	0
0	0
0	0
2	2069
12	1025
0	1938
17	2286
10	783
0	134
3	880
0	295
0	229
0	15
0	48
0	231
0	285
0	0
0	0
0	0
0	0
0	0
0	0
0	0
0	0
0	0
0	0
0	0
0	0
0	0
0	0
0	0
0	0
0	0
0	0
0	0
0	0
0	0
14	2110
0	2109
0	2110
0	1709
4	1958
0	1681
0	105
0	58
0	427
0	21
0	250
0	156
0	43
0	158
0	58
0	0
0	0
0	0
0	0
10	1376
0	107
6	1092
0	48
0	137
14	1050
12	1277
0	11
0	152
0	125
0	22
0	99
0	943
0	1212
0	558
0	1001
0	456
0	0
0	1094
0	20
5	90
12	54
252	92
0	4
1	14
0	12
0	6
0	4
0	1
0	0
0	0
0	0
0	0
0	0
0	0
0	0
0	0
0	0
0	0
0	0
0	0
0	0
0	0
0	1022
47	1377
0	19
0	451
0	372
0	0
0	0
5	271
4	256
0	142
0	12
0	28
0	5
0	12
0	3
0	14
0	0
0	24
0	19
0	12
0	28
0	3
1	2776
5	2212
0	2638
2	2620
0	2173
0	255
0	2228
0	19
0	0
0	0
28	871
0	165
0	229
0	0
0	0
0	0
0	45
0	1
0	0
0	19
79	21
2	12
0	12
151	729
0	628
0	417
13	491
0	3
17	1911
0	230
0	265
0	143
0	1772
75	2217
0	82
64	2176
66	1814
0	567
4	313
0	342
31	969
21	563
11	147
13	94
10488	15535
370	8746
78	6791
3	0
0	25
0	16
9	26
0	16
0	31
0	54
0	1
0	0
0	16
0	17
11	28
1	34
0	0
0	54
7	22
0	7
1	944
151	1257
4	1103
0	367
0	2
0	52
22	0
0	3
0	1383
0	1356
5	1313
3	1351
6	1432
0	1402
24	228
0	145
0	171
0	61
0	24
0	0
0	204
0	42
0	25
0	1
0	48
0	0
0	1
0	0
9	0
0	174
0	182
0	259
0	252
2343	648
8	232
0	0
46	416
8	0
0	8
0	10
0	10
0	11
0	11
0	0
0	0
51	0
3	166
2	208
1	164
0	231
0	189
0	21
0	33
0	46
0	23
51	24
35	8
0	8
2	68
1	91
0	86
0	91
0	2
0	6
0	0
147	1179
8	1179
16	49
0	7
19	8
6	0
1452	1926
76	1853
324	205
16	337
22	0
0	3
434	1831
0	1593
111	1774
19	67
8	171
11	56
13	214
0	89
58	2003
42	1550
7	270
0	250
0	231
0	15
79	1223
0	71
0	318
6	113
0	104
0	0
47	484
2	508
0	536
0	517
0	565
0	558
0	594
0	545
0	535
0	323
28	138
0	219
89	186
0	72
0	200
61	173
0	110
76	23
76	4465
10	3616
99	2559
12	161
0	310
0	1164
0	0
776	742
0	648
0	474
0	742
0	555
0	0
350	246
4	72
0	55
14	57
3	97
71	104
9	65
29	119
0	2
3	91
165	83
0	24
0	234
0	713
189	6467
0	908
261	5496
0	0
143	6196
0	812
28	80
42	43
29	759
0	715
15	26
0	738
2	669
0	694
0	650
0	615
0	686
0	730
0	695
0	631
0	28
0	36
0	0
0	0
0	0
0	0
0	0
0	0
0	0
0	0
0	0
0	0
0	0
0	0
0	0
0	0
0	0
0	0
0	0
0	0
0	0
0	0
0	0
0	0
0	0
0	0
0	0
0	0
0	0
0	0
0	0
0	0
0	0
0	0
6	103
0	114
0	28
0	49
0	49
0	101
0	47
0	16
7	22
0	20
0	20
0	4
0	7
0	1
0	25
128	322
0	316
0	292
1	160
0	43
0	11
0	23
0	11
0	6
0	0
0	0
8	0
21	1073
32	120
128	182
18	19
1	204
0	268
419	752
0	173
0	174
0	173
3	171
39	49
1	51
0	0
36	6
0	6
0	4
0	0
0	0
0	0
0	0
0	0
0	0
0	0
0	0
0	0
0	0
0	0
0	0
0	0
0	0
0	0
0	0
0	39
116	1173
0	106
0	471
0	1890
1	5135
0	42
0	63
0	0
0	24
11	761
17	1801
0	46
0	242
0	50
0	684
0	344
0	0
0	34
71	3449
0	0
0	0
0	0
0	0
0	0
0	0
0	0
0	0
0	0
0	0
0	0
0	0
0	0
0	0
0	0
0	0
0	0
0	0
0	0
0	0
0	13
0	16
0	11
4	15
7	53
0	32
0	87
13	51
0	0
0	0
0	0
0	1
6	0
17	12
0	3
0	8
2	1563
3	1398
0	1560
0	467
83	1866
0	1356
8	1353
0	9
3	1331
1	1330
0	1250
0	3208
0	3679
0	1331
0	1427
0	1266
4	1046
10	597
22	1061
0	1875
0	1435
0	166
3	500
0	318
0	1
0	300
0	0
0	0
0	0
0	0
0	0
0	0
121	5
0	5
0	0
0	0
0	0
0	0
0	0
0	0
0	0
0	0
0	0
0	0
0	0
0	0
0	0
0	0
0	0
0	0
0	0
0	0
0	0
0	0
0	0
0	0
0	0
0	0
0	0
0	0
0	0
0	3
0	25
0	26
0	23
0	1
0	5
0	3
0	3
0	1
0	1
0	0
0	3494
14	3524
10	3500
0	31
0	632
1	3278
0	1
0	673
0	8
0	174
0	165
0	151
37	918
0	4
0	375
0	134
0	353
0	118
0	518
0	714
24	180
2	719
4	349
11	1336
17	595
6	1364
13	5
6	1075
0	290
21	218
19	1162
0	33
0	41
0	11
0	907
0	796
0	0
22	587
0	459
0	0
3	223
0	202
0	77
141	126
0	39
0	64
0	5
0	83
0	56
0	3
0	1
0	13
0	39
0	23
0	13
8	804
0	611
0	753
22	715
0	252
0	425
0	223
0	186
0	173
4	154
0	94
0	37
0	7
75	2924
209	2281
17	1279
0	1315
0	288
203	682
0	2214
0	98
20	1374
0	2773
2	2725
23	2037
24	2454
0	1513
0	16
0	643
0	1476
0	76
0	363
0	694
0	74
0	522
0	574
0	878
6	490
2	791
0	874
0	183
0	796
0	877
0	478
0	573
2	507
0	209
0	237
0	38
0	0
0	0
0	0
0	0
0	0
0	0
0	0
0	0
0	0
0	0
0	0
0	0
0	0
0	0
0	0
0	0
0	0
0	0
0	0
0	0
0	0
0	0
146	14891
92	163
626	15785
8	15023
17	4778
383	12495
0	806
551	15000
4	14982
16	4377
22	14940
0	762
8	143
0	750
0	777
0	193
0	913
0	20
0	909
0	420
0	630
2	318
0	353
0	341
0	120
0	103
0	186
0	977
0	988
0	422
0	433
0	348
0	363
3	21
3	38
0	43
0	342
0	21
0	11
0	122
0	34
0	43
0	4
0	0
2087	1794
0	768
15	361
71	597
5	537
53	625
99	66
6	178
0	40
0	41
0	41
0	40
0	283
0	283
0	6
0	0
0	0
0	0
0	0
0	0
0	0
0	0
0	0
0	0
0	0
0	0
0	506
0	435
5	466
0	517
0	538
0	530
0	533
7	531
3	439
6	461
0	125
28	71
0	21
0	49
0	533
0	304
0	79
0	0
0	121
0	121
1201	120
0	0
0	0
0	0
0	0
7	220
0	0
0	0
0	0
0	0
4	168
40	168
0	1
1	91
42	334
0	136
0	134
2	329
0	9
0	5
0	344
9	189
0	2
0	0
0	8
0	86
0	180
0	9
46	167
7	1102
15	1102
0	0
5318	3318
0	2113
0	43
0	401
0	39
0	226
0	120
0	232
0	356
0	0
0	121
28	103
0	37
0	56
1	258
0	0
0	133
39	298
0	75
0	24
0	78
0	287
0	350
0	123
9	257
48	1166
13	1161
0	115
0	157
14	394
4	209
0	188
0	84
0	97
0	204
11	21474
0	7092
2	531
0	7
0	2267
0	2912
0	3252
3	4385
0	2947
30	9597
0	3504
0	24673
0	1353
0	45
0	1376
0	56
0	3229
0	6266
0	6001
93	6110
4	7239
0	16783
24	8040
7	20604
3	10676
0	604
0	2216
1	7127
0	1454
0	16579
98	113
58	5452
0	10158
0	3059
0	1590
0	668
0	2980
0	0
24	19781
0	0
0	0
4	102
0	93
4	34
0	13
0	7
0	0
24	7
50	0
6	58
8	1125
0	612
0	668
0	665
0	134
0	51
0	188
0	293
0	130
0	385
0	837
0	783
0	132
0	167
0	100
0	208
0	648
8	256
0	265
0	13
0	277
0	139
0	504
0	143
18	667
0	382
0	0
0	0
0	0
687	216
6	106
0	0
0	38
0	26
0	37
0	46
0	0
0	0
0	0
0	0
0	0
0	0
0	0
0	0
0	0
0	0
0	0
0	0
0	0
0	0
0	0
0	0
0	0
0	0
0	0
0	0
0	0
0	0
39	150
11	305
0	124
7	315
0	107
0	248
6	146
4	110
1	104
0	78
1	81
0	55
0	65
0	53
0	11
57	13
0	3
0	729
10	1316
0	984
0	2032
0	2027
0	2292
0	2643
0	2993
0	2728
0	2668
0	2663
0	2752
0	0
0	993
0	527
0	219
0	0
0	492
0	397
0	425
0	265
30	0
5	790
37	843
0	788
0	824
0	935
3	562
5	631
0	97
0	143
0	84
0	0
0	0
0	0
0	0
0	0
0	0
0	0
0	0
0	0
0	7
229	880
2	873
0	0
0	0
0	130
0	0
0	0
71	1145
33	822
28	1113
328	488
222	481
29	794
41	3
14	211
1	469
0	43
0	29
0	30
0	34
16	367
21	2963
15	2884
0	2970
0	0
0	0
0	574
7	190
0	21
0	135
20	1389
0	63
0	39
0	30
6	349
0	176
0	224
74	717
0	0
0	2
0	2
0	0
15	12
0	3
0	10
0	2
0	0
0	0
0	2
2	1184
0	588
34	1173
9	361
58	406
0	180
0	41
0	112
0	1070
10	1066
3	53
0	47
0	220
10	907
0	250
189	885
0	11
5	305
0	144
1	605
0	92
4	181
0	0
0	0
0	0
0	0
0	0
0	30
0	26
0	31
0	27
0	20
0	0
0	0
0	0
0	0
0	0
0	0
0	0
0	0
0	0
0	0
0	0
0	0
11	8
2	8
0	4
10	917
0	821
0	715
0	16
0	68
0	9
0	58
0	13
0	466
0	13
2	388
0	20
0	11
0	26
0	68
0	207
0	64
0	39
0	58
7	89
557	228
10	198
0	99
0	89
26	61
15	127
29	222
6	72
2	173
0	36
0	22
0	59
0	26
0	0
0	0
0	0
479	76
0	76
0	0
4	1230
10	1376
10	1477
0	576
25	776
0	509
1	346
0	685
0	748
0	34
74	372
0	625
0	151
0	0
350	0
84	969
28	878
0	861
31	811
3	85
0	21
8	32
0	74
22	185
0	15
0	13
0	9
0	71
0	31
0	84
0	186
0	1592
274	2205
0	118
0	120
4	212
0	58
0	133
0	32
7	1007
0	12
17	0
2	438
4	340
0	2
0	242
0	223
0	213
239	440
106	419
0	435
6	264
0	321
0	71
0	213
0	0
0	0
0	0
0	0
0	0
0	0
0	0
0	0
0	0
0	0
0	0
0	0
0	0
0	0
0	0
0	0
0	0
0	1
0	2
3	2
0	2
3	146
0	152
0	217
0	124
15	15258
7251	38861
37	16219
12	34608
0	34224
17	13433
26	1765
9	14083
51	31196
0	3473
34	15954
51	18942
0	11712
27	2527
0	0
0	0
0	119
0	0
0	34
0	142
0	45
82	920
0	57
0	807
0	687
0	8
0	26
0	74
0	0
0	4
0	63
0	151
0	116
0	466
35	468
0	590
0	599
4	611
0	37
0	17
0	19
0	5
0	5
0	13
0	15
0	24
0	0
0	0
0	0
0	2
0	0
0	0
0	0
0	0
0	0
0	0
76	0
26	3590
102	4052
18	4600
0	3079
0	1423
0	1529
0	1423
0	1431
0	1489
0	1045
0	81
0	128
0	771
0	694
0	145
0	277
0	86
0	157
0	241
0	196
0	7
0	124
0	0
0	0
29	0
33	0
302	6
0	6
0	0
0	0
72	724
6	318
0	80
0	0
51	577
0	156
0	0
18	183
0	12
0	12
0	2
0	0
0	0
0	0
0	0
0	0
107	0
0	0
0	0
0	0
0	0
0	0
0	0
0	0
0	0
0	0
0	0
0	0
0	0
0	0
0	0
0	0
0	0
0	0
0	0
0	0
0	0
0	0
0	0
0	0
0	0
0	0
0	0
0	0
0	0
0	0
0	0
0	0
0	0
0	0
0	683
0	678
1	568
4	538
0	350
0	1
0	283
0	67
4	260
0	45
0	95
0	57
0	59
0	81
0	13
0	31
0	57
0	47
0	35
0	0
0	0
0	0
0	0
0	0
0	0
0	0
0	0
0	0
0	0
0	0
0	0
0	0
0	0
0	0
0	0
0	0
0	0
0	0
0	0
0	0
0	0
0	0
0	0
0	1
93	7
0	0
0	1
0	5
0	0
1003	567
63	556
7	45
0	0
0	44
0	0
4	109
15	110
0	69
0	92
0	0
58	61
1	64
0	4
0	17
0	6
0	0
0	0
0	0
0	0
0	0
0	0
0	0
0	0
0	0
0	0
0	0
0	0
0	0
0	0
0	0
0	0
0	0
0	0
0	0
0	0
0	0
0	0
0	0
0	0
0	0
0	0
0	0
0	0
0	0
0	0
0	0
0	0
0	0
0	0
0	0
0	0
0	0
0	0
0	0
0	0
0	0
0	0
0	0
0	0
0	0
0	0
0	0
0	0
0	0
0	0
0	286
0	285
25	285
2	276
0	40
0	45
0	25
0	0
0	0
0	0
30	1130
0	53
0	1118
0	258
0	211
0	199
0	165
0	158
0	146
0	79
0	130
0	88
0	21
0	50
0	857
0	0
0	0
4	2
0	2
0	0
0	0
0	0
0	0
0	0
0	0
0	0
0	0
0	0
0	408
0	429
0	371
0	270
0	271
0	52
0	86
0	55
0	32
0	6
0	14
40	12
0	0
0	0
0	0
0	0
0	5
6	1802
8	2041
67	2327
5	2193
15	1078
16	1395
2	1920
0	1552
4	308
3	418
0	502
0	230
0	139
0	53
0	460
0	472
10	98
0	189
0	164
0	156
0	114
0	0
0	0
0	8
0	8
0	0
0	0
0	0
0	0
0	0
0	0
24	73
4	102
3	29
23	0
0	0
0	0
0	0
44	371
1149	1109
0	859
0	741
0	0
1	0
0	0
0	0
0	0
3	25
14	25
39	0
0	0
0	0
1	4
0	0
0	0
0	0
0	0
0	0
0	0
0	0
0	0
0	0
0	0
0	0
0	0
0	0
0	0
0	0
0	0
0	0
0	0
0	0
0	0
0	0
0	0
0	0
0	0
0	0
0	0
0	0
0	0
0	0
0	0
0	0
0	0
0	0
0	0
0	0
0	0
0	0
0	0
0	0
12	108
0	22
0	15
0	0
0	166
13	26
0	8
0	3
0	0
0	58
0	0
0	359
0	338
0	341
0	161
0	64
0	0
0	66
0	53
0	0
0	0
0	0
0	27
0	27
0	2
0	2
0	0
0	0
0	102
0	0
0	26
0	210
14	211
3	270
0	49
0	251
0	67
0	46
0	34
0	5
0	39
0	33
0	50
0	17
0	10
8	29
0	7
0	12
0	14
0	4
0	10
0	7
0	17
0	9
0	9
0	4
0	10
0	0
0	44
0	742
0	661
0	28
0	44
0	226
0	91
0	764
0	19
0	36
0	51
0	68
0	98
0	40
1	742
0	20
0	89
0	6
8	12
0	31
0	80
0	154
0	46
0	21
0	235
1	406
0	0
0	0
0	0
0	0
0	0
0	0
0	0
1	0
0	0
0	0
0	0
0	0
0	0
0	0
0	0
0	0
0	0
0	0
0	0
0	0
0	0
0	0
0	0
0	0
0	0
0	0
0	0
0	0
0	0
0	0
0	0
0	15
0	28
0	47
0	30
0	17
0	26
0	34
0	9
0	39
0	55
0	39
1	33
0	38
0	26
0	23
0	27
1	25
0	3
15	1115
0	61
41	1156
0	11
4	308
0	9
26	920
4	806
7	39
0	14
0	0
42	3757
29	3484
22	1044
0	1758
27	3413
9	449
4	1866
0	160
0	132
0	0
0	200
0	111
0	66
0	1507
0	29
0	316
0	0
1	913
0	146
0	515
0	474
4	471
0	482
0	172
0	13
0	78
0	0
0	0
0	3
0	0
0	0
0	0
0	0
0	53
0	53
0	67
0	99
1	134
26	132
0	34
14	115
0	69
0	31
52	19
1	1
0	35
61	101
37	29
49	3
0	3
0	0
0	187
178	254
60	252
0	28
0	0
4	1
0	28
0	74
326	16083
1063	11109
0	10937
4	3066
24	14583
7	14583
0	2436
0	14529
1316	5478
0	0
0	139
4058	3306
0	1644
0	340
0	395
0	599
67	528
0	458
29	699
40	399
0	1
0	578
4	9563
1718	14342
13	6385
231	14737
14	14000
280	13757
0	701
0	5607
14	115
0	669
0	1097
21	356
0	476
0	1039
6	14310
6	680
0	4
0	13306
4	10077
0	9149
0	14009
1	1194
2	7708
0	12442
20	10503
0	336
0	236
0	14
0	9312
0	0
15	3078
0	31
0	6
0	99
7	99
0	11
0	4
0	7
0	1
0	0
0	55
9	62
0	60
0	0
0	2
0	2
0	0
0	0
0	0
0	0
0	9
0	5
0	24
0	4
0	17
0	22
0	20
0	4
0	3
0	8
0	0
0	4
1	189
0	0
0	0
0	287
10	42
0	48
8	153
0	57
0	0
0	3
0	33
31	61
0	17
0	17
0	61
2	139
0	0
0	68
0	0
0	0
0	0
0	0
0	0
0	0
0	0
0	0
0	0
0	0
0	0
0	0
0	0
0	0
0	0
0	0
0	0
0	0
0	0
0	0
0	0
0	0
0	0
299	163
21	108
28	54
11	1521
200	435
33	944
2	1647
0	3660
0	1940
65	981
89	0
0	0
0	0
3	331
0	1
37	128
1357	4499
0	4482
0	137
38	3626
185	158
0	0
0	240
0	316
920	4145
0	3858
0	1
6	760
0	69
0	361
0	81
4	1152
0	17
0	0
0	0
0	0
0	0
119	0
115	17
4	234
684	547
0	4
22	51
0	467
0	104
4	163
43	141
0	262
0	1
0	0
0	0
0	0
0	0
0	1475
0	200
0	104
15	1631
0	1228
6	1056
0	8
0	42
0	429
0	422
7	769
0	543
0	45
0	647
0	238
45	440
0	30
0	112
4	47
0	48
0	4
0	9
6	42
0	3
0	3
972	4075
0	0
0	0
0	0
829	31
0	14
0	13
0	27
0	0
0	0
0	0
0	20
0	55
0	55
0	75
0	74
0	50
0	105
0	80
0	19
0	45
0	55
0	10
0	26
0	0
0	0
0	0
0	0
0	0
122	434
6	0
0	19
0	188
0	308
0	5
0	20
0	0
0	0
0	0
0	35
5	4
0	468
0	716
130	787
5	704
2	699
0	8
0	9
0	110
0	12
0	155
0	38
5	70
6	167
0	7
0	5
0	48
0	50
0	88
0	54
0	48
0	39
0	0
122	192
0	137
4	201
0	176
0	20
0	119
0	90
0	71
0	13
0	64
0	0
0	7
0	52
0	5
43	0
0	0
0	0
0	0
0	0
0	0
0	0
0	0
0	0
0	0
0	0
0	0
0	0
0	0
0	0
0	0
0	0
0	0
0	0
0	17
0	9
0	17
28	320
3	64
0	84
0	39
0	5
0	0
0	67
0	225
2	89
0	90
0	0
0	0
0	0
0	0
488	91
9	18
0	26
0	20
0	32
0	1003
0	169
0	71
0	897
0	116
0	169
0	61
0	46
0	48
0	55
0	841
0	733
6	184
0	37
0	100
0	39
0	124
2	276
9	692
0	451
0	450
762	336
0	1
0	1
0	1
0	0
0	0
0	0
0	0
0	1
0	1
0	1
0	0
0	1
0	0
0	1
0	1
0	0
0	0
0	0
0	0
1	1
0	1
0	1
0	1
0	0
0	1
0	3
5	2919
4	4404
754	4399
1	314
0	217
0	215
3	554
0	723
0	2271
24	5064
44	4652
0	4853
0	4650
0	9
0	67
1	198
0	147
23	514
0	244
0	17
0	187
13	662
0	523
0	477
0	255
0	448
0	642
0	398
0	109
0	563
0	145
0	564
0	313
0	188
0	3
0	0
14	122
0	11
0	114
0	11
0	6
0	10
0	10
0	0
0	102
0	0
33	0
67	0
11	1045
0	710
0	1044
6	908
0	810
0	841
0	16
0	61
0	126
3	275
0	68
0	58
0	49
0	42
0	26
0	42
0	42
0	12
0	0
0	0
1066	230
0	228
0	942
0	749
0	1122
0	702
30	746
0	0
0	307
0	190
0	0
0	87
0	0
0	0
0	0
0	0
0	0
0	0
0	0
0	0
0	0
0	0
0	0
0	0
0	0
0	0
0	0
0	0
0	0
0	0
0	0
0	0
0	0
0	0
0	0
0	0
0	0
0	0
0	0
0	0
0	0
0	0
0	0
0	16
0	17
0	11
0	39
0	30
0	29
0	14
0	2
0	0
0	20
0	10
0	0
0	18
0	12
0	0
0	0
0	0
0	70
0	14
8	35
0	3
0	30
0	58
0	3
4	32
0	19
0	3
0	12
0	0
0	27
0	14
20	66
0	0
0	1
0	55
0	12
0	25
0	0
0	3
0	2
0	0
0	0
0	0
4	20
0	1
0	15
0	2
0	2
0	0
0	7
0	3
0	1
0	318
0	0
0	0
0	0
0	0
0	0
0	0
0	0
0	0
0	0
0	0
0	0
0	0
0	2891
0	532
20	541
0	50
0	44
0	6
0	19
0	28
0	6
10	24
16	37
2	93
3	12
0	88
19	6
0	66
0	0
0	26
2	89
0	89
0	33
0	39
0	27
0	7
0	58
0	23
0	31
0	0
0	0
0	0
0	0
0	0
0	0
22	1062
0	504
0	291
0	374
0	289
0	0
8	992
4	787
0	27
9	796
0	0
0	8
0	263
0	92
1	793
0	1510
4	577
0	217
0	515
0	1507
0	1222
3	131
0	585
8	1495
0	178
3	535
0	1822
10	827
0	77
0	1354
0	200
0	9
0	517
0	238
1	787
0	2
0	817
4	616
0	0
1	137
0	588
0	0
0	0
0	0
11	95
0	17
0	13
0	13
0	13
0	0
0	0
342	295
0	290
0	179
0	10
0	0
24	245
3	49
2	224
6	69
0	29
2	60
0	7
0	7
0	53
10	65
0	0
0	0
0	0
0	0
0	0
1	2
0	0
1	0
0	44
1	29
5	29
0	69
0	1
0	1
0	0
4	60
0	0
0	0
0	2
0	0
0	0
0	0
0	0
0	9
0	9
12	145
0	122
0	5
0	5
0	0
0	15
0	18
0	22
0	0
0	259
0	267
0	0
5	15
0	19
0	13
0	112
0	91
0	5
0	26
0	62
0	18
0	0
0	7
0	13
0	21
0	76
0	166
0	141
0	90
0	12
0	7
0	0
0	0
0	0
0	0
0	72
0	59
0	13
0	69
0	91
0	112
0	74
0	24
0	93
0	77
0	64
12	66
0	56
0	49
0	62
0	40
0	14
0	0
0	0
0	0
0	0
0	0
0	198
5	175
0	25
0	5
0	193
0	19
0	43
0	194
0	11
0	14
0	50
0	19
10	175
0	13
0	12
0	12
0	190
0	40
0	0
0	0
0	0
0	0
0	0
0	0
0	0
0	0
0	0
0	0
0	0
0	0
0	0
0	0
0	0
0	0
0	0
0	0
0	0
0	0
0	0
0	0
0	0
0	0
127	17654
0	0
0	2
0	6
0	7
2	37
0	0
0	5
2	28
0	14
0	16
0	7
0	11
0	10
0	0
0	1
0	0
0	0
0	0
0	0
0	0
0	0
0	0
0	0
0	0
0	0
0	0
0	0
0	0
0	0
0	0
0	189
0	180
0	147
0	194
0	1346
0	1410
9	993
0	1096
1	1396
0	146
0	1342
2	1393
0	16
0	638
12	1302
3	180
21	553
0	157
0	68
0	74
0	113
0	185
0	17
0	102
0	79
0	555
0	0
0	0
0	0
0	0
0	0
0	0
0	0
0	0
0	0
0	0
0	0
0	0
0	0
0	0
0	0
0	0
0	0
0	0
0	0
0	0
0	0
0	0
0	0
0	0
0	0
0	0
0	0
0	0
0	0
0	0
0	0
0	0
0	4
9	257
77	253
0	14
0	16
0	17
0	29
0	0
0	23
0	19
0	21
0	0
0	0
0	0
0	0
0	0
385	297
0	38
0	265
0	1
0	21
0	178
0	6
0	38
0	12
0	10
0	4
0	0
0	0
0	100
0	493
0	18
0	8
0	26
0	0
0	0
0	27
54	480
0	565
0	18
0	5
0	30
0	17
19	540
20	97
0	444
0	433
0	280
0	85
0	150
0	0
0	67
0	0
0	0
0	0
0	0
0	0
0	2
0	4
0	1
0	0
0	0
0	61
0	307
0	1
0	0
0	0
0	8
0	0
0	0
0	0
0	0
0	0
0	0
0	34
2	28
0	28
0	0
0	0
0	0
0	1
0	0
0	0
0	0
0	0
0	0
0	0
0	0
0	0
0	0
0	0
0	0
0	0
0	0
0	0
0	0
0	0
0	0
0	0
0	0
0	0
0	0
0	0
0	0
0	0
0	0
0	0
0	0
0	0
0	0
0	0
0	0
0	0
0	0
0	0
0	0
0	1
0	0
0	0
0	0
0	1
0	0
0	0
0	7
0	0
0	0
0	0
0	0
0	0
0	0
0	0
0	0
0	0
0	0
0	0
0	0
0	0
0	0
0	0
0	0
0	0
0	0
0	0
0	0
0	319
0	0
0	0
0	0
0	0
0	0
0	0
0	0
0	0
0	0
247	6534
0	6529
0	393
0	1850
0	14
0	264
0	42
0	388
1	485
0	473
0	399
0	152
0	0
0	18
6	166
0	0
18	112
0	4
10	168
0	0
3	159
0	45
0	6
14	230
0	244
0	271
102	252
0	81
0	30
0	0
0	0
0	0
84	0
0	0
1	1460
8	1526
0	1
0	1
0	1
0	1
0	34
0	53
0	1296
0	273
0	1451
1	796
0	1245
0	238
0	4
0	0
0	0
0	0
0	0
0	0
6	2690
0	0
0	0
0	0
19	8
0	1
0	2
0	5
0	4
0	0
0	0
0	0
0	0
0	0
0	0
0	0
0	0
0	0
0	0
0	12
0	11
0	0
0	0
0	0
0	0
0	0
0	0
0	0
0	0
0	0
0	0
0	0
0	0
0	0
0	0
0	0
0	0
0	0
0	0
0	0
0	0
0	0
0	0
0	0
0	0
0	0
0	0
0	0
0	0
0	0
0	0
0	0
0	0
0	0
0	0
0	0
0	0
0	0
0	0
0	0
0	0
0	0
0	0
0	0
0	0
0	0
0	0
0	0
0	0
0	0
0	0
0	0
0	0
0	0
8	507
0	145
4	2164
0	118
232	2877
0	969
0	122
0	100
0	251
79	775
0	741
2	168
0	1040
0	217
0	128
28	759
0	505
0	0
0	0
0	0
0	0
0	0
0	0
39	2347
0	0
0	59
0	814
0	843
0	2241
0	15
0	0
20	2245
0	73
0	774
22	63
1	173
16	0
0	69
0	60
9	290
15	165
0	64
0	159
0	0
0	0
0	0
0	244
0	82
0	157
0	2609
0	2857
0	1854
3	962
50	733
7	733
31	387
56	452
0	25
1	2663
3	702
0	322
0	446
14	227
3	1716
20	1266
0	0
0	0
0	0
0	0
0	0
0	0
0	0
0	0
0	0
0	0
0	93
0	0
0	0
0	0
0	4
0	9
9	59
0	46
0	16
0	16
0	3
0	4
0	0
0	0
0	0
0	0
0	0
0	32
27	339
11	51
45	327
0	43
0	58
0	0
0	0
0	0
0	0
0	0
0	0
0	0
0	0
0	0
0	0
9	0
0	0
0	0
0	0
0	0
0	0
0	0
0	1
20	1
0	0
0	0
0	0
0	0
0	0
0	0
0	0
0	0
0	0
0	0
327	2164
28	446
0	85
0	949
48	1878
0	255
14	167
0	159
0	175
0	251
0	239
0	183
0	174
0	13
0	15
294	218
0	150
0	1
3	49
0	21
0	13
0	1247
0	235
1910	1539
0	323
0	293
0	249
1436	2221
1	2221
286	279
4	55
9	30
0	2
0	52
0	58
0	79
0	18
0	19
19	117
0	0
0	120
0	0
0	0
13	274
549	2352
36	1191
0	43
0	199
0	81
0	28
0	331
0	0
0	0
0	0
0	0
0	0
49	1611
9	1611
0	64
0	83
0	1
0	66
0	46
0	5
0	2
0	407
0	0
0	0
0	0
2	52
0	289
4	52
0	2
9	13308
0	0
0	0
0	0
0	0
0	0
0	0
0	0
0	0
0	0
0	0
0	1215
74	1045
0	1058
0	888
0	19
0	209
9	106
3	10
0	1320
9	695
0	770
3	1343
3	1335
0	124
0	231
0	162
0	213
0	25
0	86
0	59
11	40
0	14
0	30
577	5755
348	6230
8	6355
8	1960
1	1975
0	1553
0	1436
23	1150
0	1068
0	267
0	88
4	182
1029	2269
2	307
13	76
11	238
0	125
0	88
0	80
0	353
0	10
4	424
0	269
9	525
6	530
0	348
0	79
0	0
0	2
7	34
0	39
0	0
0	26
68	65
0	46
9	24
0	32
0	27
0	22
0	8
0	16
0	21
0	22
0	22
0	16
314	5400
0	5313
0	5152
0	102
0	135
0	193
0	487
0	263
0	135
2	840
0	172
0	554
0	485
0	202
0	72
0	65
0	1
0	325
73	206
0	132
1	213
0	72
0	48
0	76
1	71
0	91
0	42
0	2
0	0
667	4002
51	4002
0	5
0	61
0	23
0	49
0	291
0	55
16	263
0	31
4	282
0	13
0	0
13	28
0	28
0	14
0	22
35	15
0	3
0	2
0	10
0	2
0	0
0	1
0	0
0	1
0	0
0	1
0	1
0	1
0	1
0	0
0	0
0	1
0	1
0	0
0	0
0	0
0	0
0	0
0	0
0	0
0	0
0	0
0	0
0	0
0	0
0	0
0	0
1665	27443
72	1403
31	25189
30	25884
2924	25839
382	25851
23	25240
0	21607
0	3
0	0
82	51
0	0
0	0
0	0
12	52
0	15
0	38
0	21
0	47
0	32
0	49
15	142
26	145
0	8
0	33
0	19
0	0
0	2
0	1
1382	1534
0	97
90	5
3	419
0	7
0	260
9	602
43	1383
0	44
0	382
0	201
18	230
0	443
4	395
0	16
7	724
32	270
0	0
0	105
0	361
0	355
7	340
14	334
0	52
0	51
0	51
0	45
0	40
0	19
0	102
0	16
0	16
0	1
0	1
0	0
0	0
0	0
14	1556
0	476
0	241
0	1126
0	405
0	343
0	938
0	326
0	0
0	3363
135	3523
1	3366
0	10
0	3170
1	3187
0	1127
0	621
0	575
0	137
0	16
0	200
0	0
0	7
0	367
0	532
4	532
0	458
0	0
0	40
59	1213
42	1101
4	195
11	700
8	603
0	733
0	142
0	62
0	699
0	291
0	73
0	94
0	116
0	100
0	31
0	30
0	13
0	1
0	0
0	0
0	0
0	0
0	0
0	0
0	0
0	0
0	0
0	0
0	0
0	0
0	0
0	0
0	0
0	0
0	0
0	0
0	0
0	0
0	0
0	0
0	0
0	0
0	0
0	0
0	0
0	3078
0	1171
0	2999
0	3095
0	3182
46	3150
22	652
5	2
0	84
0	89
29	180
0	238
6	237
0	4
0	146
0	0
0	113
3	207
0	156
0	21
0	7
0	7
0	0
0	0
76	657
0	0
0	0
0	108
0	0
0	0
3372	74
0	74
0	0
0	0
0	0
0	0
0	27
1	36
5	36
0	35
0	0
0	0
0	0
0	0
0	0
412	3
0	0
0	0
0	3
11	23
0	84
8	88
0	85
0	35
7	64
14	111
0	0
24	41
0	2
0	0
0	1020
0	692
0	961
0	666
1	680
0	167
0	102
0	24
0	84
0	111
0	99
0	99
0	74
0	67
0	18
0	12
0	89
0	71
0	99
0	71
0	61
0	3
0	6
0	6
0	0
0	0
0	0
0	0
0	0
0	0
0	0
0	0
0	0
0	0
0	0
0	0
0	0
0	0
1323	1353
0	43
0	1299
0	382
0	180
18	110
11	160
0	57
0	2
10	37
6	39
0	0
0	0
0	0
0	0
2	0
0	0
0	0
0	0
0	0
0	0
0	0
0	0
0	0
0	0
0	0
0	0
0	0
0	0
0	0
0	0
0	0
0	0
0	0
0	0
0	0
0	0
0	0
0	0
0	0
0	0
0	0
0	784
0	1
14	1008
0	995
0	80
0	119
7	735
0	0
0	483
0	20
0	0
0	36
0	0
1	203
0	55
0	115
0	11
0	0
0	0
0	0
0	0
2	352
1	355
24	111
0	5
0	115
0	0
0	0
0	0
24	2587
22	961
0	1342
0	600
0	8
0	467
0	42
0	729
0	73
0	73
0	305
0	186
0	186
0	0
0	0
0	0
0	0
0	0
473	403
0	21
0	388
0	27
0	48
0	17
0	11
0	28
0	33
78	0
1174	521
0	508
8	103
0	163
0	59
0	55
6	415
0	146
3	410
2	0
0	146
0	130
0	0
0	0
0	0
0	0
0	0
0	0
0	0
0	0
0	0
0	0
0	0
0	0
0	0
0	0
0	0
16	87
0	3
5	61
8	163
0	1
0	1
0	0
0	0
0	48
38	63
137	188
0	0
0	0
0	32
39	8
31	113
9	84
0	34
13	0
0	0
0	0
0	0
0	0
12	0
0	0
0	13
556	461
2	456
0	0
0	5
0	0
35	0
0	0
0	0
0	338
1	338
15	338
0	0
0	0
0	0
124	0
65	276
15	229
4	249
0	95
0	100
0	14
0	6
3	7
0	0
0	5
0	3
0	1
0	1
0	0
0	1
0	3
0	0
0	0
0	0
0	0
50	264
0	130
24	254
1	263
0	1
0	0
17	0
0	0
18	94
0	0
0	0
0	0
0	0
0	0
0	0
0	0
0	2
0	2
0	0
0	0
0	0
0	331
12	2310
0	2312
1	352
0	1721
0	57
13	741
0	37
0	1541
5	686
0	142
0	130
0	226
0	70
0	83
0	185
10	375
0	0
0	7
0	34
0	0
0	0
0	0
0	0
0	0
0	0
6	8
0	8
523	1821
0	1745
5	832
0	342
0	316
0	274
39	1282
6	1324
164	1324
0	488
653	444
0	0
0	26
0	0
4	372
0	67
0	0
0	9
0	44
2	115
0	8
0	0
0	0
0	64
0	0
0	0
0	0
0	0
0	0
0	0
0	0
0	0
0	0
0	0
0	0
0	0
0	0
0	266
64	266
0	225
0	55
0	87
165	1126
55	157
0	93
186	677
40	235
0	25
175	630
39	290
34	237
0	0
42	3250
181	3233
0	0
0	919
0	0
0	0
0	0
0	7
0	7
5	104
0	0
1	106
0	88
0	83
0	55
0	105
0	105
0	18
0	9
0	16
0	28
0	1
0	6
0	16
0	23
0	22
0	34
0	0
0	0
0	0
0	0
20	22
0	0
0	0
0	0
0	0
0	0
0	0
0	0
24	0
0	0
0	0
3	659
6	654
4	665
0	513
9	636
0	601
0	453
0	616
0	90
0	666
0	62
0	2
4	54
0	36
0	52
0	3
0	0
0	164
0	0
0	0
2	1
0	1
0	0
0	0
0	0
0	5
0	0
0	5
0	0
0	0
0	547
0	345
0	8
59	167
0	185
0	14
1	93
0	95
0	71
0	8
0	52
0	31
0	50
0	56
0	6
0	0
0	0
0	0
576	5445
194	4453
243	4454
0	406
0	552
6	3309
23	3778
0	1230
0	566
9	1151
0	163
1	2402
0	61
0	117
8	280
13	502
0	118
0	0
0	0
0	0
0	7
0	0
0	0
0	0
549	1468
0	113
5	1421
30	624
0	136
0	16
0	21
0	69
16	261
8	265
0	177
0	0
2388	383
0	199
0	307
20	1366
0	1319
0	56
0	241
5	833
0	1
0	118
0	90
0	0
0	102
0	32
0	108
0	128
0	29
0	52
0	332
0	0
0	0
0	0
0	0
0	0
0	0
0	0
0	0
0	0
0	0
0	0
0	0
0	0
0	0
0	0
0	0
0	0
0	0
0	0
0	0
0	0
0	0
0	0
0	0
0	0
0	0
0	0
0	0
0	0
0	0
0	0
0	0
0	0
0	0
0	0
0	0
0	0
0	0
0	0
0	0
0	0
0	0
0	0
0	19
0	19
17	19
0	0
0	0
0	0
0	0
0	0
0	0
0	0
0	0
0	395
0	0
0	0
0	0
0	0
0	0
0	0
0	0
0	0
0	0
0	0
0	0
0	0
0	0
0	0
0	0
0	0
0	0
0	0
0	0
0	0
0	0
0	0
0	0
0	0
0	0
0	0
0	0
0	0
0	0
0	0
0	0
0	0
0	0
0	36
5	46
0	19
0	36
0	9
786	176
11	176
113	1179
0	314
23	636
0	104
3	163
0	152
0	7
0	74
0	49
0	141
0	51
0	13
26	148
2	141
0	0
0	2
0	3270
0	16
25	2695
178	3012
3	1086
0	1038
0	703
0	128
0	143
0	19
9	271
0	36
0	652
0	92
0	161
0	0
0	0
0	0
0	0
600	624
0	619
0	475
0	398
18	394
2	476
0	406
0	349
0	284
0	226
0	111
0	126
0	1
0	69
0	0
0	38
0	39
0	4
0	30
0	1
0	8
0	1
0	34
0	0
0	0
0	2
6	327
1	330
16	268
38	154
32	120
0	55
0	29
0	0
0	0
0	0
0	0
0	0
0	0
0	0
9	2
0	2
4086	1520
20	1520
0	621
0	0
0	0
0	0
7	352
0	355
0	41
0	4
0	13
0	11
0	6
0	5
0	5
0	5
0	0
0	0
0	0
0	0
0	0
0	0
13	10
0	10
25	0
4	67
10	63
0	63
0	17
0	16
0	13
0	5
0	3
190	881
3	858
0	856
2	636
0	520
12	677
0	69
0	29
0	43
0	11
0	1
0	0
0	0
0	0
55	68
12	68
0	68
0	0
0	0
0	0
65	0
20	0
36	0
0	0
36	0
0	0
0	0
0	0
77	137
0	137
0	0
0	167
0	167
0	114
0	48
0	375
0	2465
2183	3951
0	2033
0	3388
0	3694
0	122
0	105
0	2438
0	3585
8	2313
0	74
0	3692
0	3689
2	11
0	15
0	287
0	0
0	438
0	1599
0	348
26	186
0	0
13	43
0	508
0	259
1203	0
0	28
0	11
0	60
0	213
0	372
0	569
6	156
67	68
0	101
0	0
0	0
0	0
0	0
0	0
0	0
0	0
0	0
0	0
0	0
0	0
0	0
0	0
0	0
0	0
0	0
0	0
0	0
0	0
0	0
16	0
0	0
0	0
0	0
0	0
0	0
0	0
0	0
0	0
0	0
0	0
0	0
0	0
69	416
1	416
6	122
0	0
27	0
0	0
0	0
0	7
1	10
0	9
0	1
0	2
0	4
0	1
0	2
0	2
0	1
0	3
0	6
0	7
0	1
0	2
0	0
0	0
0	0
0	0
0	0
0	0
0	0
0	0
0	0
0	0
0	0
0	0
0	0
0	0
0	0
0	0
0	0
0	0
0	0
0	0
0	0
0	0
0	0
0	0
0	0
0	0
0	122
0	0
0	128
0	3824
4146	12002
273	12569
0	3794
2812	1373
14	1154
136	1255
0	0
0	0
0	0
0	0
0	189
0	0
3	6
0	7
0	183
0	0
0	23
0	21
5	877
15	980
0	538
0	958
43	1331
0	656
154	1070
0	1303
53	1345
0	865
0	1273
23	1356
0	1314
0	327
0	0
0	0
0	0
0	0
0	155
0	155
0	170
0	237
0	730
0	938
0	833
0	4
82	1688
0	414
0	27
0	709
0	1028
1	935
0	260
0	209
0	203
0	157
0	176
0	146
0	142
0	214
0	69
0	0
0	7
0	0
0	7
0	27
0	10
0	3
0	0
0	0
0	264
0	200
0	18
0	0
5	662
122	739
21	110
0	1
0	17
0	120
0	651
0	20
0	405
3	647
0	74
0	9
0	0
8	1645
27	1607
5	1463
20	458
0	1500
26	273
0	129
44	23
0	18
0	2
0	12
0	37
0	50
0	8
0	73
0	5
0	44
0	1308
0	676
0	595
0	569
0	164
0	212
0	0
0	38
0	0
0	0
3	82
2	141
25	137
238	1332
35	30
32	595
0	811
0	212
17	476
0	27
0	76
9	327
0	0
0	11
0	11
0	1
0	0
0	2
87	13
0	8
0	13
0	138
21	138
0	0
0	0
0	0
0	0
0	0
0	0
0	0
0	0
0	0
0	0
0	0
0	0
0	0
1533	816
0	292
0	327
0	131
0	87
0	189
0	83
0	72
0	86
0	0
0	0
0	0
0	0
0	0
1	2560
0	2443
0	2534
15	1577
0	1848
0	597
0	31
0	342
0	86
0	109
0	84
0	33
0	767
0	7
0	180
0	66
0	49
0	75
0	90
22	15
0	28
0	0
0	27
0	0
0	1
0	0
0	0
0	0
0	0
0	0
409	508
0	52
0	33
0	117
10	462
0	12
0	188
1	390
0	11
0	106
0	0
0	155
2	164
0	156
0	39
0	47
0	0
0	0
12	121
0	121
0	121
1548	5666
0	0
0	5657
0	4970
0	3887
44	4668
7	4622
0	132
0	464
3	2659
0	1826
0	143
23	1556
50	957
0	17
0	284
0	14
0	399
121	794
74	710
0	464
0	306
0	27
0	124
0	50
0	0
0	0
0	0
95	248
0	219
0	198
0	144
0	197
0	57
0	65
0	0
0	0
0	0
0	0
0	0
0	312
0	312
0	244
0	235
0	274
0	248
0	252
0	0
0	286
0	306
0	258
0	268
0	229
0	270
0	306
0	248
0	238
0	242
0	635
0	43
0	492
2	729
0	456
0	0
2	1115
337	1115
0	0
0	0
0	0
0	0
5	99
587	105
0	52
0	12
0	0
0	2
19	34
0	34
0	0
0	3
0	7
0	5
0	0
0	3
0	0
0	0
0	0
0	0
0	0
0	0
0	0
0	0
0	0
0	0
0	0
0	0
0	0
0	0
0	0
0	0
0	0
0	0
0	0
0	0
646	0
0	0
51	1
0	1
0	547
2234	2875
15	700
0	2
19	41
0	274
6	352
0	17
19	1602
2	1180
0	90
0	6
0	0
0	339
7	307
9	307
32	104
0	0
0	296
0	299
0	25
0	224
1	172
3	153
0	116
0	3
635	3733
0	1873
0	1981
20	1219
10	1345
0	71
0	0
191	171
34	117
0	120
0	4
15	191
0	215
0	130
27	94
0	26
0	73
0	53
0	0
0	0
8583	16932
118	2792
364	17431
1791	16077
1	2865
0	1741
51	10651
18	4963
0	3797
13	46
0	319
0	0
0	0
0	0
0	6062
0	6624
0	1389
0	532
0	1337
0	5345
0	609
0	414
0	6
0	0
0	133
11	0
0	0
0	0
0	0
0	0
0	0
0	0
0	0
0	0
0	0
0	0
0	0
0	0
0	0
0	0
0	0
0	0
0	0
0	0
0	0
0	0
0	0
0	0
0	0
0	0
0	0
0	0
0	0
0	0
0	0
0	0
0	0
0	0
0	0
0	0
0	0
0	0
0	0
0	0
0	0
0	0
0	1
0	122
1	121
0	96
0	70
11	69
0	2
0	0
0	15
0	14
0	17
0	0
0	0
1	28556
1	25126
60527	28491
29	24699
8	25369
2	4068
0	0
0	0
0	0
0	0
364	152
0	82
1	142
1	69
0	11
0	0
0	0
1740	0
340	934
248	1605
0	1427
0	0
0	84
25	1337
24	1946
326	1895
0	62
35	115
5	328
0	0
8	2
0	1
7	3
0	0
0	0
89	0
0	3
0	3
0	0
0	0
0	0
0	0
0	0
0	0
0	0
0	0
0	0
0	0
0	0
2	862
0	320
6	171
0	49
0	504
0	138
2	178
0	537
0	682
0	122
0	138
0	600
0	154
0	138
0	63
0	215
0	267
0	754
0	285
0	45
0	172
5	327
0	409
0	373
0	346
0	106
0	73
0	87
0	40
0	0
0	0
0	0
0	0
0	0
0	310
0	419
0	291
0	357
0	391
0	100
0	30
0	35
0	51
0	18
0	8
5	127
13	6
0	66
0	130
0	126
0	75
0	95
0	15
0	17
0	116
0	126
0	29
0	8
0	9
0	57
0	7
0	8
0	4
0	4
0	0
0	10
0	1
0	0
0	196
1	307
0	234
33	332
2	245
0	219
0	0
0	0
0	0
0	0
0	0
0	0
0	0
0	0
0	0
0	0
0	0
0	0
0	0
0	0
10	20074
0	19748
0	3355
0	3464
0	4118
0	3124
0	2885
0	3117
0	3492
0	4014
0	2610
62	2421
0	2570
0	2290
0	2547
0	2415
0	2182
0	0
0	0
0	0
0	0
0	0
0	0
2	167
0	223
2	216
0	253
75	263
0	253
6	213
0	223
0	159
0	127
0	157
0	0
0	0
0	3
0	37
83	2216
16	2214
0	91
0	212
0	706
0	113
0	245
0	0
0	0
0	0
0	0
0	0
0	0
0	0
0	0
5	1533
539	1533
0	164
0	269
10	226
0	0
0	0
0	0
0	0
0	0
0	0
0	0
0	0
0	0
0	0
0	0
5	8610
0	8208
0	8621
0	8182
0	271
0	1012
0	7880
0	120
50	985
53	7236
0	0
0	6087
24	962
0	721
0	4052
0	870
0	936
0	645
0	38
0	1237
0	46
0	58
0	432
0	1333
0	390
0	942
0	528
0	800
0	738
0	655
0	351
0	592
0	337
0	92
0	0
0	13
0	28
0	31
0	166
0	153
0	170
293	178
0	178
0	19
0	23
492	14
0	0
26	1901
354	751
40	1116
1	862
0	281
0	45
0	234
0	12
11	1073
0	62
3	771
15	3985
1415	9314
0	527
0	14
0	13
0	1484
0	639
0	84
0	229
71	4814
0	0
0	64
0	13
0	90
5	171
0	0
1	171
0	0
0	10
0	49
0	13
0	5
0	97
1	1080
2498	1884
7	1699
0	1487
1	1318
0	721
0	141
0	47
0	133
0	0
1117	155
23	151
0	59
0	76
0	3
0	268
65	1925
0	1748
76	1304
0	123
0	1440
0	1442
0	8
2	812
0	745
0	1
0	1
20	1
0	1
0	0
0	0
0	0
7627	1297
0	178
7	354
0	359
0	406
0	0
0	0
423	0
0	0
0	0
0	0
0	0
0	0
11	15
0	15
2372	5340
14	5340
4	2265
0	0
2	2889
0	2679
0	2284
7	2862
0	2695
0	2569
0	2583
0	2249
0	2309
0	2129
0	2533
0	2242
26	2600
0	2102
0	2302
0	2381
0	2547
0	2375
0	2570
7	2704
0	2452
0	2257
1	2498
27	2962
1	2014
0	1845
0	2042
0	1669
0	871
0	1124
0	830
0	1027
0	230
0	827
0	974
0	706
2	578
0	163
0	175
0	155
0	156
0	280
0	143
0	140
0	2
15	198
0	19
0	53
0	81
30	39
0	0
0	2650
0	1052
10	57
0	0
0	0
0	0
0	0
0	0
0	0
0	0
0	0
0	0
0	0
0	0
0	0
0	0
0	0
0	0
71	67
163	67
13	174
5	216
0	0
0	216
0	0
0	0
0	0
0	0
0	0
0	0
0	0
0	0
0	0
0	0
0	0
0	0
0	0
0	0
0	0
0	0
0	0
0	0
0	0
0	0
0	0
0	0
0	0
0	0
0	0
0	0
0	0
0	0
0	0
0	0
0	0
0	0
0	0
0	0
0	0
0	0
0	0
0	0
0	0
0	0
0	0
0	0
0	0
0	0
0	0
0	0
0	0
0	0
0	0
0	0
0	0
0	0
0	0
0	0
0	0
0	0
0	0
0	0
0	0
0	0
0	0
0	0
0	0
0	0
0	0
0	0
0	0
0	0
0	0
0	0
0	0
0	0
0	0
0	0
0	0
0	0
0	0
0	0
0	0
0	0
0	0
0	0
0	0
0	0
0	0
0	0
0	0
0	0
0	0
0	0
0	0
0	0
0	0
0	0
0	0
0	0
0	0
0	0
0	0
0	0
0	0
0	0
0	0
0	0
0	0
0	0
0	0
0	0
0	0
0	0
0	0
0	0
0	0
0	0
0	0
0	0
0	0
0	0
0	0
0	0
0	0
0	0
0	0
0	0
0	0
0	0
0	0
0	0
0	0
0	0
0	0
0	0
0	0
0	0
0	0
0	0
0	0
80	6664
999	4322
74	8924
15	6822
559	5461
1460	4826
22	1
0	0
0	0
0	0
0	0
0	0
0	0
0	0
0	0
0	0
0	0
0	1976
0	2028
77	1954
0	98
0	385
0	379
0	321
0	256
0	97
0	60
0	15
0	0
0	14
0	7
0	14
0	0
0	0
0	0
0	0
0	1
0	0
0	0
0	0
0	0
0	0
0	0
0	0
0	0
0	0
0	307
0	364
0	398
0	163
0	350
0	224
1	303
5	122
3	203
0	222
0	16
0	79
0	57
0	108
0	71
0	0
0	0
0	0
0	0
0	0
0	0
748	0
80	0
0	6127
0	6231
0	6264
0	4204
56	6134
0	398
0	593
0	5
0	559
0	308
0	0
0	0
0	0
0	0
0	0
59	1297
0	305
0	1
0	126
0	170
32	1172
0	166
0	117
0	179
24	0
0	116
0	170
76	2201
0	171
0	2096
85	1917
35	1796
0	170
0	150
0	0
0	12
0	916
0	547
0	750
0	97
0	374
0	314
0	276
0	276
0	272
0	168
0	161
0	0
0	0
0	0
0	0
11	692
1	584
0	86
6	225
6	224
0	454
0	454
0	68
0	44
0	237
4	390
0	94
329	706
0	0
0	0
0	0
0	0
0	0
0	0
0	0
0	22
12	141
10	15
0	100
0	4
32	80
0	16
0	36
359	4680
225	4680
81	744
0	58
0	98
0	420
0	37
0	472
0	0
0	160
0	157
0	138
172	125
0	10
0	9
0	9
8	8
0	7
0	0
0	0
0	0
0	0
0	204
6	354
0	335
0	371
0	306
17	14
2	53
0	37
0	34
0	32
0	17
0	32
2498	1482
0	2
5	197
0	391
16	344
5	915
0	259
0	0
0	0
0	0
0	0
3	2282
0	1634
6	1487
0	338
0	54
0	95
96	2139
0	85
47	143
0	434
0	314
16	423
8787	21833
287	20228
0	4480
0	17239
19	18246
0	1551
147	16606
28	1243
0	749
29	2116
0	0
0	1296
0	432
11	0
0	0
543	0
0	0
0	1320
0	140
0	64
0	1188
74	1863
0	1020
0	1794
0	1378
0	91
0	90
0	55
9	46
0	57
0	12
0	76
0	99
0	18
0	79
4	226
0	76
25	1012
0	140
103	760
1	759
0	367
0	0
0	0
15	0
0	0
0	9
0	0
192	278
0	45
4	250
7	2
0	65
0	15
0	0
36	39
0	38
0	24
0	4
0	7
22	74
0	0
0	553
2	628
0	1964
0	8454
5	3389
0	359
0	1056
0	697
0	7311
185	9464
192	4601
0	520
79	1633
34	1143
4	1139
0	1073
0	999
6	152
0	22
0	0
0	112
0	21
0	6
9	641
0	475
0	407
1	452
26	100
0	49
0	80
0	86
0	80
0	6
0	1842
23	1984
0	883
0	713
0	211
0	17
0	26
0	122
0	84
0	40
0	84
0	5
0	0
219	2013
0	434
0	694
0	1770
0	2
0	0
0	0
153	405
0	402
8	0
0	81
0	301
0	363
1	221
117	325
0	373
0	37
0	36
16	62
40	79
27	104
18	56
0	17
119	834
0	770
6	23
0	26
0	43
0	473
5	441
9	16
0	342
0	286
0	302
0	318
21	377
0	303
0	191
0	320
0	20
0	24
0	82
0	0
0	21
0	103
0	100
0	0
0	11
0	21
0	68
0	22
0	29
0	0
0	0
0	1
0	11
0	11
0	11
0	0
0	0
0	0
0	0
0	0
0	0
0	0
0	0
896	1135
0	67
11	180
0	138
0	472
0	572
0	0
0	0
0	0
0	0
0	0
0	0
0	29
818	29
0	277
0	0
0	0
0	0
0	1
0	601
0	0
0	2259
20	1656
0	2316
0	652
3	1150
3	448
0	1871
0	149
8	214
0	130
0	646
0	107
0	24
0	35
0	224
11	408
5	152
2	185
0	68
0	125
0	6
0	2
0	0
0	3009
0	3008
2	2632
0	598
0	1430
0	611
0	124
154	3258
0	712
0	684
0	404
0	898
93	3156
2	774
0	731
0	524
0	26
0	26
0	15
0	13
0	1
0	9
0	1
0	9
0	1
0	0
0	0
0	0
0	0
0	0
0	0
0	0
0	0
0	0
0	0
0	0
0	0
0	0
0	0
0	0
0	0
0	73
0	95
0	97
0	7
22	142
0	176
13	608
0	0
0	100
0	39
0	92
0	188
0	255
0	274
0	61
0	21
0	104
0	84
0	53
0	597
2	599
0	585
0	591
0	128
0	21
0	7
0	64
0	61
0	34
0	31
0	8
0	8
0	4
667	50
0	49
0	0
0	22013
7868	23200
0	21
32	14286
29	931
58	23289
0	13439
0	14167
0	1129
111	1253
64	584
0	157
38	131
0	225
0	120
0	123
398	277
5	25
0	251
0	241
0	33
0	107
0	103
0	38
0	9
0	0
0	0
9	692
0	1077
2	1058
0	521
9	504
0	137
2	290
0	64
0	761
0	707
0	399
0	211
0	278
0	270
0	6
0	4
0	59
0	70
0	424
0	232
0	109
0	199
0	174
0	127
0	57
0	161
0	55
0	84
0	66
0	24
0	1
0	11
36	0
1	0
45	129
6	129
17	21
0	0
4	0
18	58
4	552
18	428
8	98
0	169
0	0
0	0
3893	14929
36	149
17	10752
14	14983
0	14
15	12369
0	0
61	3673
0	109
0	37
0	190
0	142
0	130
250	205
0	39
0	46
0	0
0	5
0	0
0	0
0	0
0	0
0	0
0	0
0	0
0	0
0	0
2	0
0	0
113	0
17	9
2	9
0	3
0	2
0	2
24	0
0	0
38	0
0	0
0	0
0	0
0	0
0	0
0	9
0	394
109	370
0	1
0	347
4	28
31	22
0	259
1	269
0	268
3	204
0	169
0	202
0	68
0	27
0	26
0	7
0	1
0	0
0	0
0	0
0	0
0	0
0	0
0	0
0	0
0	0
34	962
4	122
0	837
0	388
0	0
0	0
0	0
0	0
0	0
0	0
0	0
0	0
0	0
0	0
0	0
0	0
0	0
0	0
0	0
0	0
0	0
0	0
0	0
0	0
0	0
0	0
0	0
0	0
0	0
0	0
0	0
0	0
0	0
0	0
0	0
0	0
0	0
0	0
0	0
0	0
0	0
0	0
0	0
0	0
0	0
0	0
0	4
0	0
0	0
0	5
0	0
0	0
0	0
0	0
0	0
0	0
0	0
0	0
0	0
0	0
0	5
0	4
4	5
0	798
0	798
0	120
0	75
0	58
0	8
0	11
0	0
0	0
2	2519
0	2519
0	437
0	590
48	640
0	58
0	602
6	605
0	237
0	33
0	161
13	372
1	705
0	577
2	729
0	1
0	342
0	159
0	189
0	72
0	117
0	4
6	0
0	0
0	0
0	0
4	366
16	351
8	265
0	153
0	61
0	0
0	7
0	4
92	79
0	79
0	30
0	28
0	0
32	315
0	399
3	399
0	398
0	294
2	450
16	110
10	398
4	367
0	293
0	73
0	47
4	411
0	319
8	246
22	1695
25	1962
101	2088
0	206
0	97
3	482
0	91
0	20
0	0
0	0
6	224
11	216
0	0
3	3101
8	3189
0	2368
10	2609
0	2567
0	2298
0	2262
0	2357
0	40
0	122
0	452
0	78
0	216
0	457
0	0
0	0
0	0
0	0
0	0
0	0
0	0
0	0
0	0
0	0
0	0
8	8
0	8
0	0
0	0
0	0
0	0
0	0
0	0
0	0
0	0
0	0
0	2582
25	2316
101	2262
99	2561
1	1829
12	875
0	847
0	1689
24	836
0	333
0	720
0	671
0	176
0	254
7	188
0	59
0	64
0	0
403	4609
0	456
0	282
8	40
0	470
0	688
0	574
0	14
0	83
1	468
0	519
6	470
0	322
0	2689
0	200
0	990
0	2413
0	480
18	2671
0	438
0	45
0	748
0	0
0	0
0	0
0	0
0	0
0	0
0	0
0	0
0	0
0	0
0	0
0	0
0	0
0	0
0	0
144	1331
7	1272
37	1287
0	1287
0	122
0	97
0	22
0	6
0	0
0	0
0	0
0	0
0	0
15	0
0	0
0	0
0	0
0	0
0	0
0	0
0	0
0	0
0	0
0	0
0	43
10	700
66	727
1	717
12	110
0	0
0	0
4	194
0	99
20	102
31	193
91	308
0	57
0	64
0	46
0	66
0	198
0	0
0	0
0	0
0	0
0	0
0	0
0	0
0	0
0	0
0	60
0	164
0	158
0	51
0	1
0	29
0	9
0	4
0	4
0	0
0	0
0	0
0	0
0	0
51	4549
0	2011
183	4435
7	3121
8	4466
0	1222
0	754
33	4133
0	504
0	0
0	567
0	133
0	344
0	546
0	4
0	23
0	278
9	209
0	4
0	0
0	301
2	331
0	81
0	143
0	0
0	0
0	0
0	2
0	25
0	20
0	8
0	60
2	61
0	10
0	17
0	17
0	10
0	10
0	16
0	9
0	16
0	9
0	7
0	5
0	0
0	0
0	0
0	0
0	0
0	0
0	0
0	0
0	0
0	0
0	0
0	0
0	0
0	0
0	0
0	0
0	0
0	0
0	0
0	0
0	0
0	0
0	0
0	0
0	0
0	0
0	0
47	212
31	204
0	208
0	2
0	0
0	0
0	0
0	864
29	866
0	885
7	865
0	385
0	326
0	90
9	179
3	3524
0	0
0	3524
0	428
0	396
26	424
0	129
33	448
14	219
26	80
78	279
0	123
0	122
0	0
100	26
0	8
0	10
0	2
0	0
0	4
0	6
0	3
0	0
0	0
0	0
0	0
0	0
0	441
0	760
0	0
0	0
0	764
0	771
45	623
22	717
0	313
0	737
70	515
0	820
0	173
0	136
0	295
0	0
1069	70
0	70
0	24
12	103
3	47
0	27
0	32
0	45
0	93
0	23
12	97
0	76
0	0
0	0
33	0
40	1
0	0
0	0
0	1
226	2096
4	1322
30	73
28	320
0	0
26	1633
0	21
39	1593
0	1047
0	6
0	24
10	40
0	0
0	0
0	0
0	0
0	0
0	0
0	4
0	8
0	44
0	4
0	39
0	17
0	4
0	75
15	47
0	29
0	0
0	0
0	0
3	1545
2	1524
1	957
0	16
0	120
0	0
0	0
0	669
0	641
0	632
0	614
0	296
0	18
0	29
0	287
0	2
0	11
0	162
0	26
0	83
0	12
0	57
0	41
0	0
0	3
0	3
0	0
0	0
2	4141
16	1801
0	3775
0	2390
0	225
0	93
0	6
0	0
0	82
7	2035
0	537
17	537
0	112
0	273
0	150
0	21
0	188
0	130
0	0
0	0
231	360
13	960
0	0
26	0
0	0
0	21
4	5
0	0
0	0
0	0
0	17
0	0
91	38
14	0
0	0
2	2102
6	135
53	109
0	87
0	85
0	87
20	126
0	64
0	0
0	1
36	394
0	64
0	1
0	330
1	22
0	85
0	67
0	0
0	0
0	0
0	0
0	0
0	0
0	0
0	0
0	0
0	0
0	0
0	0
0	0
0	0
0	0
0	0
0	0
0	0
0	0
0	0
0	0
0	0
0	0
0	0
0	0
0	0
0	0
0	0
0	0
0	0
0	0
0	0
0	0
0	0
0	0
0	0
0	0
0	0
0	0
0	0
0	0
0	0
0	340
0	629
0	624
2	638
0	599
0	605
0	303
0	617
169	140
0	30
0	22
0	8
0	24
0	21
0	308
0	14
0	19
2	20
0	147
0	20
0	19
7	25
0	137
1	272
0	283
0	51
0	0
1	207
0	33
1	191
0	191
0	191
5	182
0	6
0	0
0	1
0	0
14	22
0	2
0	20
0	0
0	0
3	65
0	0
0	0
12	47
0	43
67	50
3	56
0	38
0	122
0	39
0	168
9	353
0	972
0	1033
0	0
0	374
0	1126
0	1126
10	333
0	43
0	44
0	52
466	170
0	63
28	0
437	705
0	42
0	23
0	0
0	81
0	697
0	106
0	100
4	3107
1	0
0	0
0	0
0	0
0	0
0	0
0	0
0	0
0	0
0	0
0	867
3	264
0	814
0	263
0	455
2	332
0	73
0	223
0	517
0	1000
0	137
7	246
0	147
5	92
10	254
0	841
0	235
0	927
0	953
0	156
5	224
0	128
0	230
0	948
0	296
0	105
0	244
0	107
0	151
0	221
3	794
0	219
0	802
0	65
0	219
0	862
0	140
0	708
0	73
0	142
0	169
0	179
0	82
18	142
0	74
0	165
0	38
0	221
30	251
0	0
0	0
0	1
324	788
0	6
18	6
0	0
0	0
1	57
1	5
24	3
0	3
0	2
0	0
0	0
0	0
88	1709
0	1550
0	155
54	1604
13	246
12	1543
0	596
0	168
0	529
0	37
0	116
0	85
0	174
0	174
0	256
0	91
0	257
0	220
0	2
0	0
0	0
0	0
0	0
0	0
0	0
0	0
0	0
0	0
0	0
0	0
0	0
0	0
0	0
0	0
0	104
0	69
3	13
10	125
0	0
0	0
0	0
0	0
0	0
0	4
0	24
0	3
8	71
0	7
12	71
1	55
0	4
0	0
0	2
0	6
0	11
0	0
0	154
10	136
0	6
0	151
0	376
0	1031
0	178
0	3036
0	65
0	207
1188	3223
0	227
0	985
0	247
115	885
0	155
0	82
0	402
0	0
2	403
0	1977
0	257
13	358
0	160
0	2
0	146
0	213
28	762
0	177
0	0
0	0
0	0
0	70
0	0
1	4507
0	566
2832	5047
12	1122
28	864
3	4649
90	3641
0	379
3	738
0	513
0	0
0	210
77	593
0	513
0	211
3	40
0	41
26	77
0	74
1497	136
0	136
0	409
0	239
0	346
0	371
0	254
0	28
0	123
0	14
0	61
0	23
0	12
143	1576
0	1565
17	1537
3	1422
22	252
0	181
0	23
8	18
0	3
0	4
0	13
0	0
38	109
0	115
0	110
6	95
0	46
0	79
0	49
0	4
0	3
0	42
0	8
0	18
0	24
0	0
0	0
0	0
0	0
41	27
0	27
7	0
0	0
0	158
573	158
0	31
0	1
0	0
0	0
11	9
6	12
0	3
0	0
13	181
8	1017
0	911
5	969
21	692
0	324
0	521
7	450
0	487
0	15
0	148
0	73
0	28
0	380
11	488
0	115
0	779
0	194
0	2300
4	56
1	74
0	0
0	401
3	2227
0	134
0	154
0	2359
0	2165
0	118
0	105
0	317
0	2307
0	54
0	32
0	10
0	232
0	150
0	417
0	296
0	637
0	2333
0	1813
0	310
0	125
0	371
0	39
0	368
0	2038
0	6
0	61
0	2112
0	1712
0	23
14	333
0	17
0	735
0	890
37	521
0	478
0	0
0	6
0	16
0	12
0	20
0	8
9	30
0	13
0	6
0	1
0	0
0	0
15	0
0	0
0	595
0	145
1	6665
21	5864
0	6616
0	471
0	409
95	6385
0	479
10	519
0	213
1	573
0	0
0	242
0	428
0	279
0	30
0	2672
16	2819
1	2410
0	166
13	360
0	264
0	0
0	0
1	2404
139	2454
0	573
0	326
6	432
0	279
0	0
0	289
0	56
0	896
0	868
11	1078
0	3
0	748
1	1078
0	284
28	982
0	525
4	314
0	9
7	1207
72	935
0	152
0	344
10	879
0	336
0	129
0	294
0	0
0	0
0	0
0	0
0	0
0	0
0	0
0	0
0	0
0	0
0	0
0	0
0	0
0	0
0	0
0	0
0	0
0	0
0	0
0	0
0	0
17	12
0	9
0	11
0	11
0	3
0	3
0	5
0	5
0	2
0	0
0	0
0	0
0	0
0	0
0	0
0	0
0	0
0	0
0	0
0	0
0	0
0	0
0	0
0	0
0	0
0	0
0	0
0	0
0	0
71	12
0	12
0	0
0	0
0	0
0	0
0	0
47	18
0	18
0	14
0	0
0	0
0	0
0	0
0	0
0	0
0	0
0	0
0	0
0	0
0	0
0	0
0	0
0	0
0	0
0	0
0	0
2	1
0	0
0	0
0	0
0	0
0	0
0	0
0	0
0	0
0	0
0	0
0	0
0	0
0	0
0	0
0	0
0	0
0	0
758	2242
0	173
13	1645
70	2045
0	47
0	57
0	192
0	225
9	1132
47	1536
14	1790
0	9
0	113
0	40
4	306
0	0
0	527
0	81
0	687
0	2
0	120
0	12
0	74
0	272
0	282
0	0
0	375
85	1
7	2
0	0
0	0
0	0
134	1652
16	853
4	747
11	731
21	1481
0	861
19	1222
0	559
0	1259
0	863
0	0
76	4089
0	53
0	610
2	166
0	323
10	3810
4	501
0	1
104	736
0	183
0	591
157	668
0	183
2	171
26	105
3	185
0	133
13	211
0	157
0	420
26	293
0	17
0	8
0	163
0	323
0	2
0	0
0	0
0	0
0	0
0	0
0	0
0	0
0	0
0	0
0	0
0	0
0	0
0	0
0	0
0	0
0	0
0	16
48	28
0	14
0	0
0	12
46	72
86	348
0	348
0	262
51	235
0	133
372	1004
0	1004
0	30
16	491
0	10
0	8
0	7
0	6
0	1
0	0
0	0
0	0
0	0
0	0
0	8
183	141
35	196
0	196
0	0
0	0
0	0
0	0
0	0
0	0
0	0
0	5421
0	5457
0	3430
0	5421
0	141
0	2946
0	2575
0	960
0	2255
1	2260
0	1821
43	1112
0	965
0	29
0	3
0	1383
0	0
0	484
0	0
0	0
12	5
0	0
0	5
0	0
0	0
0	0
0	46
0	14
11	42
44	1389
10	1422
20	431
8	963
0	802
0	119
0	23
0	14
0	115
0	474
0	460
0	256
0	339
0	243
0	145
0	112
0	16
0	59
0	11
0	23
0	34
0	32
59	660
9	286
0	420
0	65
11	52
0	682
0	426
0	344
0	159
0	99
0	357
29	282
0	282
1	181
0	117
0	60
0	97
0	14
0	105
0	0
353	642
0	623
0	197
0	208
0	151
0	257
0	249
0	63
5	219
0	20
0	0
0	38
109	1528
16	745
0	750
0	790
0	1555
0	116
0	118
0	1487
0	342
0	183
0	484
0	512
0	163
0	119
0	5
0	12
8	259
0	36
0	0
0	3
0	0
0	0
0	0
0	0
0	0
0	0
0	0
0	1
18	1
0	0
0	0
0	0
0	0
0	0
0	0
0	0
0	0
0	0
0	0
0	0
0	0
0	0
0	0
0	36
0	146
0	152
0	102
0	3
0	0
0	5
0	6
0	8
0	6
0	15
0	5
0	8
0	0
0	63
0	25
0	0
0	193
0	42
0	232
12	108
6	6
0	43
0	54
0	227
0	0
0	34
0	50
0	38
0	28
0	1
0	35
0	21
0	0
0	0
0	92
0	5
0	5
0	0
0	0
0	0
0	0
0	0
0	0
0	0
2428	142
14	142
0	0
0	0
0	0
0	0
0	0
0	0
0	0
0	0
0	0
0	0
0	0
0	0
0	0
0	0
0	0
0	0
1	1
0	0
0	0
0	0
0	0
0	0
0	0
0	0
0	1
0	0
0	0
0	0
0	0
0	0
0	0
0	0
0	0
0	0
0	0
0	0
0	0
0	0
25	671
0	0
0	347
1	627
0	50
0	0
11	223
0	0
0	347
0	353
0	444
0	442
2004	461
0	319
0	5
0	484
0	577
0	62
0	34
10	108
0	474
0	147
0	81
0	17
11	221
0	0
4493	163
0	54
0	0
0	44
0	231
2	334
0	21
0	5
0	32
0	252
4	314
0	300
0	24
0	0
0	48
0	48
0	8
0	0
0	0
0	0
0	0
0	81
0	0
0	0
0	56
0	37
0	15
0	25
0	19
0	0
0	0
0	0
0	0
0	0
1377	978
0	255
0	72
0	514
0	4
0	466
0	23
0	34
0	0
0	36
0	36
0	16
0	0
0	0
0	8
0	2
0	35
0	0
0	5
0	1
0	2
0	0
0	0
0	0
0	0
0	0
0	0
0	0
0	0
0	0
0	0
0	0
0	0
0	0
0	0
0	0
0	0
0	0
0	0
0	0
0	0
0	0
0	0
0	1085
18	1177
1	1183
3	1178
0	1182
0	26
0	248
0	6
0	0
0	233
0	9
0	241
0	3
0	19
0	1110
43	1097
0	404
0	1189
0	38
0	731
0	191
0	360
0	324
0	195
0	179
0	55
0	55
0	152
0	0
0	0
0	0
0	0
0	0
0	0
0	0
0	0
0	0
0	0
0	0
0	0
0	0
0	0
0	0
0	0
0	0
0	0
0	0
0	0
0	0
0	0
0	0
0	0
0	0
0	0
0	0
0	0
0	0
0	0
0	0
0	0
0	0
0	0
0	0
0	0
0	0
0	0
0	0
0	0
0	0
0	0
0	0
0	0
0	0
0	0
0	0
0	0
0	0
0	0
0	0
0	0
0	0
0	0
0	0
0	0
0	0
682	183
0	80
0	12
0	91
0	0
881	2847
0	181
3	756
0	468
0	187
0	189
8	471
47	2574
119	2314
0	207
0	1555
0	89
0	275
0	106
0	526
0	80
12	689
0	155
0	72
19	232
136	475
0	1
0	287
0	0
0	0
0	0
0	0
0	0
0	0
0	0
0	0
0	0
0	0
0	0
0	0
120	220
4	218
0	86
237	68
0	67
0	0
0	0
0	0
0	0
0	0
0	0
0	2264
0	2204
0	58
9	1615
0	1710
0	1778
20	121
0	182
44	124
3	158
0	879
0	834
0	15
11	95
12	96
0	29
0	76
0	51
0	124
0	32
0	5
0	18
0	0
0	0
173	3531
0	142
1	2706
0	1024
0	347
0	1880
4	1715
2	1924
0	59
0	17
0	8923
0	3071
0	8653
0	7534
3	7480
129	8043
9	7526
0	2266
0	30
153	7522
0	2807
10	683
0	472
0	454
72	274
0	21
0	210
0	176
0	0
54	0
0	0
17	10
0	4
0	3
0	3
0	4
0	5
583	3
0	0
0	0
0	0
0	0
0	0
0	0
0	0
0	0
0	0
0	0
0	0
0	0
0	0
0	0
0	0
0	0
0	0
0	0
0	0
0	0
0	0
0	0
0	1
0	0
0	0
0	0
0	0
0	0
1	0
0	0
0	0
0	0
0	0
0	0
0	0
0	3
0	0
0	189
0	1
0	185
0	119
0	1
0	4
0	4
0	0
0	29
0	37
0	3
0	0
0	0
0	1
0	0
0	1
0	1
0	0
0	0
0	3
0	0
1	810
0	5
43	5
0	2
3	255
0	6
0	0
30	815
0	247
2	244
23	0
0	0
0	5
48	80
0	14
5	43
0	5
0	7
0	0
0	0
0	27
0	0
0	0
0	0
0	0
0	0
0	0
0	0
0	0
0	0
0	0
0	0
0	0
0	0
462	50
0	50
121	0
0	0
0	0
0	0
0	0
0	0
0	0
0	0
0	0
0	0
0	0
0	0
0	0
0	0
1	207
2	187
0	41
0	188
0	203
0	183
0	9
0	8
0	0
0	0
0	0
0	0
0	0
0	0
0	0
0	0
0	0
0	0
0	0
0	0
0	0
0	0
0	0
0	8
38	10
0	2
0	0
113	303
6	12
0	42
20	283
0	9
0	39
0	14
0	0
0	0
1713	1675
0	413
0	1557
0	859
17	65
4	113
3	192
0	191
0	0
0	209
0	0
0	0
3725	0
0	0
0	0
0	0
15	1393
5	1185
0	385
0	181
0	140
0	198
0	151
0	1232
0	393
0	78
7	122
3	335
11	188
14	2
0	518
5	520
0	0
0	0
0	0
0	0
58	19
0	19
0	152
46	1237
0	980
0	0
0	0
0	1240
0	0
0	84
0	44
0	1038
0	1191
0	1036
0	27
0	778
0	144
0	111
0	419
0	86
0	52
0	0
15	328
767	394
0	19
4	45
3	81
0	139
0	56
0	23
0	7
0	0
0	290
0	57
0	21
0	57
0	0
0	0
21	4
0	1
0	0
17	0
0	0
0	0
0	0
0	0
0	0
0	0
0	0
0	0
0	0
0	0
0	0
4602	2215
955	2215
0	887
0	103
0	0
0	0
0	0
0	0
0	0
0	0
0	0
0	0
0	0
0	0
0	0
0	0
0	0
0	0
0	0
0	0
248	495
22	767
10	767
6	104
0	0
63	491
0	266
24	425
22	295
25	4507
0	82
23	873
171	4638
9	2128
0	547
26	3321
0	3998
0	1132
29	543
0	0
2045	0
25	0
0	0
0	0
0	0
0	0
0	0
0	0
0	0
1	210
0	150
0	177
0	143
0	27
0	11
0	32
0	22
0	0
0	49
0	41
0	26
0	18
0	0
0	0
0	0
0	0
0	0
0	0
0	0
0	0
0	0
0	0
0	0
0	0
0	0
0	0
0	0
0	0
0	7
0	8
9	33
0	7
0	26
0	2
0	4
0	4
0	2
0	0
0	0
0	280
0	126
0	114
0	110
0	126
0	340
0	56
0	344
45	58
0	317
0	326
459	0
0	0
7	543
0	850
13	847
8	343
57	397
64	259
0	25
0	179
0	0
0	0
0	0
0	0
0	0
0	0
0	0
31	0
0	0
0	0
1	4295
338	4296
3	214
0	231
0	181
0	67
0	312
2	96
0	83
0	81
0	0
0	0
0	0
0	0
0	0
0	0
0	0
0	0
0	0
0	0
0	0
0	0
0	0
0	0
0	0
0	0
0	0
0	0
0	0
0	0
0	0
0	0
0	0
0	0
0	0
0	0
0	0
0	0
0	0
0	0
0	0
0	0
0	0
0	12
0	0
2	12
0	10
0	9
0	0
0	0
0	0
0	0
0	0
0	0
0	0
0	0
23	216
19	462
13	537
1	188
0	2
2	316
0	78
9	309
14	407
0	160
0	214
0	149
12	51
0	256
4	141
0	13
0	39
0	34
0	0
0	0
0	0
0	0
0	0
0	0
0	0
0	471
0	532
0	607
2	484
0	30
0	18
0	27
0	12
0	26
0	42
0	10
0	0
0	0
0	0
13	2
423	394
0	218
11	305
6	323
8	205
43	273
9	168
60	145
2	81
0	5
0	0
0	0
0	0
1987	5781
0	2108
0	0
0	866
2464	5845
0	863
0	6119
0	6119
0	3
0	0
0	26
258	0
0	413
0	234
1	413
0	54
0	89
0	10
0	4
6	9
0	8
0	6
0	7
0	1
0	1
0	0
0	0
0	14
312	55
0	18
0	49
0	0
0	0
0	0
0	0
0	0
0	0
0	0
483	1767
0	239
0	88
0	1274
0	121
0	354
0	250
0	120
0	74
0	434
18	0
14	12535
62	9724
0	12874
0	571
115	4366
0	685
0	10
0	447
0	700
0	731
0	415
0	1
4	705
0	330
32	1515
0	1
58	130
18	201
39	191
0	16
0	0
46	1350
8	46
0	26
17	51
0	40
0	38
0	72
0	16
0	50
0	22
0	457
4	312
0	642
7	669
772	1380
127	1180
0	0
0	0
0	0
0	453
0	573
3	279
0	363
0	317
0	199
0	319
0	157
0	251
0	110
0	5
0	54
0	99
0	47
0	73
0	22
0	0
0	872
11	428
0	46
39	509
0	45
0	395
5	909
0	0
0	29
0	1
0	109
0	16
0	0
0	0
11	177
0	163
11	158
0	30
0	20
0	48
5	11
13	82
0	81
0	214
0	0
5	5
5	463
0	8
0	0
0	0
0	0
0	0
0	0
0	0
0	0
21	287
0	238
0	238
0	267
0	34
0	21
0	21
0	10
0	7
0	6
0	6
0	4
0	0
0	0
0	0
0	0
0	0
0	0
0	0
0	0
0	0
0	0
0	0
0	228
0	190
0	0
0	0
0	0
0	0
0	0
0	0
0	0
0	0
0	0
0	0
0	0
0	0
1	657
6	605
0	46
0	27
0	12
0	296
41	132
0	135
0	27
0	8
0	45
0	7
0	5
0	0
0	0
0	0
0	0
0	0
0	0
0	0
0	0
0	0
0	0
0	540
0	540
857	387
9	306
26	0
0	130
0	43
0	65
0	0
0	0
0	0
0	0
0	0
0	0
0	99
66	184
18	187
0	12
0	0
0	12
0	6
0	165
0	0
0	7
0	7
0	15
0	162
0	0
0	23
0	155
0	15
0	14
0	0
0	149
0	156
0	15
0	73
1	127
0	17
0	17
0	14
0	7
0	3
0	24
0	5
0	1
0	0
0	47
0	3
0	55
8	22
0	0
0	45
0	0
0	0
0	0
0	0
0	0
0	0
0	0
0	0
0	0
0	0
2	356
0	0
0	0
0	0
0	0
0	0
0	0
0	0
0	0
0	0
0	0
0	0
0	0
0	0
0	0
0	0
0	0
0	0
0	0
0	0
0	0
0	0
0	0
0	0
0	0
0	0
0	0
0	1
0	1
272	280
0	276
0	10
0	1
0	37
0	5
0	1174
8	1174
0	1176
6	1153
0	828
0	129
0	35
0	12
9	173
0	14
0	0
2366	300
0	25
0	208
0	1
0	84
0	0
145	4
0	4
0	0
0	0
0	0
0	1
0	0
0	0
0	7
0	5
0	9
0	0
0	113
0	0
0	0
0	0
0	0
0	0
0	0
0	0
0	0
0	0
0	0
7	844
57	651
33	736
0	16
8	1159
0	52
0	11
0	0
0	25
0	94
0	1201
16	1115
1	1146
0	4
5	530
0	102
0	4
0	0
0	8
0	5
0	61
17	369
0	273
0	0
0	0
0	0
9	130
0	49
0	5
0	75
0	0
0	57
0	0
0	0
0	0
0	0
0	0
0	0
0	0
0	0
0	0
0	0
0	0
0	0
0	0
0	0
0	0
0	0
0	0
0	0
0	0
0	0
0	0
0	0
0	0
0	0
0	0
0	0
9	13
0	9
0	0
0	0
0	0
0	12
0	2
0	1
0	0
0	0
0	0
0	0
0	0
0	0
0	0
0	0
0	0
0	0
0	0
0	0
0	0
0	232
1	235
0	211
0	234
0	46
0	151
0	94
0	33
0	74
0	60
0	56
0	34
0	54
0	12
0	51
0	29
0	24
0	24
0	11
0	3
0	0
0	0
0	0
0	0
0	0
0	0
0	0
0	0
0	0
0	0
0	0
0	0
0	0
0	0
0	0
0	0
0	0
0	0
0	0
0	0
0	0
0	0
0	0
0	0
0	0
0	0
0	0
0	0
0	0
0	0
0	0
0	0
0	0
3281	1511
23	1151
0	622
12	60
0	354
0	1
0	0
98	451
2	451
36	0
0	522
0	415
0	506
106	552
0	381
0	363
0	22
0	7
0	5
0	31
0	49
0	0
19	140
0	706
0	684
0	695
7	611
0	679
0	715
2	684
18	404
1	633
0	568
3	684
0	583
0	504
0	552
1	276
0	462
0	254
0	188
0	295
0	309
0	307
0	277
0	160
0	194
0	138
0	278
5	277
0	143
0	247
0	191
0	244
0	159
0	234
0	83
0	160
0	123
0	177
0	44
0	140
0	73
0	127
0	108
0	17
0	51
0	16
0	25
0	14
0	12
0	6
0	0
1	0
0	1
10	20
77	1774
18	1674
28	1755
9	1751
2	702
0	423
1	914
35	344
3	653
0	684
0	565
10	332
91	0
0	534
1124	2381
61	2212
0	1483
0	1779
0	415
0	333
0	0
0	114
18	2880
0	2959
0	2958
0	1965
6	221
10	272
0	152
0	795
0	2376
3	96
3	34
1	2206
0	0
6	1714
0	85
0	76
0	4
0	1167
997	791
0	211
0	175
0	75
0	85
0	22
0	63
0	114
0	155
0	109
0	98
0	73
0	45
0	7
0	35
0	2
0	450
167	2336
0	5
0	948
0	920
27	1116
0	12
21	395
0	1209
0	1896
0	2074
0	410
12	1700
0	2075
1	2073
0	17
6	2003
0	1043
4	383
0	431
0	20
2	4267
68	4308
5	3486
5	3268
0	1358
0	655
0	1303
2	669
0	17
0	105
0	1
0	41
0	0
0	0
0	0
0	0
0	0
0	0
0	0
0	0
0	0
0	0
0	0
0	0
0	0
0	0
0	0
0	0
0	0
0	0
0	0
0	0
0	0
0	0
0	0
0	0
0	0
0	0
0	0
0	0
0	0
0	0
0	0
0	0
0	0
0	0
0	0
0	0
0	0
0	0
0	0
0	0
0	0
0	0
0	0
0	0
150	1639
104	1649
3	1467
52	185
0	3
0	0
30	0
0	0
0	0
0	0
0	1
0	0
0	3
0	15
0	16
0	30
0	392
0	3
0	8
0	190
0	390
53	30
7	1136
0	679
10	905
3	1236
0	1316
0	1246
0	1290
3	1032
4	1185
0	803
0	780
0	642
0	366
11	365
0	288
0	7
2422	285
0	9
0	130
0	7
0	51
0	88
0	13
376	0
0	0
9	0
0	0
22	596
20	202
0	591
0	576
6	598
0	205
0	46
0	40
0	1
0	0
0	0
0	0
0	0
20	327
0	69
12	35
0	34
6	0
0	0
25	282
0	43
22	82
0	57
0	0
26	9064
183	8716
618	9812
391	10450
84	8413
65	8063
28	1660
3	1786
0	966
2	1040
0	828
12	103
1	1309
0	1614
2	911
0	821
0	1503
0	1485
4	436
0	1325
0	1227
0	2704
0	1192
0	72
0	989
0	896
0	767
0	672
0	690
12	1401
0	402
0	967
0	437
0	10
0	0
0	0
0	0
47	494
0	70
0	8
0	29
0	375
19	443
0	0
0	46
0	64
0	60
0	26
0	42
0	43
1	19
25	33
1	100
4	54
0	2
1	46
0	0
64	627
0	562
26	662
0	408
0	62
0	0
0	3
0	0
0	0
4	71
0	15
0	48
26	0
0	13
0	0
5	609
32	568
0	783
0	244
0	77
12	77
0	0
0	0
0	0
0	68
3	114
1	61
0	770
0	770
0	6
0	10
0	50
0	94
0	57
0	2
0	5
0	0
0	0
0	0
0	55
0	0
0	0
0	0
0	0
0	0
0	0
0	0
0	0
0	0
0	0
0	0
0	0
0	0
5	263
66	241
20	76
2732	1027
0	1027
0	0
15	3
0	1
0	2
0	0
0	0
0	0
0	0
0	0
0	0
0	0
0	0
0	0
0	0
0	0
0	0
9	99
0	14
0	99
0	57
0	6
0	24
0	19
0	19
0	15
0	35
0	0
0	0
0	0
0	0
0	0
0	0
0	0
0	0
0	0
0	0
0	0
0	0
0	0
0	0
0	0
0	0
0	0
0	0
0	0
0	0
0	0
0	0
0	0
0	0
0	0
0	0
0	0
0	0
0	0
0	0
0	0
0	0
0	0
0	0
0	0
0	0
0	0
0	0
0	0
0	0
0	0
0	0
0	0
0	0
0	0
0	0
0	0
0	0
0	0
0	0
987	920
2	883
0	922
0	252
0	20
0	17
0	18
0	50
0	50
0	35
0	26
0	12
0	0
0	0
0	0
0	0
0	0
0	0
180	2009
96	1892
67	1390
0	0
31	872
0	28
0	90
0	51
8	668
0	746
55	365
0	39
0	52
0	3
7	316
0	0
0	0
0	0
0	0
0	0
0	0
0	0
228	1967
0	143
0	115
59	1879
0	46
57	424
0	98
2	301
16	655
0	78
0	264
0	0
0	0
0	0
0	0
5	1729
0	2451
41	2399
0	2467
0	2373
0	443
0	2111
0	4
0	43
0	41
104	268
0	67
2	73
35	461
0	2
44	362
0	42
8	111
47	47
0	0
16	1
0	2
0	0
10	91
1	66
0	73
0	82
808	4651
0	544
0	614
0	4508
0	678
0	331
0	235
0	0
0	0
0	0
0	0
25	0
1	100
0	0
0	0
178	100
14	0
0	0
0	0
0	0
20	0
17	0
0	0
64	0
0	1
0	2206
0	786
2	1968
10	1951
27	1966
62	1520
0	667
17	835
29	1001
0	1193
0	946
0	1775
0	400
0	14
7	1820
0	968
8	715
0	931
2	208
176	1254
0	0
0	203
0	995
0	639
0	442
0	20
0	172
0	124
19	44
0	46
0	38
0	2
0	0
0	1079
0	0
0	50
0	49
0	115
0	1332
0	1021
0	1195
0	137
0	1008
0	26
0	327
11	42
0	388
11	407
0	0
0	1309
0	2859
0	2904
10	83
0	898
0	1138
0	2970
22	1061
51	2366
5	2856
0	985
0	2
258	2097
0	486
0	44
6	2279
0	1090
6	2093
0	387
0	75
0	54
0	10
0	10
0	6
0	5
0	5
0	1
0	0
0	0
0	0
0	0
0	0
0	0
0	0
0	0
0	0
0	0
0	0
0	0
0	0
0	0
0	0
0	0
0	0
0	0
0	0
0	0
0	0
0	0
0	0
0	0
0	0
0	0
0	0
0	0
0	0
0	0
0	0
0	0
0	1
0	1
0	0
0	0
0	0
0	1
0	0
0	0
31	364
33	244
0	12
1	41
40	110
0	9
0	5
0	0
0	0
0	0
0	0
0	33
1	34
7	6
2	19
1	23
0	23
0	0
0	4
0	0
0	2
0	0
17	1475
4	1522
0	1223
32	1167
24	59
10	715
33	11
7	437
0	37
0	121
0	74
0	30
0	6
23	5
2	0
0	0
209	526
0	110
77	512
0	16
0	12
0	333
0	333
0	11
0	63
0	0
0	0
0	0
0	0
0	0
0	0
0	0
0	0
0	0
0	0
0	0
0	0
0	0
0	0
0	0
0	0
0	0
0	0
0	0
0	0
0	0
0	0
0	0
0	0
0	0
0	0
0	0
0	0
0	0
0	0
0	0
0	0
0	0
0	0
0	0
0	0
0	0
0	0
0	0
0	0
0	0
0	0
0	0
0	0
0	0
0	0
0	0
0	0
0	0
0	0
0	0
0	0
0	0
0	0
0	0
0	0
0	0
0	0
0	0
0	0
0	0
0	0
0	0
0	0
0	0
0	0
0	0
0	0
3	204
0	204
0	0
0	0
0	1
0	0
0	0
7	0
30	16
0	13
0	8
0	0
0	0
0	0
0	0
0	0
0	0
0	0
0	0
0	0
35	0
0	0
0	0
12	809
5	772
8	202
0	96
0	0
0	0
0	0
0	24
0	11
1	214
19	192
0	130
0	41
0	10
0	0
0	0
0	0
0	0
0	0
0	0
0	0
0	6
0	0
0	3
0	3
803	3
0	804
38	822
16	1361
0	85
0	1
0	60
0	73
5	24
0	68
0	28
0	0
47	1330
8	1330
0	67
4	58
0	3
0	35
0	1
7	364
0	408
0	54
11	754
0	681
0	426
0	96
0	477
0	55
0	0
0	0
0	0
70	801
0	745
0	89
0	0
0	71
0	23
0	0
0	0
0	0
0	0
0	0
0	0
0	0
0	0
0	0
0	0
0	0
0	0
0	0
0	0
0	0
0	0
0	0
0	0
0	0
0	0
0	0
0	0
0	0
2808	3246
224	5723
7	1
0	29
2541	3911
0	3930
0	0
59	3334
0	302
0	0
0	0
4	121
0	59
0	17
0	7
0	7
9	94
0	6
0	2
0	8
0	10
0	0
0	0
0	0
0	0
0	0
0	0
0	0
0	0
0	0
0	0
0	0
0	0
0	0
0	0
0	0
0	0
0	0
0	0
0	0
0	0
0	24
25	192
7	93
0	87
0	117
0	1
2	122
0	48
0	16
8	8
0	34
334	2112
51	1068
0	191
0	623
0	929
98	1315
51	10
0	10
25	0
0	0
0	0
0	0
0	0
0	0
0	0
0	0
0	0
0	0
0	0
0	0
0	0
0	93
0	39
0	81
0	57
0	101
0	109
0	111
0	11
0	1
0	1
0	102
0	102
0	67
0	67
0	87
0	13
0	0
0	0
0	0
0	0
0	0
0	0
0	0
0	0
0	0
0	0
0	0
0	13
0	0
0	225
467	4210
1	4040
0	695
0	881
4	567
0	596
0	526
0	189
0	123
0	66
0	189
0	101
0	155
0	98
0	72
0	66
0	142
0	58
0	22
0	41
0	22
0	25
0	30
0	45
0	70
0	26
0	45
0	25
0	28
2	22
0	11
0	1
0	0
1	226
0	76
0	8
0	95
0	5
0	221
0	9
0	0
0	0
0	0
0	0
0	0
0	472
0	1342
6	1162
0	1008
50	1192
1	1122
1	1048
0	1177
3	929
0	1146
1	1075
0	1114
0	315
0	223
0	136
0	111
0	149
0	7
0	60
0	7
0	0
0	0
0	0
0	0
0	0
0	0
0	0
0	0
0	0
0	0
0	0
0	0
0	24
0	45
0	28
0	0
0	1
0	4
0	0
0	11
0	4
0	3
0	1
0	1
0	2
0	0
0	0
0	0
0	114
39	385
0	32
0	258
0	0
0	0
0	0
0	0
0	4
0	109
0	829
3	829
0	70
0	89
30	378
1644	824
10	825
0	377
0	228
0	0
0	0
0	0
0	261
0	19
0	39
0	214
0	261
0	29
28	268
0	56
0	197
0	72
0	0
3	100
26	92
261	198
0	38
0	111
0	98
0	102
0	159
0	94
0	33
0	254
0	19
0	75
12	37
11	34
0	100
171	182
0	24
0	126
2	25
0	2031
10	3063
0	1996
0	2161
0	2186
2	1531
0	299
127	1428
1	827
428	1391
0	462
0	621
0	0
0	0
0	0
2858	2249
591	1814
484	442
0	86
0	441
0	1097
0	0
0	1026
5	430
0	141
0	111
7	882
36	789
0	148
0	153
0	124
0	258
0	202
0	416
0	131
0	0
17	482
0	125
0	36
0	62
0	35
0	42
0	31
0	1694
0	1775
3	1614
32	1784
4	1127
12	1672
0	695
0	746
0	154
0	81
0	150
0	841
0	30
0	3
0	49
0	69
0	17
0	141
0	56
0	101
0	32
0	59
0	63
0	120
0	417
58	421
3	384
0	0
67	285
0	245
1	909
0	878
0	837
2	883
17	885
20	492
3	338
0	179
3	415
0	13
0	75
1	204
11	146
0	2
33	729
0	76
6	1747
0	137
0	2498
72	2421
9	2419
0	2532
25	2552
34	879
0	497
0	820
0	816
0	438
0	243
0	3
0	0
0	65
0	9196
0	10917
0	10894
0	11174
1	9927
10	1105
39	1267
35	1126
0	127
25	381
0	3879
0	0
0	0
0	0
0	0
0	0
0	0
0	0
0	41
22	1062
0	26
0	9
0	1057
0	17
0	42
0	788
0	27
0	0
0	41
0	974
7	902
0	23
0	32
0	46
0	59
0	2
0	60
1	107
10	116
0	36
0	43
0	51
0	18
0	132
0	36
0	304
14	180
0	123
0	62
0	15
0	3
0	0
2	9
0	5
0	0
0	5
0	0
0	0
0	1
0	4
15	88
0	1
0	8
0	12
0	15
0	28
0	3
7	50
29	20
0	41
0	29
0	188
0	89
5	199
0	86
0	12
0	180
0	15
0	0
0	27
0	22
0	161
0	11
0	12
0	102
7	96
0	18
0	21
0	2
0	8
0	0
1	15
0	0
0	2
0	4
0	7
0	8
0	0
0	0
0	0
0	0
0	0
0	12
0	0
0	0
0	1
0	0
0	0
0	0
0	8
0	10
0	1
0	0
0	0
0	1
0	1
0	0
0	0
0	0
0	0
0	0
0	4
0	0
0	1
0	5
0	0
0	0
0	2
0	1
0	0
5	200
0	358
0	567
0	630
0	53
2	31
0	103
0	1
0	0
5	244
0	1
0	22
0	0
0	0
0	237
0	237
0	208
0	74
0	0
0	0
0	0
0	0
0	0
0	0
0	841
0	8
0	61
1	746
0	52
0	165
46	502
20	110
0	54
0	43
0	158
0	451
0	175
0	735
16	538
13	322
0	37
0	486
0	71
0	88
1	34
0	333
3	364
0	15
0	227
0	198
0	0
0	0
0	0
0	106
0	103
0	107
0	66
0	107
0	64
0	2
0	12
0	3
0	6
0	0
0	4
0	1
51	255
0	0
7	79
0	257
0	22
0	74
0	63
0	39
0	25
3317	5429
223	2962
8	2831
327	2391
44	2518
0	1217
13	2257
536	2303
0	2195
0	1816
37	1579
13	860
23	0
0	0
521	106
0	20
0	54
9	89
0	40
0	21
0	42
0	24
0	0
0	651
1886	12742
0	12360
0	143
0	462
0	0
9	8483
0	877
0	1339
0	1532
0	2414
0	2685
0	2604
0	0
0	1208
2	1497
0	0
0	3417
0	3047
0	3006
0	3368
0	2181
0	1627
7	2740
0	404
0	1670
0	1007
0	157
0	386
0	624
0	444
0	759
0	315
0	267
0	326
0	40
0	0
0	0
0	0
0	0
0	0
0	0
0	0
0	0
0	18
0	0
348	52
0	29
0	19
0	1
0	0
61	896
0	238
0	158
0	131
0	131
0	180
0	91
0	2
0	339
0	274
0	98
0	228
0	144
0	81
0	76
3	25
0	25
0	712
0	811
0	3
17	533
0	28
6	493
13	510
0	435
10	438
0	21
0	1
0	2
0	48
0	2
0	0
210	726
0	64
0	74
0	0
8	715
5	713
25	648
0	7
0	85
0	70
0	35
0	29
0	14
0	0
0	355
0	220
0	37
0	33
0	8
7	439
0	446
0	28
0	91
0	93
0	32
0	0
0	0
0	0
0	0
0	0
55	2022
182	3144
5	1036
0	2020
3	2907
14	2337
0	67
0	198
0	46
0	45
0	0
0	140
0	0
0	0
0	0
0	11
0	68
0	6
0	887
0	0
0	7
46	1881
3	1020
2	1934
12	1484
0	1388
0	885
0	839
18	432
1	774
0	961
6	916
0	88
0	21
0	217
0	0
44	346
0	118
0	132
0	120
0	114
2	0
60	0
0	0
0	0
0	0
0	0
0	0
0	9
0	0
0	8
0	0
0	1
0	0
0	0
294	8
0	0
0	0
0	419
2043	248
38	155
0	248
0	19
0	2
0	19
0	3
0	0
73	547
22	523
0	85
0	0
0	83
0	280
0	16
0	38
0	173
14	122
0	98
0	38
0	0
0	0
0	0
0	0
0	0
0	0
0	0
0	0
0	0
0	0
0	0
0	0
0	0
0	0
127	1762
13	1250
1	919
0	132
0	108
0	0
0	0
0	0
0	0
0	0
0	0
33	660
1	915
1	822
0	29
9	162
7	140
0	109
0	62
5	59
0	64
0	56
0	8
0	51
0	43
0	37
15	36
0	19
0	15
0	0
0	0
0	0
0	0
0	0
0	0
0	0
0	0
0	0
0	0
0	0
0	0
0	0
0	0
0	0
0	0
0	0
0	0
0	0
0	0
0	0
0	0
0	0
0	0
0	22
0	6
12	21
35	53
159	5044
0	5113
109	3692
28	1402
0	0
42	3396
0	1
0	0
0	0
0	0
0	0
0	0
0	0
0	0
0	0
0	0
0	0
0	0
0	0
0	0
0	0
0	0
0	0
0	0
0	0
0	0
0	0
0	0
0	0
0	0
0	0
0	12
1	16
0	16
0	5
0	5
0	0
0	0
0	0
0	671
0	602
0	653
2	647
3	194
0	717
0	511
0	73
0	182
0	488
6	128
0	239
1	323
0	332
0	265
25	318
0	304
0	463
0	473
23	335
0	51
13	102
0	87
0	40
161	22266
0	26839
36	13446
5	18757
8	4800
1	8803
0	1666
0	16402
0	150
0	2423
0	2535
4	2528
1	3073
0	776
0	306
0	20
0	240
0	12
0	62
0	212
0	284
0	282
0	57
0	75
1	108
0	20
0	10
0	55
0	36
0	7
0	51
0	0
0	0
19	0
0	0
0	0
0	0
0	0
0	0
0	0
0	0
0	0
0	0
0	0
0	0
0	0
0	0
0	0
0	0
0	0
0	0
0	0
0	0
0	38
53	143
0	105
0	94
4	2
0	0
0	2
0	2
0	21
0	3
1	1405
0	2510
0	0
0	3998
0	172
0	197
2	103
1	2504
0	4208
64	2669
0	53
0	137
0	157
0	2292
0	271
1	2246
0	53
0	174
0	212
0	257
1	567
0	298
0	263
0	0
0	0
0	0
0	0
0	0
0	0
0	0
0	0
0	0
0	0
0	0
0	0
0	39
24	15646
0	41
3	8453
0	55
0	15646
0	15649
0	2
0	15889
1	7184
0	62
0	32
0	38
0	10627
1	46
6	15638
0	828
0	39
0	43
0	0
0	15638
0	50
0	63
0	38
0	142
0	7940
0	2336
0	1188
59	3771
18	1407
0	15675
4	3282
10	4918
0	8334
22	1858
34	8436
0	2227
4	2567
0	113
0	1681
0	3588
0	15507
0	1123
0	2063
8	1223
0	689
55	954
0	0
0	0
0	0
0	0
0	0
0	0
0	0
0	0
0	0
0	0
0	0
0	0
0	0
0	0
0	0
0	0
0	0
0	0
5	161
0	190
0	172
0	236
0	254
0	4
0	6
0	28
0	10
0	3
0	1
0	0
0	0
0	0
0	21
14	181
49	323
83	2213
0	136
3	2053
34	2023
0	133
0	901
7	1834
22	595
8	56
0	5
8	77
1	1090
3	711
0	186
0	186
0	460
0	211
4	297
10	255
41	52
0	204
0	29
0	203
0	0
12	27
2	81
52	2902
0	2826
27	0
5	109
19	13
0	44
32	51
1	110
10	0
13	89
7	91
9	20
9	8
0	0
1	5273
715	3495
728	3666
0	2929
0	1101
8	3233
0	4600
41	4772
82	3454
265	1713
5	1693
11	667
10	189
0	411
0	401
2	549
0	120
1	6
32	74
0	18
24	255
0	238
31	214
12	536
69	96
6	5
0	23
11	200
67	330
0	60
0	0
13	2139
49	2208
30	177
14	1941
0	52
0	31
0	31
0	22
0	40
0	23
0	341
0	133
0	0
0	0
0	0
0	0
0	0
0	0
0	0
0	0
0	0
0	0
0	0
0	0
410	0
0	0
0	0
0	0
0	0
0	423
0	21
0	31
0	237
0	199
2	292
0	241
0	268
23	150
0	99
9	224
85	99
0	21
0	17
0	0
0	0
1	166
1	224
0	224
5	82
19	185
0	1
0	5
0	0
0	14
0	1
0	7
0	0
12	1
25	23
0	22
0	0
0	0
0	0
0	0
0	0
10	7057
0	7051
2	6833
9	7233
0	3647
632	4155
33	1188
0	1373
0	915
0	4
56	1819
30	956
0	543
0	620
0	64
0	1
14	0
0	0
0	45
28	56
0	2
0	1183
0	3
0	7
5	465
19	1278
0	1067
0	708
0	405
0	95
0	159
0	55
0	25
0	200
0	204
0	146
0	42
0	130
0	72
0	62
0	51
0	43
0	0
0	0
0	0
0	0
0	0
0	0
0	0
0	0
0	0
0	0
0	0
0	0
0	0
0	0
0	5
0	6
0	6
1	6
0	6
0	2
0	1
0	1
0	0
0	0
0	0
0	0
0	0
0	0
0	0
0	0
0	0
0	0
0	0
0	981
0	999
8	1021
0	302
1	356
0	28
0	53
2	76
0	55
0	40
0	20
0	36
0	30
0	14
0	0
0	0
0	0
0	0
0	0
0	0
0	0
0	0
0	0
0	0
0	0
0	0
0	0
0	0
0	0
0	0
0	48
9	122
0	61
60	112
0	14
0	10
0	7
0	5
0	47
0	0
0	0
0	0
0	0
0	0
0	0
0	0
0	0
0	0
0	0
0	0
0	0
0	0
0	0
0	0
0	0
0	0
15	8
0	8
87	5
0	2
0	5
85	18
4	18
0	15
0	8
0	0
0	0
0	0
332	40
0	38
0	8
0	11
0	0
0	0
0	0
0	0
0	2
0	2
0	1
0	0
0	0
0	0
0	0
0	0
0	0
0	0
0	0
0	0
0	0
0	0
0	0
0	0
0	0
0	0
0	0
0	0
0	0
0	0
0	0
0	0
0	0
0	0
0	0
0	0
0	0
0	0
3	66
0	47
1	268
8	0
0	268
0	17
0	10
0	9
0	20
1705	1681
24	319
0	427
0	993
0	111
0	28
0	497
0	500
0	0
0	0
0	0
0	0
0	1
0	0
0	1
0	0
0	2
0	1
0	0
0	1
0	0
0	0
0	0
0	0
47	7
0	3
0	1
0	3
16	1
0	0
0	32
0	29
0	207
35	182
15	203
0	25
0	57
0	13
0	8
0	6
0	5
0	9
0	7
0	7
0	5
0	2
0	4
0	1
0	27
0	2
0	2
0	1
0	2
0	27
0	26
0	5
0	1
0	13
0	1
0	4
0	1
0	0
0	2
78	6625
64	6706
91	708
0	959
0	62
0	31
0	94
0	1773
0	118
0	40
0	31
44	3272
0	18
0	98
0	0
0	1
34	2448
3	151
3	1889
0	58
0	0
0	1
0	51
0	2
0	0
0	0
0	0
0	0
0	0
0	1
1	18
0	18
0	0
0	1
0	7
0	2
0	7
0	3
0	15
0	15
0	0
0	0
0	3
0	0
0	1
0	15
8	2
0	0
0	0
0	16
0	0
0	4
0	2
0	1
0	1
0	0
0	1
0	0
0	0
0	0
0	0
0	0
0	0
0	0
0	0
0	0
0	0
0	214
9	407
7	207
0	725
0	605
0	0
0	6
1	571
0	1
0	15
0	26
0	0
0	0
0	0
0	0
0	0
0	0
0	0
0	141
228	155
0	119
0	101
0	14
0	0
16	0
0	0
0	0
0	0
0	0
0	0
0	0
0	0
0	0
0	0
0	0
0	0
0	0
0	0
0	0
0	0
0	0
0	0
0	0
0	0
0	0
0	0
0	0
0	0
0	0
0	0
0	0
0	0
0	0
0	0
0	0
0	0
0	0
0	0
0	0
0	0
0	0
0	0
0	0
0	0
0	0
0	0
0	0
0	0
0	0
0	0
0	0
0	0
0	0
0	0
0	0
0	0
0	0
0	375
0	378
0	65
0	151
0	389
0	358
0	38
0	38
0	0
0	313
8	302
85	339
0	204
0	22
16	41
0	23
0	22
0	1
0	0
0	0
0	0
0	0
10	61
0	0
190	302
0	5
28	117
39	280
0	0
0	24
81	2123
31	482
0	168
0	128
3	1262
74	98
0	1439
0	216
0	11
0	147
0	12
0	31
0	0
0	0
0	0
0	0
0	0
0	0
0	0
0	0
0	0
0	0
0	0
0	0
0	0
0	0
0	0
0	0
0	0
0	0
0	0
0	0
0	0
0	0
0	0
0	0
0	0
0	0
0	0
0	0
0	0
0	0
0	0
0	0
0	0
0	114000
2	114000
30	89217
22	109021
56	98740
2	83471
0	99383
7	107890
0	88967
22	76244
22	48390
11	28324
33	24326
0	28741
0	28559
0	20913
611	14384
0	0
0	0
0	0
0	0
2	8
0	8
0	1
26	642
5	651
22	393
0	42
0	165
0	152
0	30
973	1073
0	213
0	65
0	72
0	75
0	59
0	95
0	72
0	48
0	23
63	821
0	1
0	697
0	98
0	34
0	77
0	176
0	84
0	103
0	0
0	0
0	0
18	0
4	7
0	3
0	3
0	7
0	15
0	35
0	35
0	10
0	18
0	18
8	124
107	145
0	113
2	84
1	88
26	89
0	19
222	909
2	909
0	279
0	19
13	236
0	0
0	0
0	363
0	362
0	337
0	274
4	345
0	353
0	328
0	217
0	266
0	224
0	240
1	131
0	30
0	2
0	0
0	120
258	1192
0	286
0	453
0	309
0	146
0	202
8	1
17	99
0	143
0	19
6	14
0	0
0	77
0	13
7	201
0	18
0	8
45	297
846	2564
4	2849
2	293
0	249
0	319
0	393
0	63
0	1
0	27
0	201
0	0
0	0
0	0
0	0
0	0
0	0
0	195
0	273
0	193
0	193
1	196
3	167
0	252
0	127
0	93
0	121
0	30
0	97
0	0
0	0
0	0
53	17919
2	17054
13	11723
0	237
79	4160
11	2087
12	4895
6	8659
0	473
0	123
14	3189
0	3292
14	4119
0	3560
20	1065
0	316
6	4125
0	2318
0	973
0	1130
0	1098
17	1494
0	453
12	1013
0	1613
0	0
0	524
0	608
0	70
458	6621
0	4310
3	2420
17	4182
0	4136
0	1959
0	1189
0	1863
22	2068
0	919
0	3
0	705
0	1017
0	970
0	359
0	566
3	1
0	1
2048	624
0	0
0	624
0	0
0	364
0	367
1	242
32	317
1	425
0	8
0	184
10	365
17	419
9	361
0	171
0	9
1	372
4	260
0	376
0	181
13	399
0	36
0	310
0	33
0	361
0	10
9	152
0	45
0	0
39	589
0	489
0	521
19	448
0	503
0	82
2	135
0	381
0	29
9	246
0	0
0	230
4	9
0	225
0	178
0	55
0	7
0	2
3	266
27	301
8	365
0	355
0	430
0	5
0	43
0	40
0	146
0	130
0	94
0	82
0	26
0	67
0	52
0	24
0	29
0	27
0	2
0	0
0	1
813	233
0	232
0	17
0	0
8	5
0	5
0	1588
1	1017
95	1573
0	1469
0	1626
0	869
1	707
5	1015
0	423
0	593
0	548
0	43
0	492
0	258
0	299
0	192
0	141
0	237
0	0
0	0
0	0
0	0
0	0
0	0
0	0
0	70
0	135
0	160
0	68
4	42
4	107
0	33
0	28
31	0
0	116
0	92
16	73
0	67
0	66
0	19
0	27
0	13
0	4
0	3
0	8
0	4
0	499
5	412
0	400
28	506
23	547
0	522
4	359
10	237
0	322
0	291
0	6
129	187
0	20
0	32
5	133
0	110
0	5
3	26
0	21
0	13
0	13
0	223
23	447
0	24
0	432
0	437
0	167
3	292
0	149
0	175
0	170
0	259
0	299
0	297
0	88
3	30
0	0
0	123
0	107
0	73
0	0
0	9
0	0
0	0
0	0
1	211
26	178
3	241
0	204
0	252
4	121
0	127
0	79
0	22
0	56
0	19
0	8
0	0
0	162
0	346
0	148
0	150
9	1368
3	1323
0	1156
0	104
0	131
0	238
0	1246
0	0
0	182
0	508
0	130
0	104
0	1297
0	2
0	149
0	1247
1	1332
0	117
0	1181
36	371
8	267
0	85
0	205
26	888
1	885
0	84
26	365
30	431
13	410
1	285
0	153
1	105
0	52
0	3
0	275
0	463
0	394
0	215
0	39
34	1726
0	1726
0	119
1	314
11	285
0	0
0	18
0	71
0	0
0	0
0	0
0	0
0	0
82	195
0	0
4	228
0	3
0	0
0	0
4	21
0	23
0	3
0	0
69	18
0	2
0	31
0	5
0	1
0	1
0	0
0	0
0	0
0	0
0	0
0	0
0	586
0	674
0	580
0	66
0	672
6	0
9	309
0	90
0	311
0	101
0	372
0	0
0	575
0	668
15	667
0	409
0	668
0	573
0	600
0	721
0	147
5	32
0	0
0	852
31	2059
39	1598
14	940
0	335
0	1344
1	385
0	231
0	156
7	409
0	0
0	464
0	31
0	161
2	681
0	437
0	280
0	109
0	83
0	196
0	218
0	63
0	52
0	18
0	0
0	0
0	5
0	5
0	5
0	0
16	0
34	0
0	0
0	0
0	0
0	0
0	0
0	0
0	0
0	0
0	0
0	0
0	0
0	0
0	0
0	0
0	0
0	0
0	0
0	0
0	0
46	311
8	168
0	0
21	270
0	42
7	124
0	161
0	116
0	64
0	0
0	38
0	3
0	0
0	0
16	128
7	129
0	137
2	3
0	28
0	93
0	33
0	117
0	22
0	92
0	10
0	52
0	25
0	16
0	24
0	3
0	19
29	0
26	6162
59	5607
0	7477
349	6947
524	7612
23	7375
6	6216
27	6668
39	2997
0	105
0	2123
0	2874
0	2200
9	2664
13	2860
0	2549
0	1696
0	1711
0	1792
0	2116
0	508
0	1206
0	286
0	1508
0	782
0	819
0	1188
0	959
0	974
14	847
0	37
0	61
0	31
0	70
0	538
10	144
6	299
5	292
28	262
0	105
1	0
0	0
0	89
29	1482
0	3
0	13
0	284
22	1609
5	1227
0	499
23	1474
3	1500
12	27
30	1374
0	281
0	578
0	1544
15	693
0	601
33	1205
0	297
0	25
0	573
0	145
11	657
0	3
0	157
0	25
14	348
22	0
0	0
2	0
84	1081
124	1414
0	53
2	187
0	273
8	296
0	61
1	40
0	14
1	473
7	578
0	0
0	0
0	0
0	0
0	0
0	232
0	542
0	453
0	81
0	83
0	100
0	118
0	0
24	31
11	170
174	198
0	0
2	34
0	0
4	43
0	22
0	15
0	17
0	6
0	2
0	5
0	10
0	1
0	0
0	0
261	638
7	563
0	177
0	143
0	167
0	189
0	0
0	149
0	0
0	0
0	6
0	1
3	6
0	0
0	6
0	0
46	730
1	618
0	184
0	98
3	184
0	27
0	127
0	172
0	102
0	86
0	117
7	265
0	125
0	87
9	88
0	39
0	10
29	247
339	474
0	126
4	215
0	0
0	241
0	178
0	120
0	30
0	0
0	0
0	0
0	0
0	0
0	50
0	11
0	21
0	9
0	49
6	64
24	12
0	7
0	28
0	4
0	0
0	0
0	0
0	0
0	0
0	7
0	7
0	7
0	1
0	0
0	0
0	0
0	0
0	0
0	0
0	0
0	0
0	0
0	0
0	0
0	48
0	9
0	0
0	0
0	0
0	0
0	0
0	0
0	0
0	0
0	0
0	0
0	0
21	431
0	49
0	93
1	1402
38	1414
0	8
5	1888
76	1853
762	2135
0	1
0	110
3	970
0	2598
68	458
111	1546
56	2197
0	2182
0	2504
45	1415
0	2210
0	2467
0	55
13	520
0	360
0	1053
0	1017
0	91
0	234
98	248
0	0
44	98
0	14
0	0
28	0
0	0
0	0
0	0
0	0
0	0
0	0
0	0
0	0
0	0
0	0
0	0
0	0
0	0
0	0
0	0
0	0
0	0
0	0
0	0
0	0
0	0
0	0
0	4
24	4
0	0
0	0
583	6053
0	1131
0	2187
0	4918
0	0
109	4592
48	606
0	649
3	281
0	230
0	108
7	55
7	213
0	170
2	205
31	157
0	223
10	32
0	163
0	2
0	112
13	3
0	17
7	53
0	35
0	13
0	29
0	6
0	0
0	401
0	401
17	406
0	29
0	5
0	0
0	0
0	0
0	0
0	0
0	0
0	0
0	0
0	0
0	0
0	0
0	0
0	0
0	0
0	0
0	0
0	0
0	0
0	0
0	0
0	0
0	0
0	0
0	0
0	0
0	0
0	0
0	0
0	0
0	0
0	0
0	0
0	0
0	0
0	0
0	0
0	0
0	0
0	0
0	0
0	0
0	0
0	0
0	0
0	0
0	0
0	0
0	0
1	289
10	249
3	104
0	281
0	25
0	21
0	32
0	0
0	0
0	0
742	116
0	60
20	56
0	0
0	0
0	0
0	0
0	0
26	10
0	10
1188	2472
0	61
0	0
12	2309
0	93
19	1896
0	97
18	2
0	0
0	226
46	1121
0	0
0	168
30	553
13	0
0	0
0	0
0	0
0	0
20	22
1	22
0	7
2792	295
2	295
10	58
0	0
0	0
0	2
0	0
0	0
0	0
0	0
0	0
0	0
0	0
8	197
0	188
3	204
0	7
0	13
0	1
0	4
0	0
21	21
0	21
41	2105
837	2412
0	344
18	2059
33	0
0	0
2380	0
0	552
0	55
3	2123
0	610
0	0
0	0
663	2284
0	2279
0	2284
0	2284
0	0
0	0
0	0
0	0
0	0
0	8
0	13
12	0
0	4
0	13
0	13
0	10
0	3
0	0
0	13
0	13
0	13
0	3
0	1
0	2
0	13
0	13
0	13
0	13
0	5
0	13
0	6
0	13
0	0
0	0
0	0
0	0
0	11
1	11
0	0
0	0
0	0
0	0
0	0
0	0
0	0
0	0
0	0
0	0
0	0
0	0
0	0
0	0
0	0
0	0
0	0
0	0
0	0
0	0
0	0
0	0
0	0
0	0
0	25
0	0
0	0
0	0
1	0
0	0
0	0
0	0
0	0
0	0
0	0
0	0
0	0
0	0
0	0
0	0
0	0
0	0
0	0
0	0
0	0
0	0
0	0
0	0
0	0
0	0
0	0
0	0
0	0
0	0
0	0
0	0
0	0
0	15
0	16
32	34
1	88
20	138
3	314
4	72
2	78
0	214
0	23
1	297
0	300
0	296
8	143
0	72
0	48
0	23
0	1
0	0
0	0
0	0
0	0
0	0
0	0
0	0
0	0
0	0
0	0
0	0
0	0
0	0
0	0
0	0
0	0
0	0
0	0
0	0
0	0
0	0
0	0
0	0
0	0
0	0
0	0
0	0
0	0
0	0
0	0
0	0
0	0
0	0
0	0
0	0
0	0
0	0
0	0
0	0
0	0
0	0
0	0
0	0
0	0
0	0
0	0
0	0
0	0
0	0
0	0
0	0
0	0
0	84
6	88
8	55
0	26
0	12
0	6
0	0
0	0
0	0
0	0
0	0
1	0
0	0
0	0
0	0
97	28316
0	23906
0	0
0	0
0	0
0	0
0	0
0	0
0	0
0	0
0	0
0	0
0	0
1	0
0	0
0	0
0	0
0	0
0	0
0	0
0	0
0	0
0	0
0	0
0	0
0	0
0	0
0	0
0	0
0	0
0	0
0	0
0	0
0	0
0	0
0	0
0	0
0	0
0	0
0	0
0	0
0	0
0	0
0	0
0	0
0	0
0	0
0	0
0	0
0	0
0	0
0	0
0	0
0	0
0	0
0	0
0	0
0	0
0	0
0	0
0	0
0	0
0	0
0	0
0	0
0	0
0	0
0	0
0	0
0	0
0	0
0	0
0	0
0	0
0	0
0	0
0	0
0	0
0	0
0	0
0	0
528	1
9	1
0	0
0	0
0	0
0	0
0	0
0	0
0	0
0	0
0	0
0	0
0	0
0	0
0	0
0	0
0	0
0	0
0	0
0	0
0	0
0	0
0	0
0	0
0	0
483	3546
3	0
0	0
7	3206
0	26
0	147
29	1442
0	37
18	3265
0	0
112	0
0	0
0	0
0	0
0	4
135	5833
0	0
0	518
0	80
270	5894
0	4
0	496
0	1137
0	0
0	0
95	0
0	0
0	0
34	986
487	1104
0	260
0	0
2	2863
0	347
101	464
0	2878
11	384
0	0
0	0
0	0
7	1678
11	1666
16	605
3	1067
0	146
0	28
0	25
0	97
0	50
0	68
0	23
0	139
0	185
0	68
0	42
0	128
0	129
0	140
0	132
0	136
0	129
0	114
0	60
0	91
0	69
0	16
0	0
0	1
0	0
0	0
0	0
0	0
0	0
915	220
0	140
0	29
0	0
0	66
0	23
0	78
0	0
0	4
0	2
0	26
0	32
0	0
0	0
0	0
0	0
0	0
0	0
0	0
0	0
0	0
0	0
0	0
0	0
1068	1888
22	407
314	1392
0	67
0	0
0	1046
58	1366
180	1059
5	11
0	0
0	0
0	0
0	0
0	0
0	0
0	0
0	0
0	0
0	0
0	0
0	0
0	0
0	0
30	365
0	355
20	929
21	116
0	6
0	43
14	844
11	0
0	0
0	0
0	0
0	0
0	0
0	0
0	0
0	0
0	0
5	304
0	306
0	72
0	270
0	280
0	252
0	8
0	6
0	7
0	4
0	4
0	23
0	7
0	2
0	3
0	0
0	0
0	0
0	0
0	0
0	0
0	0
0	0
0	0
0	0
0	0
0	0
0	0
0	0
0	0
0	0
0	0
0	0
0	1
0	1
0	7
0	0
0	0
5	59
0	0
0	3
0	3
0	3
0	0
0	0
0	0
0	3
0	0
0	0
0	0
669	145
0	9
8	136
0	0
0	196
0	162
0	186
0	105
0	123
10	159
0	35
10	98
0	12
0	55
0	25
0	87
0	99
0	20
0	56
0	53
0	50
0	9
0	0
0	32
0	31
0	4
0	20
0	20
0	19
0	3
0	3
0	4
0	0
0	3
0	0
0	0
0	0
0	30
0	69
0	6
3	135
0	113
0	13
0	46
0	58
0	0
0	20
0	8
7	70
0	0
0	0
0	0
0	0
0	0
0	0
0	0
0	0
0	0
0	0
0	0
0	0
0	0
0	0
0	0
0	0
0	0
0	0
0	0
0	0
0	0
0	0
0	0
0	0
0	0
0	0
0	0
0	0
0	0
0	0
0	0
0	0
2	253
49	1316
0	413
44	2566
0	181
5	192
0	471
0	1189
0	169
0	169
0	162
2	928
0	94
0	1
9218	4331
255	12
0	1932
0	341
0	0
1	37
0	72
0	60
0	13
0	10
4	28
0	72
0	29
11	54
0	12
0	0
0	0
0	1
50	29
0	105
0	110
0	40
0	41
0	48
0	7
0	19
0	11
0	7
0	6
0	13
0	6
0	3
0	0
0	0
0	0
0	0
0	0
0	0
40	1074
0	532
9	1170
34	752
46	410
27	327
0	195
34	245
0	208
0	44
0	25
0	66
0	2
0	41
0	53
0	12
0	56
2	46
37	0
0	0
0	0
0	0
0	0
57	122
1	1053
0	183
5	888
0	849
0	244
0	168
8	986
3	788
17	767
0	730
6	653
0	274
0	142
0	290
0	234
0	171
0	0
0	1
0	0
0	0
0	0
0	0
0	89
3	1897
6	122
6	1040
0	195
0	342
0	219
16	443
11	1348
0	28
0	3
0	369
0	1161
0	1132
0	11
0	1065
0	1027
0	968
0	3
0	605
0	645
0	195
19	427
0	63
0	20
11	35
0	0
0	0
0	0
0	0
0	0
0	0
0	0
0	0
0	1185
0	1197
0	0
27	3
0	3
0	11
0	0
0	0
10	401
17	562
102	40
15	274
0	0
5	1225
0	1213
0	252
0	0
28	0
0	0
0	0
0	0
0	0
0	0
0	0
0	0
18	0
0	0
0	0
0	0
0	0
0	0
0	0
0	1416
0	1517
17	325
17	577
20	155
0	520
0	264
0	0
0	0
0	0
5	810
6	2768
0	583
6	1931
0	109
0	742
0	2732
4	19
0	238
0	119
0	0
0	0
0	0
0	0
0	0
0	0
0	22
0	20
0	0
0	2
49	23
0	21
0	1
0	7
0	2
0	15
11	26
4	25
0	3
0	7
2	7
0	7
0	7
0	0
0	1
0	0
0	0
0	0
0	0
0	2
9	2
0	0
0	0
0	0
0	0
0	0
0	0
0	0
0	2
0	2
0	0
0	2
0	0
0	0
0	0
0	3
0	0
0	0
0	0
0	0
0	0
81	29
0	15
0	22
0	21
0	0
0	0
0	0
0	0
0	0
0	0
0	0
0	0
0	0
0	0
0	0
0	0
0	0
0	0
0	0
0	0
0	0
0	0
0	0
0	0
0	0
0	0
0	0
0	0
0	0
0	0
0	0
0	0
0	0
0	0
0	0
0	0
0	0
0	0
0	0
0	0
0	0
415	3380
143	3380
0	65
0	55
0	4
0	57
0	69
0	0
2	0
0	0
0	0
0	0
0	0
0	0
0	0
0	0
0	0
0	0
0	0
0	0
0	0
0	0
0	0
0	0
0	0
0	0
61	1354
0	1364
0	456
0	0
726	768
121	43
162	678
0	47
20	358
0	280
8	297
0	88
0	0
0	98
0	78
0	51
0	82
0	83
0	0
0	0
0	0
342	2144
0	2144
0	224
0	152
0	0
0	0
0	0
0	0
0	0
0	0
0	0
0	0
0	0
0	0
0	0
0	0
0	0
0	0
0	0
0	0
0	0
0	0
0	0
0	0
0	0
0	0
0	0
0	0
0	0
0	0
0	0
0	0
0	0
0	0
0	0
0	0
0	0
0	0
0	0
0	0
0	0
0	0
0	0
0	0
0	0
0	0
0	26
0	2
0	143
0	45
24	1085
36	1099
0	974
5	501
2	24
4	958
0	0
0	50
0	78
74	489
0	221
0	0
0	0
0	0
0	0
0	0
0	0
0	568
12	745
30	65
439	1100
16	128
0	87
0	1
0	0
0	22
17	990
0	0
0	0
0	18
0	0
0	105
0	141
4	119
0	148
0	22
0	8
0	29
0	31
0	23
0	12
0	8
0	16
0	20
0	7
0	8
455	6656
0	286
46	3433
0	562
0	5448
0	3215
0	319
0	399
0	693
0	10
117	3667
0	0
0	0
0	547
0	829
0	566
0	17
0	710
0	71
0	160
0	737
0	98
0	1
0	217
1	217
0	74
0	91
0	94
23	0
24	1
0	127
174	1078
23	225
22	804
6	30
0	33
0	64
0	580
0	49
0	35
0	0
0	0
3	22
0	15
3	20
0	4
0	0
13	0
0	0
0	0
0	0
0	0
0	0
0	0
0	0
0	0
0	0
0	0
0	0
0	0
0	0
0	0
0	0
0	0
0	0
0	0
0	0
0	0
0	166
26	66
0	167
0	1
7	66
280	145
0	17
0	0
0	49
0	5
4	0
0	0
0	0
0	0
5	0
0	0
0	0
0	0
0	0
0	0
0	0
0	0
0	0
0	0
0	0
0	0
0	0
0	0
0	0
0	0
0	0
0	0
0	0
0	0
0	0
0	0
0	0
0	0
0	0
0	0
0	0
0	0
0	0
0	0
0	0
0	0
0	0
0	0
0	0
0	0
0	0
0	0
0	0
0	0
0	0
0	0
0	0
0	0
151	124
0	110
0	36
0	27
0	13
0	11
0	0
0	0
0	0
0	0
0	0
0	0
0	0
0	0
0	0
0	0
0	0
0	0
0	0
0	0
0	0
0	0
0	0
0	0
0	0
0	0
0	0
0	0
0	0
0	0
0	0
0	0
0	0
0	0
0	0
0	0
0	0
0	0
0	0
0	0
0	0
0	0
0	0
502	1208
1	1158
4	727
0	776
1	763
5	604
19	91
0	9
0	443
0	201
0	150
0	174
0	56
0	118
0	37
0	17
0	10
0	7
0	2
0	4
0	2
0	0
0	7
0	13
0	0
0	0
0	0
0	0
0	0
0	0
0	0
0	0
0	868
0	0
48	955
0	572
36	933
0	0
0	0
0	0
0	0
0	0
0	0
0	133
0	136
0	133
0	123
9	81
0	22
0	45
0	23
0	37
0	7
0	0
91	0
0	0
0	0
0	1
0	0
0	0
0	0
0	0
0	0
0	0
0	0
0	0
0	0
0	0
0	0
0	0
0	0
0	0
0	0
0	0
0	0
0	0
0	0
0	0
0	0
0	0
0	0
0	0
0	0
0	0
0	0
0	0
0	0
0	0
0	0
0	0
0	0
0	0
0	0
0	0
0	0
0	0
0	0
0	0
0	0
0	0
0	0
0	0
0	0
0	0
0	0
0	0
0	0
0	0
0	0
0	0
0	0
0	0
0	0
0	0
2	12
0	12
0	2
0	0
0	13
1	13
0	0
0	0
0	0
0	0
0	0
0	0
0	0
0	0
0	0
0	0
0	0
0	0
0	0
0	0
0	0
0	1
0	0
324	38
0	37
0	1
0	0
0	0
0	0
0	0
0	0
0	0
221	587
10	798
0	479
17	296
0	8
0	0
59	0
0	0
0	0
0	0
0	0
0	3
30	1356
16	1236
4	116
17	1242
0	67
0	0
0	55
0	8
0	69
0	525
0	95
0	40
0	0
0	0
0	0
0	0
0	0
0	0
19	4
0	1
0	0
0	0
1382	214
0	4
0	93
0	19
0	72
0	111
0	0
0	0
0	0
0	5
394	1095
0	50
0	57
0	49
1	107
0	146
51	900
0	145
0	37
0	0
0	0
0	0
0	0
0	0
0	0
0	0
0	0
0	0
0	0
0	0
0	0
0	0
0	0
0	0
3	8585
0	23532
0	0
0	3
0	0
0	0
0	0
0	0
0	0
0	0
0	0
0	0
0	0
0	0
0	0
0	0
0	0
0	0
0	0
0	0
0	0
0	0
0	0
0	0
0	0
0	0
0	0
0	0
0	0
0	0
0	0
0	0
0	0
0	0
0	0
0	0
0	0
0	0
0	0
0	0
0	0
0	0
0	0
0	0
0	0
0	0
0	0
0	0
0	0
0	0
0	0
0	0
0	0
0	0
0	0
0	0
0	0
0	0
0	0
0	0
0	0
0	0
0	0
0	0
0	0
0	0
0	0
0	0
0	0
0	0
0	0
0	0
0	0
0	0
0	0
0	0
0	0
0	0
0	0
0	0
0	0
0	0
0	0
0	0
0	0
0	0
0	0
0	0
0	0
0	0
0	0
0	0
0	0
0	0
0	0
0	0
0	0
0	0
0	0
0	0
0	0
0	0
0	0
0	0
0	0
0	0
0	132
0	1264
0	54
0	0
0	18
0	1266
0	73
4	1356
0	1227
0	237
0	41
0	1266
0	59
0	0
0	64
0	51
0	145
383	108
0	5
0	111
20	101
13	132
0	88
0	42
0	0
0	9
47	1881
1	2241
2	2192
5	974
0	386
567	315
0	37
0	1
0	174
0	57
0	35
0	0
0	0
0	0
118	0
129	317
0	317
3	243
40	160
0	230
0	0
2	1615
29	1539
25	1615
0	95
0	51
0	46
0	30
20	30
0	18
0	22
0	16
0	1
0	0
18	0
0	0
0	0
0	0
0	15
24	113
4	258
0	63
4	151
0	86
0	24
0	42
0	113
4	18
0	0
8	29
0	16
0	0
0	0
9	21
8	730
8	935
0	20
129	904
0	0
0	0
0	0
0	0
0	0
0	0
0	0
3	284
0	281
8	106
0	177
0	0
7	162
0	0
0	287
0	12
0	1
0	0
0	229
315	265
0	243
0	158
34	93
0	88
4	135
0	11
0	0
278	1133
7	1136
2	564
0	339
0	157
251	1797
0	79
0	1734
0	119
0	115
0	1662
10	1542
33	1601
0	242
0	240
0	170
0	1369
0	1456
0	93
3	178
0	32
0	100
0	159
2	244
0	236
0	172
0	394
20	99
0	302
31	365
11	256
0	56
0	14
0	0
0	0
0	0
0	0
0	0
0	52
0	8
0	33
0	45
0	46
0	50
0	1
0	40
0	28
0	0
46	29
0	46
6	624
49	569
0	402
2	444
67	696
23	463
157	1129
61	825
0	793
0	178
32	540
6	426
0	414
0	204
0	161
0	103
0	50
0	49
0	8
0	40
1	94
1	3
0	39
0	61
7	96
0	9
0	0
0	26
18	30
0	1
0	2
0	0
0	0
0	0
0	0
0	0
0	0
0	0
0	0
0	0
0	0
0	0
0	0
0	0
0	0
0	0
0	0
0	0
0	0
0	0
0	0
0	0
0	0
0	0
0	0
0	0
0	0
0	0
0	0
0	0
0	0
0	0
0	0
0	0
0	0
0	0
0	0
0	0
0	0
0	0
0	0
0	0
3	4422
0	0
0	0
0	0
0	0
0	0
0	0
0	0
0	0
0	0
0	0
0	0
0	0
0	0
0	0
0	0
0	0
0	0
0	0
0	0
0	0
0	0
1	825
31	579
0	760
0	82
0	0
0	59
0	42
0	84
13	326
0	63
0	87
1	48
0	37
0	32
0	6
0	143
10	89
0	0
0	0
0	0
0	0
0	0
0	0
0	0
0	0
0	0
0	0
0	0
0	0
0	0
0	0
0	0
0	0
0	0
0	0
0	0
0	0
0	0
0	0
0	0
0	0
0	0
0	0
0	0
0	0
0	0
0	0
0	0
0	0
0	0
0	0
0	0
0	20
410	20
0	18
0	11
0	0
0	0
0	0
0	0
0	0
0	2
6	2
0	1
0	0
0	0
0	0
0	0
0	0
0	0
0	0
0	0
0	0
0	0
0	0
0	0
0	0
0	45
0	42
0	1
0	27
0	16
0	10
0	16
0	10
0	15
0	19
0	8
0	22
0	3
0	22
0	12
0	2
0	2
0	2
0	8
0	0
0	1
0	1
0	0
0	0
7	1
0	907
0	1448
0	44
8	620
0	561
0	515
4	580
0	3
0	288
0	17
0	510
59	519
0	119
0	8
0	23
0	41
0	0
0	0
0	0
49	13605
0	12648
29	14331
36	982
15	12142
29	11479
0	12600
0	1773
0	1644
3	2125
0	4110
0	2553
0	4620
0	1993
0	1795
0	1859
0	1734
0	136
0	73
0	73
0	489
0	0
0	1
0	4
7	489
7	283
19	97
0	180
0	469
126	486
0	0
0	10
0	0
0	46
0	34
18	129
0	621
22	621
2	128
0	0
0	0
0	0
0	0
0	0
0	0
0	0
0	0
0	0
0	0
0	0
0	0
0	0
0	0
0	0
0	0
0	0
0	0
0	0
0	0
0	0
0	0
23	3
0	3
0	3
0	2
0	2
0	0
0	0
0	0
0	0
0	0
0	0
0	0
0	0
0	0
226	375
23	361
75	362
5	255
29	301
0	318
0	213
0	1
0	26
0	39
0	11
0	3
0	3
0	0
0	0
0	0
0	0
0	0
0	0
0	16
92	72
0	72
0	0
0	35
0	10
0	0
0	0
0	0
0	0
0	0
0	0
0	0
0	0
0	0
0	111
26	559
0	530
12	241
0	190
0	133
0	57
0	13
0	66
0	66
0	34
0	65
0	23
0	26
0	362
0	0
101	87
0	0
1122	116
12	40
0	0
0	0
0	0
0	0
0	0
0	0
0	0
0	0
0	0
0	0
0	0
0	0
14012	8510
0	8359
0	7005
0	1565
17	1066
0	459
81	1086
24	1186
2	546
0	0
0	545
0	422
1	29
0	0
0	0
0	0
0	0
0	0
0	0
0	0
0	0
0	0
0	0
0	0
0	0
0	0
0	0
0	0
0	0
0	0
0	0
0	0
0	0
0	0
0	0
0	0
0	0
0	0
0	0
0	0
0	0
0	0
0	0
0	0
0	0
0	0
0	0
0	0
0	0
0	0
0	0
37	256
14	252
0	3
0	15
0	22
0	8
0	12
0	8
0	98
0	30
0	4
0	0
0	0
0	0
0	0
0	0
0	0
69	577
0	526
2	294
0	174
0	101
0	92
0	102
0	20
0	0
0	0
0	0
240	1065
81	861
6	122
0	0
0	0
7	137
19	121
0	95
0	60
0	104
0	104
0	58
1	31
0	99
18	53
0	113
0	118
0	85
0	85
0	86
0	0
0	0
0	0
0	0
0	0
191	323
35	323
10	165
0	24544
0	17296
0	28942
0	0
0	0
37	29812
0	22822
0	29805
0	30693
84	30078
0	22670
4043	30016
9	23568
0	25201
114	24546
12	1216
1	25050
11	16933
14	5833
44	17216
16	15887
0	16331
19	3132
86	9258
9	353
7	32
0	9
0	14
5	358
0	0
0	0
0	0
0	0
0	0
0	2
0	0
9	19
0	4
0	4
0	1
5	14
0	0
0	0
250	2120
0	2080
5	639
184	2109
0	521
0	322
0	312
0	308
0	0
0	0
0	0
0	0
0	0
44	41
1	41
0	21
0	6
0	1
0	0
0	0
0	0
0	0
0	0
0	0
0	0
0	0
13	0
0	0
44	1393
0	612
0	1304
0	1555
30	1652
0	1305
0	1673
0	1337
0	1532
0	1647
20	841
0	903
0	1181
17	261
0	913
0	1229
0	1136
0	775
0	836
14	14
0	226
0	33
0	90
10	449
0	163
0	183
0	14
11	1766
63	1793
64	1607
7	1571
48	196
12	241
4	51
4	69
0	30
16	275
2	485
0	405
9	261
0	559
0	509
0	396
5	178
0	0
0	0
0	0
809	509
13	317
0	338
0	93
0	147
0	0
0	0
0	0
0	0
0	0
0	0
0	0
0	0
0	0
0	0
0	0
0	0
0	0
0	0
0	0
0	0
0	0
0	0
0	0
0	0
0	0
0	0
126	3673
0	3093
0	3397
0	3065
21	3164
13	2986
0	2769
0	2783
6	2970
0	2968
0	3435
0	3417
0	1842
0	1363
0	224
0	2405
0	1464
6	1375
4	1182
0	0
3	22
83	42
34	0
0	23
0	162
0	6
0	110
1	1262
0	63
0	116
0	181
0	1297
0	89
0	106
0	363
43	374
0	54
0	0
58	570
34	352
0	46
0	9
0	150
0	0
0	0
10	1311
0	1311
5	320
7	1
0	0
0	0
0	0
0	0
0	0
0	0
0	0
0	0
0	0
0	0
0	0
0	0
0	0
0	0
0	0
0	0
0	0
0	0
0	0
0	0
0	0
0	0
0	0
0	0
0	0
0	0
0	0
0	0
0	0
0	0
0	0
0	0
0	0
0	0
0	0
0	0
0	0
0	0
0	0
0	0
0	0
0	0
0	0
0	0
0	0
18258	3204
204	91
1556	2410
0	706
0	705
0	0
0	13
218	735
12	531
0	86
10	695
0	193
146	198
17	649
0	99
0	79
0	117
35	468
0	38
0	172
0	11
0	100
0	53
0	0
0	0
0	0
0	0
0	13
3	176
0	131
1	154
0	4
0	0
0	0
0	0
0	0
0	0
0	0
0	0
0	0
0	0
0	0
0	0
0	0
0	0
0	0
0	0
0	0
0	0
0	0
0	0
0	0
0	0
0	0
0	0
0	0
0	0
0	852
3	927
0	923
0	928
0	856
6	857
0	927
0	928
0	927
0	923
0	837
0	923
0	832
0	927
0	744
0	789
0	787
0	787
0	703
0	660
0	698
0	698
0	697
1268	690
0	678
0	38
0	682
0	679
0	675
0	601
0	663
0	593
0	573
0	598
0	593
0	588
0	653
0	627
0	529
0	268
0	256
12	158
0	132
0	235
0	66
0	218
0	1
0	200
0	0
0	155
0	150
0	140
0	139
0	131
0	130
0	115
0	113
0	109
0	92
0	93
0	18
0	86
0	66
0	66
0	50
0	45
0	40
0	33
0	0
0	16
0	2
0	3
0	1
0	0
0	0
0	0
0	0
0	0
0	0
0	0
0	0
0	0
0	0
0	0
0	0
0	0
0	0
0	0
0	0
0	0
0	0
0	0
0	0
0	0
0	0
0	0
0	0
0	0
0	0
0	0
0	0
0	0
0	0
0	0
0	0
0	0
0	0
0	0
0	0
0	0
0	0
0	0
0	0
0	0
0	0
0	0
0	0
0	0
0	0
0	0
18	1044
0	6
0	0
49	952
715	1100
0	15
12	613
0	172
0	75
0	107
0	0
0	27
9	1328
0	856
19	1305
0	70
2	94
0	18
0	40
0	146
0	37
0	55
0	48
0	0
0	0
0	0
0	0
0	25
0	0
0	0
0	0
0	0
0	0
0	0
0	0
0	0
0	0
0	0
0	0
0	0
0	0
0	0
0	0
0	0
0	0
0	0
0	0
153	1089
25	1076
0	663
0	107
0	280
0	12
0	112
2	124
0	64
0	37
22	0
827	2919
37	577
9	1810
0	4
12	824
0	807
0	306
0	453
0	656
0	459
6	157
0	194
0	50
68	61
0	11
82	53
11	12
0	71
2	72
0	3
0	6
0	2
0	0
0	0
0	0
0	0
0	0
0	0
0	0
0	0
1	700
0	778
0	103
3	0
0	927
0	664
0	0
0	0
0	0
0	16
0	0
0	0
0	911
0	0
0	0
0	755
0	818
0	822
9	832
0	36
0	72
5	760
0	89
0	20
0	3
0	28
0	711
0	93
5	127
3	433
0	2
0	156
0	33
0	20
0	100
0	65
0	119
0	163
0	0
0	0
0	0
0	15
0	0
8	0
0	0
0	0
0	0
56	836
34	490
0	0
0	5
0	31
0	3
0	0
112	628
0	0
0	0
0	0
85	0
16	1
1793	2624
123	2556
0	266
119	1168
0	290
0	0
0	0
0	0
0	68
0	0
0	0
0	0
0	0
0	0
0	73
0	66
0	1
0	1
0	0
4	73
0	59
0	0
0	2
0	59
0	3
0	3
0	3
0	6
0	2
0	0
0	0
0	1
0	0
0	0
0	2
0	12
0	4
0	0
0	13
0	23
0	0
0	0
0	0
0	0
0	0
0	0
0	0
293	4098
79	3570
45	2031
37	2388
0	19
39	19
1605	3759
47	502
0	0
0	0
0	0
0	0
0	0
0	0
0	0
0	0
0	0
0	0
0	0
5588	1168
0	272
23	45
0	117
6	734
0	0
0	15
0	15
0	1
0	1
0	0
0	0
0	0
0	0
0	0
0	0
0	0
0	0
0	0
0	0
1337	1445
0	1448
13	324
0	0
0	0
0	0
0	4
16	4
1	74
0	0
0	0
0	0
0	0
0	0
0	0
0	0
0	0
0	0
0	0
0	0
0	0
0	0
0	0
0	0
0	0
0	0
0	0
0	0
0	0
0	0
0	0
0	0
0	0
0	0
0	0
0	0
0	0
0	0
0	0
0	0
0	0
0	0
0	0
0	0
0	0
0	406
2	279
0	833
0	763
0	828
0	796
3	791
0	763
0	762
0	699
0	792
0	676
7	187
0	747
0	695
0	796
0	757
0	714
0	775
0	671
3	707
0	564
0	244
0	642
0	379
0	618
0	651
0	636
62	656
0	36
0	606
0	1
0	53
0	395
2	319
0	318
0	305
0	110
0	234
9	283
0	250
0	170
0	50
0	79
0	131
0	106
0	54
0	70
0	28
0	2
0	14
0	0
2	1342
15	1210
52	1357
0	725
0	57
0	57
0	91
0	138
0	0
7	108
3	77
0	0
0	0
0	0
0	0
0	4
0	27
0	27
0	27
10	27
0	0
0	0
0	0
0	0
0	0
0	0
0	0
1	539
40	13
0	415
0	17
0	44
5	503
0	17
0	266
0	1
0	33
0	56
0	0
0	0
0	0
217	35
0	8
0	8
0	3
0	0
0	8
0	11
0	0
0	0
0	0
2120	2630
56	2630
2	332
763	282
0	0
0	0
0	0
0	695
0	695
30	247
0	371
12	371
5	235
0	90
0	70
0	136
0	26
6	68
0	50
0	22
0	0
33	0
903	932
0	91
0	454
8	794
0	601
0	205
9	223
0	0
0	0
0	0
0	0
0	0
0	0
0	0
0	0
0	0
0	0
0	0
0	0
0	0
0	0
0	0
0	0
0	0
0	0
0	0
0	0
0	0
0	0
0	0
0	0
0	0
0	0
0	0
0	0
0	0
0	0
0	0
0	0
0	0
0	0
0	0
0	0
0	0
0	0
0	0
0	0
0	0
0	0
0	0
0	0
0	0
0	18
0	8
161	301
0	288
0	0
548	55
106	148
0	1
38	0
19	0
10	414
4	412
4	325
0	138
0	138
0	93
0	109
0	87
0	0
0	0
0	0
0	0
0	0
0	0
0	0
0	0
0	0
0	0
0	0
0	0
0	0
0	0
0	0
0	0
0	0
0	0
0	0
0	0
0	0
0	0
0	0
0	0
0	0
0	0
0	0
0	0
0	0
0	0
0	0
0	0
0	0
0	0
0	0
0	0
0	0
0	0
0	0
0	0
0	0
0	0
0	0
0	0
0	0
0	0
0	0
0	0
0	58
0	0
0	0
0	0
1005	589
0	129
0	457
0	60
6	35
8	0
5	114
0	96
0	179
0	57
0	121
0	0
0	21
0	76
0	0
0	0
0	0
0	0
4	0
0	0
0	0
0	0
0	0
0	0
0	0
0	0
0	0
0	0
0	0
0	0
0	0
0	0
0	0
0	0
0	0
23	2
0	0
0	2
0	2
0	0
0	0
0	0
0	0
0	0
0	0
0	0
5182	6104
346	5294
32	2395
382	2729
0	2008
0	526
0	559
0	352
5	1033
0	239
13	952
6	986
28	76
0	130
13	528
0	705
1	962
0	41
0	0
0	28
0	291
3	577
0	240
0	41
0	357
0	82
0	43
0	181
0	58
0	9
47	199
0	51
3	199
0	0
0	0
0	0
0	0
0	0
0	0
0	0
0	0
0	0
0	0
0	0
0	0
0	0
0	0
0	0
0	0
0	0
0	0
0	0
0	0
0	0
0	0
0	0
0	0
0	0
0	0
0	0
0	0
0	0
0	0
0	0
0	0
0	0
0	0
3	75
0	4
14	79
0	5
0	7
0	2
0	0
16	0
0	0
0	0
0	0
0	0
0	0
0	0
0	0
0	0
0	0
0	0
0	0
0	0
0	0
0	0
0	0
0	0
0	0
0	12
0	8
0	8
0	8
0	8
66	12
0	3
0	8
0	2
0	0
0	0
0	0
0	0
164	346
0	220
47	237
8	123
12	99
51	102
0	0
0	0
0	0
26	329
0	163
74	220
54	265
95	261
90	185
0	2
0	0
0	1
0	0
0	0
0	0
0	0
0	751
22	3505
0	319
18	1089
31	3248
0	192
0	525
0	698
0	0
0	348
0	273
0	818
1	913
0	28
3	845
6	1266
1	2366
0	729
0	779
0	414
0	271
0	0
45	1786
0	274
0	837
0	40
0	329
0	140
0	22
0	0
0	0
0	0
0	0
0	0
0	0
0	0
0	0
0	0
121	17
1	15
0	17
0	0
0	264
0	264
0	298
20	385
0	12
0	12
0	2
0	87
0	0
0	0
0	0
290	847
75	847
15	256
0	162
190	2274
21	2274
0	376
0	76
0	2270
0	0
0	0
0	0
0	0
0	0
0	0
0	0
0	0
0	0
0	0
0	0
0	0
0	0
0	0
0	0
0	0
0	0
0	0
0	0
0	0
116	72
0	6
0	63
0	3
0	3
0	0
0	0
0	0
0	0
0	0
0	1
5	2
0	1
0	0
0	0
0	1
0	0
0	0
0	0
0	0
0	0
0	0
0	0
0	0
0	0
0	0
22	0
1	479
5	477
0	493
0	66
0	7
0	26
0	0
0	2
0	0
0	0
0	0
0	0
0	0
0	0
0	0
0	0
0	65
0	0
0	442
0	0
0	29
0	36
0	57
0	38
0	13
0	0
0	0
0	0
0	0
0	29
0	195
0	0
0	0
0	0
0	0
0	313
0	442
0	29
0	29
0	0
0	29
0	4
0	22
0	29
0	30
0	29
0	29
0	13
0	0
0	29
0	33
0	36
0	29
0	203
0	29
3	3287
0	3398
0	245
23	181
0	133
0	67
0	55
28	4
0	0
0	0
0	0
0	0
0	6
20	6
0	0
0	0
0	0
0	0
0	0
0	0
0	0
0	0
0	0
0	0
0	0
0	0
0	0
0	0
0	0
0	0
0	0
0	0
0	0
0	0
0	0
0	0
0	0
0	0
0	0
0	0
0	0
0	0
0	0
0	0
0	0
0	0
0	0
0	83
0	499
0	509
0	25
27	137
0	1
0	84
0	0
0	131
32	267
0	0
0	4
0	33
0	13
0	29
0	21
0	28
0	22
0	27
0	8
0	162
0	31
0	99
0	3
0	15
0	0
0	0
0	0
0	0
0	0
0	0
1	775
17	560
0	585
8	362
0	454
0	490
0	594
0	785
0	320
0	570
0	794
0	457
0	58
0	58
0	0
0	0
0	233
0	147
0	0
0	0
0	0
0	0
0	0
0	0
0	0
0	0
0	0
23	0
7	492
4	457
2	461
0	43
0	498
0	0
0	120
0	0
0	0
0	0
0	0
0	0
0	0
0	0
55	731
3	758
0	678
0	499
6	562
1	264
0	15
0	72
0	28
0	26
0	20
0	9
0	82
0	30
0	0
0	0
0	0
0	0
0	0
664	930
0	831
101	505
145	589
25	583
25	513
0	329
0	467
0	88
0	38
0	19
0	0
0	3
0	3
0	0
0	0
0	0
5	37
0	4
722	3
6	32
10	23
0	1
0	0
0	0
0	1
0	0
866	116
0	94
0	63
0	39
0	0
0	0
0	0
0	0
17	0
0	0
103	8
0	8
0	0
0	0
0	2
0	0
252	1
152	32
0	11
0	0
0	8
0	5
0	22
0	0
0	5
0	7
37	0
0	54
0	13
0	0
0	0
0	0
0	0
0	0
0	0
0	0
0	0
4	1
0	0
0	0
0	0
0	0
0	0
0	1
0	0
0	24
0	27
0	33
0	0
0	6
0	22
2	13
6	101
0	58
0	68
0	58
0	36
0	20
0	30
0	30
0	10
0	16
0	12
0	14
0	10
0	8
0	11
0	8
0	23
0	8
0	9
0	5
0	9
0	3
0	1
0	5
0	5
0	2
10	45
4	87
0	0
0	0
0	16
0	33
0	35
0	28
0	34
0	0
205	1
0	0
0	0
0	0
0	1
0	0
0	0
0	0
0	1
208	170
8	146
0	20
0	31
0	31
0	2
0	0
0	2
0	0
0	0
0	0
0	0
0	0
0	0
0	0
0	0
0	0
0	0
0	0
0	0
0	0
0	0
0	0
0	0
0	0
0	0
0	0
0	0
0	0
0	0
0	0
0	0
0	0
0	0
0	5
0	5
432	5
64	712
0	145
6	525
0	23
0	447
0	416
0	113
0	0
0	0
0	1
0	1
0	0
0	0
0	7740
0	6864
1	7801
5	453
0	1340
0	8393
6	857
0	0
1	4759
22	2489
0	6239
0	3812
0	1691
0	1
26	993
15	7748
15	0
0	0
0	32
32	47
202	36
0	7
0	12
0	8
0	7
0	3
0	0
0	0
0	0
0	0
0	774
0	935
7	679
12	468
21	463
0	241
0	3
1	0
2	117
0	4
0	1
0	114
0	26
0	1
0	26
0	0
0	0
0	0
0	0
0	0
0	0
0	0
0	0
0	0
0	0
0	0
0	0
0	0
0	0
0	0
0	0
0	0
0	0
0	0
0	8658
4	8325
0	5578
2	656
46	8616
2	1015
64	4959
1	8417
0	1285
2	302
0	1
3	8192
0	1222
0	151
0	2071
0	857
0	150
0	113
0	1829
0	26
19	1777
0	0
0	0
0	0
0	0
0	0
0	0
0	0
0	0
0	0
0	0
0	0
0	0
14	5
0	5
38	693
0	655
0	26
25	458
0	626
0	150
0	635
0	639
0	143
0	60
0	289
0	278
0	52
0	17
0	1
13	1131
6	958
0	1074
2	260
0	11
27	157
0	10
0	0
0	1
97	69
1	69
0	0
2037	424
0	0
0	0
1	248
0	176
0	175
0	4
0	0
0	0
15	697
0	639
0	183
0	361
0	550
0	550
0	472
0	174
0	13
0	89
0	70
0	0
0	0
0	0
0	0
22	1471
0	1157
16	1034
1	1142
25	335
4	781
0	195
50	347
0	175
0	143
0	68
0	1
0	19
9	6384
0	525
1	5400
7	5647
0	797
9	5806
0	629
6	639
0	3
2	1701
10	2651
17	4151
0	413
0	6
0	38
0	401
0	5
0	10
0	28
0	18
0	29
0	396
0	353
0	2
0	4
0	14
1	106
0	57
0	20
0	3
0	2
0	1
0	2297
0	22
26	2300
0	2093
0	57
6	2297
7	2297
0	2187
0	8
0	249
25	1514
0	169
0	76
0	317
2	609
0	568
9	1228
87	1977
0	409
0	1718
0	1326
187	1344
157	1676
0	1715
5	607
0	243
0	632
12	776
0	387
0	114
0	1486
0	2192
20	1289
0	2187
7	1044
13	1414
4	660
0	1460
0	1
0	1382
0	576
0	2
0	441
0	604
0	563
0	576
0	97
0	25
0	236
0	68
0	26
0	26
0	18
0	0
23	917
90	932
0	104
7	587
0	80
0	218
0	186
57	44
0	0
27	16
0	15
0	4
0	2
0	6
0	0
0	597
0	633
24	20
0	494
0	529
0	502
0	62
1	183
0	147
0	100
108	808
0	807
0	3
0	2
0	0
0	2721
0	632
0	0
0	0
0	0
0	0
2	2726
0	256
0	2721
0	0
0	1142
0	2466
0	1149
0	1463
0	2473
0	1560
0	1154
0	1238
0	1432
0	131
0	964
0	566
0	1566
8	685
0	796
0	1972
12	1792
0	2042
0	1712
0	513
0	1578
0	3067
0	1464
0	1090
0	191
0	1446
0	1073
0	1431
0	728
0	177
0	32
0	48
0	9
0	255
3	46
0	130
11	0
50	220
51	219
0	220
0	2
0	141
0	0
0	0
0	0
0	3
33	57
92	5
0	76
5	155
1	276
0	59
0	223
0	196
0	148
0	2
0	5
0	22
0	25
1	25
0	87
0	9
0	14
0	14
0	307
4	426
0	234
61	197
0	136
0	219
0	304
28	143
0	326
12	406
7	408
2	247
0	202
0	277
0	266
0	297
0	295
0	293
0	2
5	37
0	4
0	22
0	7
0	7
2	8
0	8
0	6
18	3
0	2
2	3321
0	3521
0	3339
7	633
10	3184
33	1126
7	147
0	396
42	2364
74	1957
26	1470
16	9094
9	7683
540	10070
0	7398
7	9230
0	598
20	3452
0	7505
4	9250
31	7329
10	3590
0	1
7	7201
0	0
0	3
0	3
0	25
0	25
0	132
0	25
0	3
0	23
286	110
28	0
0	247
1	223
2	213
0	192
4	204
5	190
1	201
0	188
0	113
0	1
0	0
0	0
0	0
0	0
0	0
0	0
0	0
0	0
0	0
0	0
0	0
0	0
0	0
0	0
0	0
11	13
0	8
0	5
0	3
0	0
0	0
0	0
0	0
0	0
0	0
0	0
0	0
0	0
0	0
0	0
0	0
0	4
0	4
0	4
0	4
0	0
10	53
0	53
0	0
0	0
90	819
0	763
1	818
52	816
0	347
0	228
0	43
0	38
0	223
37	196
0	0
0	0
33	385
713	212
58	165
0	59
5	164
5	46
0	2876
0	2771
2	495
0	766
5	1349
0	2861
7	1410
0	358
0	1516
0	1578
7	646
188	1305
38	1697
2	1163
59	674
0	166
6	166
0	1
2	291
0	73
0	0
0	0
0	0
0	0
0	20
0	15
0	17
0	0
1	43
0	33
0	7
0	7
222	463
12	222
8	401
0	10
0	9
0	32
0	39
0	55
0	7
0	0
0	37
29	37
0	0
0	2
43	106
0	39
283	145
0	39
3	11
0	0
122	15
0	15
253	518
0	375
20	500
1	499
0	218
0	182
12	1156
0	180
0	443
0	82
0	176
4	0
53	1079
0	142
0	6
0	18
0	392
0	0
9	923
0	0
0	0
0	388
187	713
0	100
0	0
0	82
0	208
0	127
0	182
4	294
1	197
11	270
0	37
0	0
0	0
7	940
1	1523
410	1677
0	131
6	452
0	14
0	128
20	142
0	19
0	0
0	0
0	10
0	14
0	0
0	0
0	0
0	0
0	3720
0	4759
0	32814
0	15473
4	22137
0	32791
0	12805
9	11295
0	2097
89	4165
0	1673
10	140
0	156
7792	3690
4	625
1	2697
7	1085
0	975
0	944
0	880
0	744
61	496
0	159
44	222
0	250
7	167
0	163
0	81
27	172
0	103
10	168
7	152
0	82
0	48
0	15
5	4345
0	1644
0	4666
0	4666
16	1435
34	3610
0	1235
6	1170
27	224
0	17
0	227
0	2
1	1424
6	433
0	80
1284	815
0	117
0	49
0	58
0	40
0	55
0	157
14	402
0	1
0	3
0	268
0	992
0	871
10	1309
8	763
0	1150
0	1240
0	161
0	559
2	578
0	217
0	145
0	47
0	0
426	490
0	108
13	234
0	408
0	258
0	19
0	1
0	0
0	0
0	0
0	0
0	0
0	632
0	0
64	9876
206	7060
0	20180
88	14987
12	10843
0	15640
4	3233
31	11347
0	8651
3	9920
1	4047
0	644
0	0
1	0
2	339
0	329
740	327
8	325
8	309
101	319
0	0
4	0
17	217
0	1
0	63
0	101
0	237
11	121
0	0
0	4
0	42
0	28
0	28
5	27
4	85
0	11
0	0
0	0
0	109
0	0
0	0
1267	448
16	318
0	139
2166	1143
0	568
13	344
0	281
0	0
0	0
5	172
33	554
3	1160
25	1101
1	860
0	1
0	3
0	0
125	14
231	14
0	0
19	0
0	0
0	0
0	0
1	1
0	1
0	0
0	175
17	0
0	440
35	446
18	309
9	280
240	170
0	0
6715	4799
0	2703
0	2088
0	228
0	0
65	6019
204	2181
0	1699
0	325
223	3806
42	2550
0	800
0	525
0	677
253	1483
0	730
66	867
0	14
0	786
0	36
0	26
0	4
17	34
61	332
0	19
25	324
0	8
0	0
0	0
0	0
0	0
0	0
0	129
0	165
0	37
0	147
0	37
0	0
1	0
40	0
43	0
0	69
0	16
7	5
0	34
0	56
0	2
0	25
0	4
0	23
0	4
0	0
0	0
0	0
0	0
0	0
0	0
0	0
0	0
0	0
0	0
0	0
0	0
0	0
0	0
0	0
0	0
0	0
0	0
0	0
0	0
0	0
0	0
30	447
196	12030
264	18715
8	15849
629	19925
0	15373
0	705
0	6948
26	10938
0	422
0	29
8	1438
0	14
129	55
0	4
0	28
0	0
0	32
0	25
0	4
0	0
0	1
0	0
150	31
0	30
0	12
0	0
9	17
0	17
3	456
15	1068
2	152
0	329
23	881
0	116
0	9
0	81
0	0
0	0
0	0
0	0
0	0
0	0
0	0
0	0
0	0
0	0
0	0
0	794
2	799
0	292
0	153
0	227
0	241
0	261
0	0
2	118
0	7
0	0
0	0
0	0
0	0
0	0
0	0
0	0
0	0
0	0
241	369
2	42
0	238
7	304
0	166
2	119
0	28
15	54
0	0
1	145
35	58
3	95
12	6
0	29
0	404
13	456
0	404
0	99
0	93
0	134
0	33
0	6
0	5
0	0
8	0
0	95
0	0
0	0
0	0
0	476
0	18
5	1138
0	134
0	161
0	315
12	1081
0	342
0	5
0	151
0	29
0	213
0	18
0	87
0	183
0	26
0	0
0	0
0	0
0	0
0	0
0	0
0	0
0	95
80	439
0	113
0	176
0	375
0	377
0	372
0	235
0	328
0	3
7	1
508	380
3	380
0	379
0	379
0	48
0	234
0	0
0	0
0	0
0	0
0	0
0	0
0	0
0	0
0	0
0	0
0	0
0	0
0	138
67	64
27	263
0	1
0	1
0	28
7	102
0	131
0	1
0	0
457	0
0	0
0	0
0	0
0	0
0	0
0	0
0	0
0	0
0	0
0	0
0	0
0	0
0	0
0	0
0	0
0	0
0	0
0	0
0	0
0	0
0	0
0	0
0	0
0	0
0	0
0	0
0	0
0	0
0	0
0	0
0	0
0	0
0	0
0	0
0	0
0	0
0	0
0	0
0	0
0	0
0	0
0	537
0	537
24	160
0	6
15	224
0	222
0	173
0	0
0	1300
56567	15079
0	265
7	6755
4	6927
0	1494
12	2730
0	0
258	73
0	47
0	65
0	47
0	7
0	1
0	0
735	130
0	130
0	0
3	3488
55	430
0	1870
0	3220
10	389
0	332
0	210
0	737
0	248
10	224
0	1032
0	0
0	0
0	0
0	0
0	0
0	483
0	438
0	558
9	649
0	569
15	597
0	177
0	121
0	239
0	212
0	61
3	44
0	225
16	106
0	1
0	1
0	1
0	1
0	1
0	0
0	1
0	0
108	230
149	230
0	0
234	156
0	156
0	0
0	0
0	0
0	0
0	0
0	0
0	0
0	0
0	0
0	0
0	0
0	0
0	0
0	0
0	0
0	0
0	0
0	0
0	0
0	20
0	29
12	222
38	207
4	188
0	84
0	0
0	74
0	55
0	106
0	0
0	254
0	269
0	360
0	237
0	250
6	283
0	10
0	20
0	0
0	0
18	0
27	1652
0	1241
0	687
0	291
0	253
0	0
0	0
870	431
0	43
0	86
0	228
0	61
7	109
0	0
0	0
0	810
80	1117
16	366
0	490
20	1110
1	318
0	111
0	10
0	1
1	125
0	0
0	1
22	16
0	0
0	0
0	0
0	0
0	0
36	3672
20	3562
0	1045
0	1122
0	400
0	2629
0	732
21	791
0	0
0	14
0	0
0	0
0	0
0	0
0	0
0	0
0	0
0	0
0	0
0	0
127	5
0	5
0	0
0	0
0	0
0	0
0	0
11	520
0	0
0	520
0	0
1	14
0	14
207	14
0	24
3	1613
0	1789
21	2284
0	157
3	1325
0	215
0	166
0	122
2	106
0	138
0	73
0	237
2	821
0	614
0	96
0	57
0	23
0	12
0	9
0	4
0	0
0	1
0	0
0	2
1	2
0	1
0	413
0	0
0	0
0	0
0	0
0	0
0	0
0	0
0	0
0	0
0	0
0	0
0	0
0	0
113	863
11	863
0	30
524	700
0	700
0	274
82	1995
9	1756
0	1269
6	1032
0	301
0	266
0	0
0	0
0	0
0	0
13	1183
2	1189
0	653
0	1189
19	1067
0	1083
0	1060
0	0
1	2737
0	142
0	2631
7	751
0	2527
0	149
0	1214
96	0
12	51
21	612
0	0
0	32
9	295
19	321
0	302
4	323
0	284
0	285
0	4
0	20
0	10
0	5
0	0
0	0
0	0
0	0
0	0
0	0
0	0
0	0
0	0
0	0
0	57
609	964
6	50
2	64
0	2
0	1
10	283
7	571
0	138
0	130
0	72
0	155
4	1269
0	175
41	1886
0	1812
145	727
0	1402
0	1816
0	5
0	606
0	153
0	24
0	0
24	65
0	72
830	7415
0	0
0	7529
3485	9007
0	1
24	0
601	2702
171	7433
0	66
2	229
154	313
0	166
1	193
0	26
0	51
0	3
0	5
0	0
0	3
0	5
0	2
0	4
0	0
0	4
0	9
0	5
0	1
0	5
0	0
0	4
0	6
0	3
0	0
0	0
0	5
0	2
0	2
22	3300
35	4451
0	4086
34	4416
0	4361
0	4134
7	3931
1	521
0	805
13	651
0	39
28	338
0	110
0	17
0	17
0	0
0	0
0	0
0	12
8	12
0	0
0	16
0	323
0	446
68	493
0	19
1	142
0	160
0	42
0	64
0	7
0	164
0	28
0	50
0	48
0	123
0	0
0	0
0	1
0	1
0	1
0	1
0	1
0	0
0	0
0	0
0	0
0	0
0	0
0	0
0	2
0	2
0	2
0	2
0	0
0	0
0	0
0	0
0	0
0	0
0	0
0	24
0	24
7	1028
12	84
0	583
7094	1004
81	946
12	210
0	892
3	13
0	5
0	0
0	0
0	6
59	0
0	9
84	77
5	71
0	4
0	1
0	6
0	977
0	1035
3	594
21	565
0	689
0	736
0	107
0	118
0	295
0	271
4	124
0	289
31	194
0	15
0	188
0	137
4	167
0	38
0	111
0	79
0	24
0	92
0	92
0	61
0	10
0	58
0	23
0	4
0	15
0	18
0	0
5	60
4	60
0	36
0	0
0	3
0	2
0	8
0	7
0	4
0	1
0	4
0	1
0	1
0	1
0	0
0	0
0	0
0	0
0	0
0	0
0	0
11	3
0	1
0	2
0	0
0	0
0	0
0	0
0	0
0	0
0	0
0	0
0	0
0	0
0	0
0	0
0	0
0	0
0	0
0	0
0	0
0	0
1154	73
0	33
0	40
0	0
0	0
0	0
0	0
47	1676
20	970
0	572
0	203
42	1285
0	622
0	282
365	245
0	239
9	245
1	0
3	0
3128	12562
302	8938
0	2294
46	1668
0	4684
11	2265
0	0
0	0
0	0
0	0
868	2909
0	20
12	2530
0	65
0	716
540	617
0	702
0	10
4	1250
2	969
0	1067
0	708
0	0
0	0
0	0
0	0
0	0
0	48
20	119
12	95
12	734
0	5
0	0
1308	1395
0	330
0	700
0	215
2	860
4	234
0	131
0	0
0	0
0	0
0	0
4	874
25	1362
0	980
30	1280
9	1144
0	36
0	13
4	216
0	15
0	206
0	205
0	61
0	206
0	119
18	0
39	20
0	1
0	4
0	7
0	8
0	6
0	3
0	3
0	5
0	4
0	4
0	3
0	4
0	0
0	4
1776	0
0	0
0	0
0	0
348	1513
1608	1513
19	110
31	0
414	169
101	169
0	0
0	0
0	0
0	0
0	0
0	0
0	0
0	0
0	0
0	0
0	0
0	0
0	0
0	0
0	0
0	0
0	0
0	0
0	0
70	939
0	223
0	85
8	147
0	226
0	530
0	948
7	804
0	171
115	67
0	296
0	127
0	137
0	192
0	67
0	61
0	4
0	1725
0	89
13	1837
0	1654
2	1661
0	1628
0	1512
0	804
0	231
0	194
15	337
0	78
5	166
0	0
0	28
5	70
4	134
10	104
3	54
0	27
0	45
4	43
28	1416
0	1442
8	1378
0	1470
7	1470
0	103
0	172
0	280
0	105
0	1
0	0
0	0
0	0
0	0
0	0
0	0
0	0
0	0
0	0
0	0
0	0
0	0
0	0
0	0
0	0
0	0
0	0
0	0
0	0
0	0
0	0
0	0
0	0
0	0
0	0
27	136
139	136
860	1008
5	1007
0	60
0	45
0	45
0	484
0	62
0	0
0	0
50	1
0	4858
0	0
50	5280
5	194
0	5301
0	226
149	4184
2	49
0	47
0	23
0	38
0	0
0	0
0	0
0	0
0	0
0	0
0	0
0	28
0	19
0	38
51	38
0	0
11	112
0	5
0	111
0	32
0	12
0	21
0	25
0	17
0	9
0	11
0	162
0	1664
0	2
0	135
0	0
0	212
0	1543
0	7
5	1696
2	1659
0	163
0	91
7	1754
0	94
0	142
0	179
0	76
0	192
0	337
9	234
0	122
0	86
0	120
0	1
0	69
17	155
0	36
0	36
0	9
0	0
611	824
56	754
0	153
0	68
409	38
1	0
0	1
0	0
0	0
19	17
0	4
0	304
0	19
0	452
0	17
0	14
1	0
0	256
0	0
0	92
17	86
1	1379
0	9
0	1597
13	1093
1	1353
4	1030
0	5
0	44
0	189
0	242
2	427
0	265
0	154
7	167
0	69
6	156
0	128
0	0
0	0
0	0
0	0
0	0
0	0
0	0
0	0
0	489
54	494
5	492
10	495
16	299
142	2973
6	2719
73	3146
0	3251
0	2803
8	2206
0	477
0	0
0	0
0	0
0	0
0	0
0	0
0	0
0	0
0	0
0	0
0	0
0	0
0	0
0	0
0	0
0	0
0	0
0	0
0	0
0	0
0	0
0	0
0	0
0	0
0	0
0	0
0	0
0	0
0	0
0	0
0	0
93	127
0	127
0	46
0	40
0	19
0	0
0	2
0	0
0	0
0	0
0	13
0	0
0	0
0	0
0	0
0	0
0	0
0	0
0	0
0	0
11	388
0	155
0	418
0	421
37	0
0	10
0	2
0	0
0	4
0	0
0	0
0	0
0	0
0	327
0	99
0	0
0	30
9	320
0	30
0	0
0	0
0	0
13	85
28	137
37	744
44	861
4	166
1	148
0	4
0	464
13	147
3	408
27	320
0	77
1353	2498
0	236
223	2172
0	567
0	0
0	58
23	0
0	22
0	26
0	9
0	14
0	0
0	0
0	0
0	0
0	0
0	0
0	0
0	0
0	0
0	16
0	19
14	308
0	37
0	1
0	316
12	316
0	165
0	2
3	287
0	98
0	0
1	82
16	266
0	0
0	86
0	0
4	53
0	58
2	67
0	43
76	9
0	0
109	901
32	1063
0	183
6	541
0	0
65	932
0	543
2	6535
30	755
3162	8336
423	3774
0	1139
0	0
0	0
0	0
0	0
0	0
0	0
0	4
0	4
0	12
0	4
0	53
0	46
0	12
0	22
0	37
0	42
0	1
0	1
8	21
0	0
0	0
0	273
711	429
0	107
0	140
17	400
0	27
1	54
0	9
0	45
0	47
0	38
1	83
0	11
0	0
0	22
4	5620
0	492
0	5903
0	2511
0	4340
1	5215
0	2167
0	742
0	1715
6	58
0	163
49	1519
0	810
0	13
0	709
0	245
67	605
0	0
0	0
0	0
0	0
16	82
0	1
0	0
0	5
0	6
5	80
0	5
0	26
0	20
0	173
0	173
0	158
0	1
0	0
0	0
0	0
0	14
0	6
0	8
0	4
0	21
0	8
0	0
0	3
0	18
0	31
0	25
0	12
0	3
0	7
0	4
0	0
0	0
0	0
0	0
0	0
0	0
0	0
0	0
0	0
0	0
0	0
0	0
0	0
0	0
0	0
0	0
0	0
0	0
0	0
0	0
0	0
0	0
0	0
0	0
0	0
0	0
0	0
36	569
32	540
32	300
0	19
0	10
0	2
0	0
0	0
0	0
0	0
0	0
0	0
0	0
0	0
0	0
0	0
0	0
0	0
0	0
0	0
0	0
0	0
0	0
0	0
0	0
21	1301
20	1242
3	1266
0	16
0	517
6	63
0	0
0	0
0	0
0	0
0	0
15	5
0	5
0	0
0	0
0	0
0	0
0	0
0	0
0	0
0	0
0	0
0	0
0	0
68	130
0	130
0	0
0	184
0	194
10	43
0	45
4	185
0	19
0	97
3	170
0	38
0	11
0	7
2	190
0	7
1	17
0	13
0	6
0	0
0	0
0	0
0	9
0	16
0	2
0	0
0	2
0	0
0	3
0	6
0	8
0	16
0	3
0	0
0	8
0	0
0	13
0	3
0	13
0	3
0	0
0	0
28	678
8	718
19	675
50	692
1	634
32	70
5	24
0	0
0	0
0	0
0	0
399	260
5	231
8	214
7	77
0	30
0	0
0	0
899	270
17	260
0	66
0	93
47	2898
80	3050
8	1218
0	472
9	375
0	405
0	181
29	199
0	124
0	46
0	117
0	79
0	101
0	34
0	41
0	34
0	5
0	35
0	61
0	9
3	20
0	9
0	4
2	54
2	54
0	2
0	12
0	1
0	152
580	366
0	261
3	212
0	165
11	37
0	16
0	36
0	1
0	0
0	0
0	0
0	0
0	0
0	0
0	0
0	14
7	12
0	10
0	18
0	27
0	1
5	8
0	1
0	1
0	1
0	1
0	0
0	0
0	0
0	0
0	0
3	205
0	215
4	208
4	212
0	100
2	77
13	45
0	43
0	41
0	26
0	25
0	9
7	0
0	0
5	55
0	0
0	0
44	1368
1403	1336
0	1328
0	1
0	50
20	41
0	57
16	110
0	0
0	2
13	127
0	574
47	546
0	201
0	230
0	294
0	236
0	204
0	205
0	127
0	0
0	0
0	0
0	0
0	0
0	0
14	0
0	0
0	0
0	0
0	0
0	0
0	0
0	0
0	0
17	55
0	1194
19	1172
0	958
0	141
0	24
1	1034
0	7
0	8
6	143
4	865
10	2
0	559
0	764
75	764
13	27
111	3577
0	3294
0	3051
5	2977
0	1187
11	302
0	652
0	602
20	573
247	955
0	0
0	0
829	706
66	24
1	747
0	10
8	44
0	571
0	642
0	392
11	170
0	139
2	7
823	1305
0	224
17	1006
0	1299
0	59
0	2
12	1617
22	4047
4	4284
0	170
4	721
0	4131
0	18
1	169
0	386
1	91
0	266
0	70
0	23
23	26
0	375
0	356
0	504
0	35
0	69
0	0
0	301
0	336
0	354
0	203
0	210
0	0
0	121
0	36
0	1038
3	1038
0	0
0	1652
0	349
0	2146
7	2147
0	397
16	1137
16	1486
0	24
0	809
0	17
10	349
0	2
0	66
925	1938
0	1016
0	175
0	0
0	106
0	668
0	31
0	25
0	26
0	35
0	0
0	1
0	0
0	34
0	7
25	19
0	11
7	39
0	62
5	98
2	93
2	75
0	43
0	8
0	31
0	1
0	1300
0	2081
0	2081
0	1770
0	2073
1	665
0	21
0	13
0	240
23	895
0	2683
0	2193
210	2850
0	621
1	2571
0	960
1	507
13	206
10	219
0	90
8	3066
16	335
16	336
6	2604
46	3290
0	227
0	21
0	46
0	313
9	274
47	231
20	441
0	34
4	1762
0	128
0	117
0	65
0	65
0	1
0	198
0	214
1062	3333
0	3092
2	807
0	91
0	175
0	883
16	1916
0	1202
0	448
7	937
0	0
0	287
26	291
1	287
0	287
0	55
0	261
0	107
0	25
72	202
18	1054
6	391
8	1052
4	119
0	71
0	52
0	130
0	321
0	218
0	217
0	0
0	0
0	0
0	0
0	0
6	142
0	32
17	145
0	18
0	201
0	166
0	15
0	18
0	92
0	32
0	36
0	4
0	0
0	0
3	803
7	718
0	447
0	50
0	637
0	653
0	36
0	16
0	85
0	132
2	227
6	114
0	89
0	59
0	46
9	109
0	109
0	0
0	0
0	0
0	0
0	0
0	0
0	0
0	0
0	0
0	0
0	0
0	206
2	591
37	2611
0	2614
0	290
0	134
3	2462
0	387
0	106
22	577
17	1557
0	126
0	196
0	709
0	14
0	0
253	0
16	7174
178	4994
0	4483
0	3813
8	752
0	358
0	1263
0	222
0	450
0	450
1	3738
12	3999
0	4051
0	4869
0	357
0	704
0	394
0	827
0	637
0	111
0	68
96	693
10	1480
20	2909
0	140
3	104
0	38
8	60
0	98
0	46
0	24
0	1
5	57
0	13
0	18
0	7
4	2587
0	2760
2	2790
0	2978
2	2283
0	349
0	0
0	0
0	97
0	299
5	442
0	1
0	171
0	431
0	2
24	17
0	1
18	1233
0	223
39	676
7	68
0	16
0	0
0	0
0	0
17	246
0	89
6	82
0	51
0	79
0	57
0	28
0	14
8	14
0	5
0	20
0	4093
0	0
0	2167
59	3587
0	3429
0	221
0	273
4	454
0	463
0	198
2	1190
2	605
9	277
0	293
0	40
0	247
0	284
0	170
0	231
2	81
4	186
0	16
18	45
0	46
62	1
0	3487
0	3477
0	3431
0	3532
0	3587
0	3551
0	3531
0	3552
0	3588
0	3585
0	3477
0	83
0	3552
0	3198
0	3163
0	3550
3	3585
0	3376
0	3424
0	2255
0	3300
0	3035
0	2871
0	2968
0	2927
0	2668
0	2800
1	1254
0	2740
0	1865
0	2448
0	2623
0	2707
0	2303
0	781
0	5
0	2187
0	2143
6	2102
0	269
0	236
0	2122
6	891
0	1996
0	1652
0	724
0	33
0	389
0	616
0	206
0	717
0	841
0	117
0	222
0	0
0	0
12	1127
0	854
0	7
0	37
0	686
3	842
0	679
0	936
384	1187
0	185
0	23
0	58
1	98
10	77
0	89
386	341
0	180
51	205
4	148
0	14
0	106
6	266
2	184
0	14
0	93
0	82
0	31
0	4
0	14
0	5
0	1
0	3
0	1
0	1
0	47
24	208
0	1
4	190
0	3
0	0
0	12
0	1
0	0
1	26
0	0
0	2
0	0
8	3
0	1
0	0
0	0
0	0
0	0
0	0
0	0
0	0
0	0
0	0
0	0
0	0
0	0
0	0
0	0
0	0
0	0
0	0
0	72
7	46
2	26
0	361
154	534
0	544
0	580
0	439
5	519
10	583
0	555
0	516
27	561
6	205
0	274
0	64
0	397
0	218
0	117
0	9
0	12
0	109
0	11
0	108
0	40
0	39
0	27
3	32
0	4
0	28
0	29
0	27
0	0
0	26
0	10
0	3
3	23
0	36
0	31
51	263
0	21
0	19
0	4
0	242
0	6
0	26
0	20
0	0
145	0
6	60
0	160
0	56
0	53
0	55
0	53
28	139
0	4
0	0
0	0
0	0
0	0
0	0
0	0
0	0
0	0
0	0
0	0
0	0
0	0
0	0
0	0
0	0
0	0
0	0
0	0
0	47
0	47
0	26
2	47
0	0
177	4835
150	284
0	1214
0	77
4	1014
0	793
0	46
11	4701
0	1057
2	4607
115	4324
0	36
0	238
0	121
0	116
231	1450
0	911
0	198
0	15
15	179
0	0
0	0
0	0
0	0
0	0
0	48
0	0
0	38
58	327
0	44
5	303
0	105
0	17
0	0
3	385
0	87
0	276
0	147
7	140
0	47
0	220
0	232
0	248
0	36
0	0
0	138
0	119
0	0
0	0
0	0
0	0
0	0
0	0
0	0
0	0
0	0
0	0
0	0
0	0
0	0
0	0
0	29
0	591
0	591
0	212
377	646
0	527
0	469
0	98
0	28
0	0
0	0
0	0
21	306
0	13
0	296
6	1227
11	1188
22	1223
10	1142
0	17
7	209
4	226
0	208
0	162
0	94
0	33
0	0
0	0
12	25
13	12
4	24429
0	13
0	11
58	76
0	67
0	22
0	10
0	0
0	0
0	5
0	401
273	401
0	0
0	0
24	2
0	2
0	0
201	44
0	12
0	43
0	2
23	2
0	19
0	0
199	6
10	407
0	0
0	30
37	427
0	0
50	12
0	13
7	13
24	436
2	438
15	434
0	23
0	0
0	2
0	31
0	0
0	0
0	3
23	22
0	22
0	2
2	33
0	7
0	0
81	17
0	5
0	9
77	25
0	0
0	0
0	0
6	104
3	103
6	43
0	26
0	24
0	24
0	7
0	6
0	4
0	0
0	5
0	0
34	5
119	128
0	25
12	128
0	0
0	0
0	9
29	5
0	14
0	0
230	18
0	5
0	0
0	1
0	1
0	103
0	20
0	19
0	19
0	0
0	0
0	0
0	0
12	115
0	13
6	4
0	3
0	2
1	13
0	15
0	2
9	14
4	80
0	0
25	79
0	1
6	20
0	0
0	0
0	0
0	20
20	19
0	6
11	95
0	86
4	79
0	70
0	5
0	3
0	0
0	0
52	53
0	17
4	40
0	16
7	32
1	32
0	4
0	0
0	0
7	72
0	72
1	121
42	121
1	121
0	2
0	20
29	25
0	8
0	9
0	0
9	157
0	7
0	0
0	148
0	0
0	0
0	0
0	0
0	0
154	794
0	19
0	11
0	0
0	0
17	1070
0	0
0	0
0	0
44	341
4	61
0	22
0	0
11	871
147	846
0	12
0	45
0	50
0	0
0	0
63	92184
10	616
0	276
0	49
0	515
399	4701
0	4693
57	4091
0	17
0	746
0	650
0	289
0	77
0	119
0	61
0	10
0	329
0	324
0	454
0	521
0	255
0	216
0	217
0	99
0	70
0	58
0	23
0	62
2	92
0	38
8	32
244	817
256	642
323	367
0	35
0	134
0	13
13	1011
0	69
0	695
0	644
0	788
23	105
19	746
0	714
11	400
0	116
0	89
0	467
0	125
5	432
0	255
0	383
0	119
0	36
0	31
0	198
0	189
0	0
0	16
0	0
68	121
0	105
0	65
0	0
1	3130
7	3107
15	2771
0	120
0	1780
0	1853
0	40
0	1493
0	33
0	152
0	221
0	114
0	217
0	331
0	230
0	97
0	72
7	30
0	0
0	0
2	1878
0	1356
699	1868
0	1803
10	1703
0	2496
0	1039
0	2496
0	701
0	2325
0	0
0	0
0	0
0	0
16	309
8	320
0	0
0	14
0	18
0	1
0	16
0	1
0	14
0	135
0	121
0	71
0	57
0	20
0	44
0	0
0	47
0	7
0	0
0	18
0	0
0	0
0	5
0	0
0	0
0	0
1435	5
0	788
4	1203
2387	1911
0	0
0	204
0	898
0	22
0	124
26	113
0	2379
961	2495
0	230
140	1155
441	558
0	1976
10	2576
0	0
0	0
0	0
0	0
0	0
0	0
0	0
0	0
0	0
0	0
0	0
0	0
0	0
0	0
0	15
0	7
6	27
0	15
0	0
0	2
0	6
0	8
0	1
523	414
5	267
0	128
0	91
0	1
0	0
2	653
0	31
0	192
10	651
0	4
0	515
4	118
0	66
0	109
0	160
0	376
0	65
12	447
0	53
0	11
20	72
0	0
38	2
0	2
0	0
0	0
0	2546
0	2050
0	2561
0	2062
0	2143
0	368
0	1438
6	700
0	533
0	196
0	0
15	7120
10995	45639
15	12114
14	13340
0	17791
27	5057
0	2450
0	64
32	1776
28	987
0	3216
0	3205
0	2317
1	2811
1	935
0	1282
0	1356
0	80
1214	936
0	0
0	0
0	0
0	19
0	5
0	1
0	4
0	7
0	5
0	11
6	20
0	6
0	6
0	1
0	1
0	7
0	0
0	0
0	0
0	0
22	10
2	10
0	0
0	676
0	699
0	598
0	649
25	697
2	522
0	29
0	35
0	191
0	291
0	94
0	25
0	59
0	55
0	54
0	33
0	54
0	45
0	51
0	49
0	11
0	77
0	57
2	242
2640	698
2	275
0	0
3	181
0	212
6	221
0	192
67	327
11	315
0	358
0	171
0	155
0	126
0	26
0	102
7	286
116	1089
27	1087
0	40
0	62
0	2
0	25
0	29
0	38
0	28
0	37
0	38
0	37
0	34
0	14
0	19
0	20
0	24
0	24
0	33
0	23
0	32
0	7
0	19
0	5
0	5
0	23
0	0
0	1
0	0
0	0
0	0
0	7
0	6
0	11
0	18
0	8
0	8
0	3
0	3
0	1
0	0
0	6
0	5
0	4
0	4
4	3
0	3
0	0
0	0
0	0
0	0
0	0
0	0
0	0
0	0
0	0
0	0
0	0
0	0
0	0
0	0
0	0
0	0
0	0
0	0
0	136
1	260
0	2
0	141
4	274
4	267
0	138
0	41
0	12
2	36
0	36
0	32
8	17
192	308
24	26
0	43
3	303
0	5
0	31
0	30
0	12
1012	947
62	738
10	781
16	704
0	10
10	741
0	0
122	443
87	443
0	93
0	0
0	0
77	0
0	0
0	0
0	0
0	0
0	0
0	0
0	0
0	0
0	0
0	0
0	0
0	0
0	0
0	0
0	0
0	0
0	438
0	76
0	392
0	313
0	193
0	37
7	56
0	220
0	78
0	0
0	0
0	0
0	0
0	0
0	0
0	0
0	0
0	0
0	0
0	0
0	0
0	0
0	0
327	439
0	0
6	67
1	312
2	254
0	0
1025	502
0	1
0	501
0	4
0	219
0	67
0	0
0	0
0	0
0	0
0	0
1217	0
0	0
0	0
0	0
0	0
0	0
0	0
0	0
0	0
0	0
0	0
0	0
837	350
1	350
0	0
72	1534
0	1531
0	356
9	380
4	699
0	317
0	2
0	444
0	337
0	12
0	0
911	788
0	369
0	313
0	184
8	329
1	0
0	0
0	0
0	1
0	1
0	0
0	0
0	0
0	0
0	0
0	0
0	0
0	0
0	0
0	0
0	0
0	0
0	272
59	2672
0	479
0	302
21	229
0	304
139	3099
0	300
0	3139
0	64
0	20
0	285
0	0
0	0
0	10
0	4
0	0
22	919
0	2583
7	2573
0	2673
1	3424
0	658
2	306
2	1420
0	1749
0	1117
5	40
0	543
0	88
3	1026
2	390
0	566
0	530
0	584
0	286
0	389
0	256
0	84
4	2973
0	3878
0	266
0	92
0	451
2	3867
0	20
0	139
0	320
0	112
0	1
0	975
0	202
0	22
0	0
0	0
0	161
12	200
1	194
0	114
0	67
0	136
1	100
0	55
0	41
0	30
0	7
0	0
0	0
0	0
2416	2822
0	2496
8	1264
0	850
0	767
0	762
0	682
0	528
0	409
0	723
0	0
0	0
50	1390
0	635
13	1180
0	1168
0	1231
0	0
0	469
0	5
0	106
0	725
0	648
1	978
0	3
0	135
0	0
0	592
0	344
0	1221
0	381
0	276
0	228
0	429
0	342
0	35
0	42
0	0
0	204
145	204
1351	1881
0	2078
0	1630
41	1728
0	0
0	0
0	0
0	0
0	0
0	0
0	0
0	504
0	0
11	23
0	22
0	18
0	77
0	13
0	18
24	105
0	38
0	96
6	9
0	0
64	250
0	158
0	193
0	179
0	165
0	178
0	52
0	185
0	128
0	128
0	3
0	4
0	4
0	17
0	17
0	17
0	16
0	0
0	7
0	0
0	0
0	0
0	0
0	0
0	0
0	0
0	0
0	0
0	0
0	0
0	0
0	0
0	0
0	0
0	0
0	0
0	0
0	0
0	0
0	0
0	0
0	0
0	0
0	0
0	0
0	0
0	0
0	0
0	0
0	0
0	0
12	1
0	1
0	0
0	0
0	0
0	0
0	0
20	301
11	515
0	491
0	74
0	63
0	38
0	67
0	173
0	213
0	161
0	124
8	131
0	42
0	1
0	0
0	0
0	0
0	0
0	0
0	0
0	0
0	0
0	0
0	0
0	0
0	0
0	0
0	0
1155	1249
0	0
483	1250
18	1133
0	3
1	846
0	131
0	24
2	175
0	66
0	167
0	95
0	0
24	0
136	1158
9	997
11	245
0	102
14	55
0	0
0	0
0	746
3	508
0	416
0	507
0	765
0	33
30	10
0	179
0	12
119	826
0	92
0	28
0	124
0	88
0	200
0	52
0	173
0	264
0	109
0	197
0	0
40	148
9	633
0	730
0	732
0	735
6	673
4	649
0	22
0	2
0	1
0	0
8	277
9	1619
252	1599
0	872
0	41
0	3
0	8
0	0
0	0
0	0
0	0
0	0
0	0
0	0
0	0
0	0
0	64
0	4955
0	0
0	0
0	0
0	0
0	0
0	0
0	0
0	0
0	0
0	0
0	0
0	0
0	0
0	1
0	1
0	1
1	0
0	0
0	1
0	0
0	0
0	0
0	0
0	0
0	0
0	0
0	0
0	0
0	0
0	0
0	0
0	0
0	0
0	0
0	0
0	0
0	0
0	0
0	0
0	0
0	0
0	0
0	0
0	0
0	0
14	3
0	3
0	9
0	1
0	0
0	0
0	0
0	0
0	0
0	0
0	0
0	0
0	0
0	0
0	0
0	0
0	0
0	0
0	0
0	0
0	0
0	0
0	0
0	0
0	0
0	0
0	0
0	0
0	0
0	0
0	0
0	0
0	0
0	0
0	0
0	0
0	0
0	0
0	0
0	0
0	0
0	0
0	0
0	0
0	0
0	0
0	0
0	0
0	0
0	0
0	0
0	0
0	0
0	0
0	0
0	0
0	0
0	0
0	0
0	0
0	0
0	0
0	0
0	0
0	0
0	0
0	0
0	0
0	0
0	0
0	0
0	0
0	0
0	0
0	0
0	0
0	0
0	0
0	0
0	0
0	0
0	0
0	0
0	0
0	0
0	0
0	6970
0	16246
0	1160
0	16258
0	16221
0	14850
0	804
85	17081
3	15593
0	15641
0	1968
0	17011
0	15601
0	15208
0	896
12	16204
26	9810
0	30
0	2175
0	2670
0	0
0	13444
11	6907
16	14
0	0
966	2348
0	87
0	0
26	318
27	1350
0	160
35	47
0	0
71	1408
4	2118
51	347
5	2102
24	1917
16	241
50	1234
9	335
16	103
0	0
0	0
0	0
0	0
208	560
11	560
0	275
0	274
0	0
0	0
113	4164
0	500
78	2880
50	2307
0	559
422	3989
0	352
0	81
0	514
0	60
0	430
0	183
0	76
0	695
0	405
0	0
0	0
0	15
12	15
0	0
0	389
8	7752
0	7662
67	6617
0	7274
4	7355
19	6568
114	994
48	6496
0	7772
0	655
0	631
0	557
0	591
0	50
0	16
0	0
0	0
0	0
0	0
0	0
0	0
0	0
0	120
18	217
3	360
0	51
0	209
0	0
0	9
0	24
0	6
90	1705
28	1706
0	195
1	567
39	87
0	225
0	26
0	0
2	30
28	30
0	175
163	1919
66	1652
0	48
7	440
1	357
0	84
0	70
0	0
7	135
0	43
0	0
11	72
18	684
31	709
0	266
0	23
0	4
0	1
0	3
0	230
0	299
0	294
0	103
0	0
4	348
0	102
0	12
17	12
0	0
9	0
6	35
1	39
0	40
1	215
0	442
0	346
0	413
0	110
76	1410
148	1620
0	1410
0	1410
1	1164
14	1091
41	785
55	1042
7	297
0	398
0	211
0	220
55	157
0	31
0	82
50	0
18	0
1233	160
29	160
0	91
0	0
0	0
0	0
0	0
0	0
0	0
0	0
0	0
0	0
51	1123
94	310
2	1126
11	181
0	33
5	419
0	111
0	37
0	18
2	95
0	62
0	57
0	0
1	4
1	4
0	2
0	11
0	2
17	12
0	11
0	7
0	7
0	7
0	5
0	4
0	0
0	1
0	0
0	0
0	0
0	0
0	0
0	0
0	0
0	0
0	0
0	0
0	0
48	2951
0	835
118	2666
0	2557
27	1806
0	0
15	1128
0	875
0	0
0	7037
1	7008
0	7036
38	6079
11	224
0	131
18	197
0	153
0	193
0	0
22	23
42	725
57	330
0	177
23	482
20	1304
0	235
0	74
0	51
0	0
0	0
0	0
0	0
0	0
0	13
0	136
0	88
23	40
0	43
0	13
0	106
0	92
0	65
0	13
0	155
1	15
0	29
0	76
0	66
0	152
8	83
0	141
0	117
0	65
0	65
5	13
0	4
0	6
0	20
79	1
0	1
0	0
0	0
0	0
0	0
0	0
0	0
0	0
0	0
0	0
0	0
0	0
12	1221
0	412
0	376
55	1184
0	399
0	328
12	152
2	1167
0	121
0	345
5	343
0	246
0	539
0	423
0	491
0	167
0	169
15	369
0	362
0	67
0	143
0	0
0	131
0	149
0	119
11	136
0	0
0	0
149	18
0	8
0	6
29	755
0	422
0	0
15	366
110	1076
78	939
0	0
0	403
477	403
29	394
0	28
0	49
0	41
0	38
0	28
0	0
0	129
0	0
0	14
0	0
0	16
0	122
0	0
0	14
0	16
0	21
0	2
1	259
0	116
0	243
0	6
0	16
0	46
0	16
0	16
2	28
0	59
0	30
0	2
0	18
0	41
0	1
1	32
0	19
0	0
0	0
0	0
0	0
0	0
0	0
3095	1139
0	918
0	221
0	20
0	195
6	171
0	40
0	56
0	24
0	194
0	2
0	163
0	129
0	28
5	39
0	179
2	99
0	23
0	26
8	15
0	27
5	62
7	47
0	2
0	48
7	107
7	18
60	19
0	1
0	64
0	36
3	93
25	35
0	54
0	19
0	0
79	0
0	7
0	0
0	0
0	0
0	0
0	0
0	0
0	6
6	78
1	50
10	8
0	11
0	9
0	59
0	3
0	14
13	4
0	0
0	0
0	0
120	761
3	399
14	11
0	253
0	262
17	426
0	0
0	50
0	55
0	72
0	72
0	55
0	1
1	71
69	56
0	45
0	33
0	12
0	2
305	2460
0	207
0	140
0	186
0	228
109	1895
0	0
24	22
0	21
0	16
0	17
0	0
0	1
0	1
0	0
0	0
0	79
7	400
0	11
0	48
0	119
0	65
0	52
0	76
0	82
0	55
0	30
0	356
0	86
0	1
0	2
0	72
0	85
0	83
0	54
0	22
0	69
0	0
0	555
0	580
0	580
0	139
0	38
0	6
0	74
0	3
0	1
0	10
0	26
0	110
0	17
1	582
0	6
0	58
0	52
0	204
0	108
0	181
0	532
0	85
0	2
0	3
0	43
0	4
0	580
0	115
0	543
0	26
0	38
0	0
0	52
0	80
0	82
0	80
0	0
0	0
0	0
0	0
2	9
0	9
0	9
22	414
231	894
0	792
4	658
6	242
0	124
0	28
3108	27832
0	20306
2	12055
48	1198
15	19616
40	22812
37	6077
0	0
0	0
0	0
0	0
34	883
0	20
5	867
0	313
0	12
0	0
0	0
7	12
0	0
9	152
0	14
0	0
0	25
0	153
0	1
0	13
0	110
0	12
0	0
0	359
0	234
0	0
0	0
3	662
15	656
65	252
0	23
0	27
0	12
0	4
1023	290
1	213
0	12
0	8
0	17
0	52
15	747
0	513
0	176
0	381
0	0
0	8
0	39
0	8
0	9792
0	1738
588	9045
76	5158
58	1855
0	132
0	1287
0	1739
14	136
0	102
0	20
0	21
0	0
0	0
0	0
0	19
0	19
0	9
0	10
0	9
0	11
0	6
0	6
0	2
0	6
0	0
0	0
0	0
0	0
0	2
0	0
0	0
0	0
0	0
0	0
0	0
0	0
0	0
0	0
0	0
0	0
0	0
775	173
0	173
0	0
0	0
58	2152
152	1986
13	1623
149	540
0	167
0	28
0	0
1231	426
0	126
0	102
8	369
0	279
0	243
13	55
0	8
0	10
0	0
0	0
0	18
39	18
0	0
0	0
7	54
1	54
0	0
0	96
0	441
2	446
0	84
0	134
0	17
0	82
0	0
7	98
0	95
0	41
0	6
0	77
5	240
2	173
0	219
2	238
4	212
0	66
0	70
4	210
0	189
2	192
0	190
0	75
0	7
12	23
0	3
0	4
0	96
32	956
0	943
0	40
12	367
0	28
0	3
0	179
0	0
0	0
0	0
0	4642
2	2904
12	4439
0	4542
16	4803
0	3562
0	946
1	359
0	116
9	1530
0	1258
0	886
0	817
0	0
0	0
0	1745
1	1715
63	1792
0	450
0	0
21	1349
0	329
10	1196
3	842
1	197
0	685
6	577
0	9
62	1851
1	263
0	445
0	132
53	50
0	93
0	11339
3449	13116
17	12795
0	1
1486	13183
13	13305
23	721
0	12766
14	9929
21	13039
18	13115
0	9227
0	2877
0	1162
1	94
0	0
0	6
2	6
0	0
0	144
13	171
2	168
1	122
0	87
0	201
0	26
20	84
0	0
0	0
0	0
0	0
0	0
0	0
185	49
0	3
0	4
3	41
0	4
0	12
2	54
3	52
0	51
0	36
0	0
0	0
0	0
0	0
93	3229
15	3173
0	145
0	39
0	93
0	185
0	150
0	159
0	120
0	209
0	32
5	1917
4	1450
0	0
0	0
0	0
0	0
0	0
0	0
0	32
272	3284
12	2229
0	313
4	2744
30	1434
7	2018
0	861
12	464
0	107
0	42
0	318
0	0
26	929
0	863
0	83
0	46
0	181
0	735
0	81
0	181
6	828
0	177
0	148
0	69
0	254
1	211
0	0
0	0
0	0
0	0
0	0
0	0
0	0
0	0
0	0
0	0
0	0
0	0
0	0
0	0
20	91
181	2122
39	1754
0	70
0	36
0	1668
41	1755
0	57
4	1897
1	2031
7	1908
0	106
0	1342
0	291
0	82
13	747
1	759
0	319
0	14
0	139
2	732
3	451
0	176
0	45
0	317
0	245
0	5
0	312
0	123
0	95
4	670
0	99
0	120
0	183
0	13
22	101
0	31
173	103
0	1
0	0
0	2
8	211
34	424
0	386
0	347
0	278
0	262
0	69
0	66
0	204
0	99
0	137
0	90
0	81
0	0
0	10
0	284
0	330
0	327
0	349
0	257
0	167
0	53
0	42
18	228
0	306
1	290
21	177
0	111
6	59
0	82
0	146
0	12
4	110
22	55
0	27
0	14
0	161
0	639
0	544
0	272
16	589
0	311
2	236
31	570
44	399
0	185
0	84
0	0
11	178
0	24
0	33
5	139
2	296
3	223
3	151
0	64
0	119
0	5
62	31
0	24
0	2
0	6
0	0
0	0
0	0
0	0
0	0
0	0
0	0
0	0
0	0
0	0
2	460
34	627
0	449
0	653
0	574
0	246
0	100
3	83
0	98
1	109
0	56
1	94
0	18
0	82
0	20
297	841
0	33
0	0
0	0
0	77
1	86
0	41
5	704
0	575
0	129
0	2
13	585
0	46
0	30
0	507
0	37
0	50
0	2363
21	491
0	281
24	226
0	0
0	163
33	2387
0	144
8	2320
0	77
133	1671
0	0
0	0
0	0
0	103
6	56
17	99
3	1122
139	1544
0	538
0	15
252	547
0	253
247	361
14	548
0	767
0	6
13	7
0	6
0	0
0	0
0	0
0	26
2	72
22	87
1	48
16	5
0	0
0	0
0	129
5	129
4	132
0	5
0	3
0	5
0	5
6	8
0	2
298	1463
6	1380
0	144
0	114
8	163
0	449
0	198
0	162
10	104
4	1530
0	518
0	831
0	753
43	1537
0	91
0	52
0	69
0	157
0	175
0	213
0	96
0	122
0	6
0	58
6	354
8	243
337	379
2	286
17	223
0	57
0	26
0	0
0	0
234	0
0	0
1	8
6	10
0	7
0	2
0	2
0	0
0	0
0	2
0	0
0	0
0	1
6	13
0	0
1	698
0	684
0	118
11	131
13	60
0	233
0	192
17	93
0	35
0	52
61	69
0	0
39	0
1	0
4	78
107	361
3	328
0	3
0	115
0	0
0	0
7	0
0	0
3	82
0	65
0	7
0	0
194	60
0	41
45	57
0	18
0	0
0	0
0	0
0	8
0	139
5	146
0	9
0	123
0	9
0	85
0	68
1	69
0	19
0	10
0	5
0	0
0	0
0	0
0	0
17	101
3	80
0	24
63	21
0	0
9	2
0	0
0	0
0	14
0	12
0	0
0	2
0	0
8	0
32	0
0	0
0	0
21	18
294	18
0	0
0	0
44	0
66	18
24	18
0	0
0	16
0	0
0	0
0	0
0	0
0	0
0	13
1	40
2	59
103	122
30	43
0	43
0	67
30	0
0	0
0	0
0	0
0	0
0	0
0	0
16	0
141	56
0	35
0	9
10	15
2	41
0	0
0	0
30	152
1	131
0	5
58	44
0	8
4	8
84	0
0	0
6	2
0	2
29	2
0	0
0	0
0	0
0	16
0	14
0	37
0	37
0	37
16	356
0	40
0	6
0	248
0	96
0	229
0	35
0	83
13	305
0	0
0	0
0	0
0	0
2317	496
0	296
0	278
0	174
29	102
0	200
0	0
0	0
0	0
0	21
18	46
0	20
261	354
0	24
0	326
0	331
0	358
7	274
1	0
0	0
0	0
30	0
17	174
0	42
0	18
492	216
6	60
0	15
0	8
0	0
0	9
0	0
0	0
0	0
0	0
15	0
167	255
11	255
0	34
0	2
0	0
51	205
39	203
0	88
25	45
0	8
0	0
91	0
0	1
17	156
0	0
0	17
0	152
28	1
11	0
0	0
20	13
0	0
1	7
2	13
45	8
0	13
0	16
0	4
0	21
19	9
9	12
12	40
95	171
1	1
0	34
0	0
0	0
0	165
0	0
8	5
0	0
0	0
0	0
0	0
0	0
0	0
0	0
0	0
0	0
0	0
0	0
0	0
267	318
5	288
4	211
0	10
4	42
0	0
0	0
0	0
0	0
0	0
0	0
0	0
136	407
1	411
11	382
5	387
0	35
0	3
6	8
0	11
87	6
0	3
0	4
0	0
5	16
0	13
9	69
0	69
0	2
0	4
0	0
0	0
21	0
0	0
0	0
0	0
1	64
0	3
0	1
0	62
2	5
0	0
0	3
0	0
0	0
0	0
0	6
0	0
0	0
0	0
0	0
0	0
0	0
0	0
0	0
0	0
0	0
0	0
0	9
0	0
0	0
0	0
0	0
0	0
0	0
0	0
0	0
0	0
0	0
0	0
0	0
0	0
0	0
0	0
0	0
0	0
0	0
0	0
0	0
0	0
0	0
0	0
0	0
0	0
0	0
0	0
34	9
0	0
0	0
0	0
0	0
0	0
0	0
0	0
0	0
0	0
0	0
0	0
0	0
0	0
0	0
0	0
0	0
0	0
0	0
0	0
0	0
0	0
0	0
0	0
0	0
9	0
0	1
82	1
0	0
0	0
0	0
0	0
0	0
0	0
39	62
0	4
0	6
0	60
0	0
73	7
0	4
0	3
10	31
5	10
0	11
0	10
0	23
0	3
0	7
0	13
0	0
0	0
0	0
0	0
0	0
0	0
0	0
0	0
0	0
0	25
7	9
6	32
8	45
0	55
148	400
0	325
0	30
0	0
0	0
0	0
0	16
15	17
0	4
0	4
0	5
0	5
0	4
0	1
0	0
0	0
0	0
0	0
0	35
0	37
0	37
3	188
55	131
0	39
0	25
13	32
4	37
0	0
1	17
0	0
202	10
0	10
0	8
0	0
0	0
11	0
0	0
0	0
0	0
0	0
83	31
0	32
65	32
0	30
0	30
11	23
0	2
0	0
41	0
0	0
0	0
1	909
0	859
2	824
0	107
0	63
0	955
0	43
0	0
10	13
0	13
1	0
0	0
0	0
0	0
0	0
0	0
0	0
19	0
0	16
41	31
0	0
36	15
0	16
0	16
0	0
26	12
0	20
0	0
0	0
0	4
33	14
0	7
0	0
4	10
0	2
0	0
0	0
0	0
0	0
0	4
0	0
7	0
0	0
1	11
0	0
0	0
0	0
0	0
0	0
0	0
0	0
0	0
0	0
0	0
0	0
0	0
0	0
0	0
0	0
0	0
0	0
0	0
0	0
0	0
0	0
0	0
0	0
84	0
0	0
0	0
0	0
0	0
0	0
0	0
0	0
0	0
0	0
0	0
0	0
0	0
0	0
0	0
0	0
0	0
0	0
0	0
0	0
0	0
2286	203
0	0
0	0
0	0
0	0
0	0
0	0
0	0
0	0
0	0
0	0
0	0
0	650
0	0
66	107
0	142
103	464
0	191
16	407
0	32
0	82
0	130
0	254
0	31
35	373
84	71
0	71
0	13
0	43
0	474
0	472
0	419
12	397
0	238
0	125
0	103
0	5
29	7
108	2323
3	544
0	2174
0	1894
0	0
0	1078
5	1278
0	0
2	0
0	0
166	6949
0	27
0	602
0	0
0	0
343	10568
641	10502
0	1015
0	1431
0	1536
0	741
209	3370
62	26
1	7
0	0
0	0
0	0
0	0
0	0
0	0
0	0
0	0
0	0
0	0
0	0
0	0
0	0
0	0
0	0
0	0
0	0
0	0
0	0
0	0
0	0
0	0
0	0
0	0
0	0
0	0
0	0
0	0
0	0
0	0
0	0
0	0
0	0
0	0
0	0
0	0
0	0
0	0
0	0
0	0
0	0
0	0
0	0
0	0
0	0
0	0
0	0
0	0
0	0
0	0
1046	3894
246	1898
29	3851
0	2492
0	389
0	0
15	5
0	5
0	20
0	20
0	501
2	479
2	501
0	29
0	49
8	195
21	377
0	21
0	18
0	26
0	0
121	1215
81	461
0	681
0	163
0	0
111	771
2	642
0	133
1113	550
0	2
0	131
11	412
0	4
0	110
0	169
0	112
0	31
0	0
0	0
0	0
0	0
0	0
102	0
774	0
15	0
0	0
0	5
0	0
0	22
14	25
0	4
0	0
0	0
0	0
0	0
0	0
0	0
0	0
0	0
0	0
0	15
248	753
30	578
22	683
0	314
0	150
0	12
290	36
0	36
0	0
2	24
0	28
25	48
0	27
0	28
0	12
0	205
18	237
0	164
0	44
0	28
0	10
0	5
0	0
0	0
136	288
0	100
0	48
12	140
0	0
0	0
0	0
0	0
0	0
0	0
0	0
0	0
0	0
0	0
0	0
0	0
0	0
0	0
0	0
0	0
0	0
0	0
0	0
0	0
0	0
0	0
0	0
0	0
0	0
49	718
5	718
0	608
0	2102
0	448
0	710
0	1578
0	1468
0	452
0	317
0	475
0	807
0	250
0	10
0	125
0	0
4	5
0	0
0	0
0	0
0	0
0	0
0	0
0	0
0	0
0	0
0	0
0	0
0	0
0	0
0	0
0	0
0	0
0	0
0	0
0	0
0	0
0	0
0	0
0	0
348	2012
591	14641
800	22227
0	22358
115	4898
27	17749
112	2377
0	2172
326	89
0	17
0	7
0	12
0	30
0	13
0	41
0	20
0	0
0	620
0	1474
0	1709
0	1695
1	24355
2	18814
0	5246
0	2773
0	3880
0	1405
0	25073
0	3469
0	2181
0	3453
0	24633
9	18245
0	16069
31	19830
0	0
38	3683
0	11644
28	2976
0	225
0	61
5	361
2	305
0	42
6	170
0	42
0	0
0	0
24	358
37	1076
290	1805
205	843
80	29
37	1739
0	122
5	204
7	406
0	0
43	1
0	1
0	0
0	3
0	0
0	0
0	0
0	0
0	0
0	0
0	0
0	0
0	0
0	0
0	0
12	18
0	18
0	14
0	96
0	264
0	12
0	11
0	9
5	265
0	24
0	272
2	273
0	17
0	3
0	253
1	259
12	256
0	0
9	0
0	0
10	71
9	77
0	4
0	2
1	70
6	71
0	13
51	13
2	18
0	14
0	0
0	0
0	0
0	0
0	0
0	0
0	0
0	0
0	0
0	0
0	0
0	0
0	0
0	0
0	0
0	0
0	0
0	38
0	40
0	6
2	32
0	28
0	0
38	0
32	74
0	74
2	2419
9	494
3	2255
50	2142
0	30
215	2232
18	532
3	396
0	242
0	5
4	76
0	49
12	1155
0	0
0	0
0	0
0	0
0	0
0	0
0	0
0	0
0	0
0	0
0	0
0	0
0	0
0	0
0	0
0	0
0	0
0	0
0	0
0	0
0	0
0	0
0	0
0	0
0	0
0	0
0	0
0	0
0	0
0	0
0	0
0	0
0	0
0	0
0	0
0	0
0	0
0	0
0	0
0	0
0	0
0	0
0	0
0	0
0	0
0	0
0	0
0	0
0	0
0	0
0	0
0	0
0	0
0	0
0	0
0	0
0	0
0	0
0	0
0	0
0	0
0	0
0	0
0	0
0	0
0	1307
231	7889
21	13380
0	8402
124	11754
0	11856
0	6688
182	12116
0	8869
13	12094
0	3761
0	3008
0	5649
0	0
0	0
0	154
6	419
0	531
0	528
0	16
80	491
0	508
0	280
2	365
0	452
0	148
0	136
0	17
0	21
0	0
0	0
69	2044
0	2357
6	1814
7	590
0	131
39	1221
0	184
0	13
5	2128
0	472
11	1335
0	167
23	424
4	1227
3	992
0	358
0	0
0	0
0	1
0	0
0	0
0	0
0	0
0	0
0	0
0	0
0	0
0	542
0	609
0	492
0	790
4	5986
0	733
0	880
17	36
0	734
111	638
15	686
90	933
0	936
37	1476
0	463
8	946
0	652
0	877
0	854
0	6598
9	6690
0	7797
13	36
19	849
2	490
0	392
12	5921
0	5727
0	4454
0	1075
119	287
15	1287
0	277
0	8
29	0
0	0
18	0
0	0
0	0
0	0
0	0
3	10
0	0
0	0
0	0
0	0
0	0
0	0
0	0
0	0
0	0
0	0
0	0
0	0
0	0
0	0
0	0
0	0
0	0
0	9
0	26
0	18
0	35
0	32
0	53
0	35
0	61
0	26
0	35
0	47
0	33
0	72
0	33
0	20
0	38
0	1
0	4
0	1
0	8
0	12
0	28
0	24
0	12
0	19
0	20
0	0
0	2
0	0
0	28
0	20
0	19
0	19
0	19
0	8
0	19
0	35
0	15
0	12
0	3
0	0
0	28
0	8
0	2
0	7
0	4
0	7
0	8
0	3
11	3
0	3
0	0
0	0
0	0
0	6
0	3
4	10
0	3
0	3
0	5
0	17
0	3
0	3
0	1
0	0
0	1
0	0
0	0
0	0
0	0
0	0
0	1
0	0
0	0
2	93
0	258
0	25
71	197
0	10
2	3007
0	1071
22	2389
0	2183
0	461
0	117
30	755
0	1717
0	1903
0	0
0	0
0	0
0	0
83971	0
0	0
0	0
0	0
0	0
4	370
0	1
0	389
1	498
0	527
0	26
0	498
0	18
0	96
6	1229
105	1235
0	1079
0	493
65	542
0	390
11	1129
0	12
0	20
0	8
0	26
0	19
3	26
0	25
0	1
2352	2009
0	2009
0	1514
0	64
0	0
0	0
0	0
0	0
0	0
0	0
0	0
0	1704
0	0
0	41
75	0
0	1704
78	1453
1037	323
0	0
2	69
29	256
16	129
173	3077
251	1412
175	1372
37	2629
0	2530
0	0
84	1036
8	377
0	555
39	112
0	0
45	2691
0	24
0	28
0	80
0	57
0	36
0	36
0	43
0	40
0	49
0	14
0	75
0	43
5	93
3	48
0	97
0	47
0	15
0	10
0	1
0	2
0	5
83	484
84	229
82	396
9	98
0	22
0	5
0	6
0	32
0	0
0	16
0	16
0	1
0	0
6	23
0	8
0	0
0	0
0	0
0	0
0	44
4	190
0	70
0	5
0	65
68	241
0	58
0	9
26	46
0	46
0	3
0	40
0	12
0	16
0	46
0	68
0	81
15	3
0	4
3	87
0	2
2	86
0	54
0	5
0	11
0	28
0	5
0	0
0	54
0	5
0	2
0	0
0	0
0	0
0	0
0	0
0	0
0	0
0	0
0	0
0	0
0	0
0	0
0	0
0	0
0	0
0	0
0	0
0	0
0	0
0	0
0	0
0	0
0	0
0	28
0	27
0	27
0	28
0	6
0	13
0	10
0	4
0	9
0	2
0	1
0	0
322	178
0	427
0	413
5	165
0	85
0	56
0	53
22	125
0	6
0	10
21	2
166	121
43	119
0	0
0	0
0	0
0	0
0	0
0	0
0	0
0	0
0	0
0	0
23	86
0	4
0	82
0	0
0	0
0	0
185	0
0	0
0	0
0	0
0	0
0	0
0	0
0	0
0	0
0	108
0	29
0	35
0	96
0	129
54	96
32	71
1	249
0	155
0	212
0	73
0	29
0	156
0	62
0	69
0	142
0	72
0	13
0	28
0	17
33	0
19	19
0	16
0	2
0	1
0	1
0	3
20	65
7	47
0	11
0	10
0	187
19	634
0	16
31	583
6	632
0	95
0	175
0	21
0	0
0	0
0	0
51	151
16	383
0	68
114	153
0	122
0	178
0	7
0	64
1	613
3	89
0	85
2	334
28	313
0	10
0	257
0	0
0	270
0	456
0	89
0	107
9	91
0	41
3	12228
0	1937
0	9789
0	9942
9	9689
0	3
0	5050
74	12227
0	1933
0	5081
0	8012
234	4358
60	3130
0	1240
0	2972
36	3544
0	654
0	0
0	0
0	0
0	0
0	0
0	0
0	1
0	3
0	1
0	1
0	0
0	0
0	0
0	0
0	0
10	2819
0	351
0	371
141	2802
0	132
0	0
0	0
0	0
0	0
0	0
0	0
0	0
0	26
0	0
0	11
0	0
0	65
0	58
134	24
0	0
252	0
0	0
0	0
0	0
3	0
42	188
53	188
0	0
1	19
32	111
0	78
0	72
0	81
0	23
0	8
0	0
0	0
0	1
0	0
45	0
0	0
59	380
0	380
3	329
1	331
0	4
0	0
0	0
0	0
38	95
0	95
0	5
0	5
0	5
221	18
0	16
10	10
91	6
0	3
0	4
0	100
0	0
0	0
50	141
0	0
3	140
10	111
0	20
0	25
0	1
18	97
0	0
0	24
0	98
0	84
0	70
0	63
0	71
0	7
0	3
0	3
0	3
0	1
0	3
0	0
0	28
0	23
67	28
16	9
10	186
0	177
0	141
0	177
0	0
0	0
0	5
0	197
3	200
6	12
0	11
31	13
0	0
0	0
0	0
0	0
39	167
0	167
0	195
0	167
4	108
0	57
0	54
0	5
1	59
0	54
0	0
0	3
0	35
0	0
0	0
0	59
0	4
0	54
0	0
0	1
0	0
0	0
0	10
0	11
0	0
262	82
0	82
1	16
0	0
0	22
0	0
0	82
0	95
0	28
0	12
0	54
0	111
0	26
0	89
1	0
0	6
0	0
0	1
0	1
7	9
0	11
0	19
0	18
0	18
1	149
0	39
135	160
0	3
0	11
0	0
0	0
0	0
0	3
0	3
0	109
1	34
0	31
0	458
0	512
0	248
0	125
0	0
0	30
0	28
0	30
0	0
0	0
0	6
22	7
0	2
0	1
0	1
11	119
0	0
7	121
13	146
106	136
0	17
0	29
0	0
0	0
0	0
0	0
0	0
0	0
0	0
0	0
0	0
0	0
0	0
6	615
0	1
11	20
0	24
1	641
0	20
0	1
5	24
0	12
0	51
3	27
0	24
0	9
0	11
6	692
0	3
0	7
0	462
0	650
0	57
0	0
8	646
0	8
0	0
0	10
0	2
1	457
0	0
0	0
0	3
0	4
0	7
0	103
0	15
48	110
0	12
0	0
1	238
7	248
0	128
0	49
0	12
0	12
0	0
0	2
0	0
0	104
0	2
159	112
5	94
0	21
0	9
0	7
0	7
0	26
0	17
0	9
0	0
1	71
0	66
0	5
1	174
45	25
0	75
0	155
79	205
0	3
0	5
18	5
0	0
0	0
0	5
0	5
0	0
0	0
1	6
0	1
0	1
0	1
0	0
0	0
0	12
2	7
0	0
0	2
0	11
0	0
0	5
0	0
0	11
0	8
7	3
3	30
4	27
0	30
0	24
0	0
0	7
31	532
26	530
2	28
0	39
0	21
0	0
0	2
0	0
0	3
0	2
0	0
0	0
0	0
0	0
0	3
0	43
0	0
0	0
13	619
9	563
0	77
0	23
3	45
132	0
0	0
0	37
9	42
0	39
1	42
0	37
0	37
0	37
0	5
0	0
0	0
0	1
0	2
0	2
0	1
0	0
0	0
0	0
0	0
0	0
0	56
0	0
7	9
0	0
0	1
0	1
0	0
0	0
0	7
0	0
0	0
0	0
0	0
0	0
0	0
353	197
0	0
0	7
0	0
0	13
0	0
15	108
0	27
0	5
0	11
5	28
0	10
0	0
0	0
0	0
0	0
0	0
0	0
0	16
0	22
0	19
0	22
0	12
0	12
0	12
0	7
0	12
0	1
0	8
0	2
0	0
0	7
0	3
0	1
0	1
0	2
3	75
3	64
0	57
0	14
0	11
0	3
0	28
0	7
0	7
0	3
0	0
0	0
0	0
0	0
0	0
0	5
0	3
0	0
0	0
0	0
0	0
0	0
2	1117
0	911
0	1115
0	273
8	1113
0	579
10	1064
1	1064
0	0
0	857
0	93
0	464
2	701
0	784
0	127
0	191
206	0
0	0
0	0
0	0
0	0
0	0
0	0
0	0
0	0
0	0
0	0
0	0
0	0
0	0
0	0
0	0
0	0
0	0
0	0
0	0
0	3583
0	3583
0	217
0	3582
0	392
0	2150
0	1616
0	1453
0	552
0	17
0	0
0	0
0	0
0	0
0	0
0	0
0	1
0	1
0	1
27	1
0	1
0	1
0	0
0	22
15	38
0	14
0	73
3	2
0	2
32	59
0	0
0	6
0	27
0	0
0	0
0	0
0	0
0	0
0	0
0	0
0	0
0	0
0	0
0	0
0	0
0	0
0	0
0	0
0	0
0	0
0	0
0	0
0	38
0	39
0	1
0	15
0	6
0	0
0	3
0	0
0	0
0	0
0	0
0	0
10	52
41	3507
1	1795
37	3560
24	3768
0	21
8	1615
0	177
0	827
0	306
4	423
0	295
15	1
0	339
17	426
0	0
4	2659
2	3212
365	4585
0	1995
7	1995
0	1984
0	1990
11	3909
7	953
75	1917
0	1868
24	2350
0	0
1	777
77	2424
0	6714
59	3343
0	66
50	2101
22	666
10	330
0	3
1	3070
16	883
0	251
0	0
0	476
0	381
0	230
0	215
0	142
0	119
0	12
0	0
0	0
0	0
0	0
0	0
0	0
0	0
0	0
0	0
0	0
0	0
0	0
0	0
0	0
0	0
0	0
0	0
0	0
0	0
0	0
0	761
831	3726
0	793
3	2494
0	2758
11	2154
7	1825
0	1968
0	2010
0	2201
0	14
0	0
0	663
0	0
0	0
0	299
0	0
0	3678
0	3
0	0
215	9468
8	2736
47	1155
257	9479
27	8478
4	5660
34	5443
0	8685
0	90
23	3267
20	2811
0	2606
0	2158
2	1561
7	0
450	154
0	743
0	511
33	800
0	67
0	43
0	0
0	1
0	46
0	54
0	0
0	678
23	260
1	734
10	808
0	864
3	536
0	5
0	401
0	258
0	288
0	251
0	175
0	150
0	96
0	35
0	20
0	73
0	69
0	0
0	310
1	371
0	708
0	99
87	571
0	477
0	0
0	0
0	98
1	566
5	381
16	419
0	87
0	367
0	6
0	212
0	13
0	47
0	36
0	67
14	68
0	48
0	374
81	798
0	0
230	739
142	739
39	0
9	9
0	6
0	9
0	2
0	1
0	0
0	1
0	0
0	52
17	52
5	34
0	7
0	7
0	0
0	0
0	0
0	0
0	0
0	0
0	0
0	2
0	96
3	183
0	12
0	189
0	0
0	192
0	173
0	6
0	190
0	37
0	33
0	0
0	0
0	0
0	0
0	0
0	0
0	0
0	0
0	0
0	0
0	0
0	0
0	0
0	0
57	6
0	6
12	577
177	863
0	186
13	496
1	396
0	745
5	469
39	744
0	362
15	33
22	181
0	28
0	0
2	139
3	1804
6	2828
13	10
0	504
0	2816
0	2750
0	103
0	687
0	226
0	0
0	199
10	37
652	0
0	0
368	1138
0	1000
0	1
0	550
0	6
0	177
0	68
0	39
0	309
1	402
0	402
0	29
28	258
0	338
9	64
71	1312
2	89
0	1312
0	56
0	0
217	881
1	13
4	731
0	2
0	276
0	26
23	825
0	93
0	11
0	0
0	21
0	25
0	24
0	25
0	48
0	4
26	8118
3	8513
2139	16838
8	8444
0	1354
1033	8917
0	1715
12	3600
0	78
0	0
0	4364
0	4360
0	4303
6	204
0	287
0	201
0	204
16	4362
0	4419
0	216
0	204
0	0
0	313
0	5
51	2146
0	194
0	5
0	426
0	992
0	1193
0	723
0	1131
0	466
0	44
0	246
0	336
0	347
0	66
0	62
0	258
0	404
0	422
0	1
28	722
0	130
1	509
140	115
0	41
0	2
0	3
0	0
0	0
0	2
0	0
0	0
0	0
0	0
0	0
90	5
0	0
0	5
0	0
201	0
0	0
0	0
0	0
0	0
0	0
0	0
0	0
0	0
0	0
0	0
0	0
0	0
0	0
0	0
0	0
0	0
164	920
0	708
1	807
3	242
21	48
0	2
218	0
0	0
418	479
2	327
1	360
0	0
0	0
0	0
0	0
0	0
0	163
0	166
0	163
0	133
3	136
0	15
0	50
0	33
0	6191
45	8235
26	3033
10	4982
270	6293
11	6343
10	5061
0	2555
14	2668
12	1928
0	1400
17	27
0	27
0	2
0	0
0	5160
112	1451
9	1213
59	1210
5	1237
7	760
0	77
0	0
0	12
0	4
0	0
0	8
2	106
52	118
0	0
0	11
0	0
0	7
37	0
0	309
0	309
6	134
0	0
0	15
0	4
0	4
0	35
108	336
2	119
1	256
0	216
0	250
0	126
0	53
0	14
0	52
0	54
9	45
11	0
0	0
72	80
0	3
0	24
0	11
0	53
0	8
9	2
0	10
0	0
0	0
0	0
0	0
0	0
0	0
0	0
0	0
0	3134
0	2698
29	1627
22	2865
0	375
1	1950
0	636
0	160
27	1764
0	1395
0	110
13	1599
0	654
0	566
0	20
0	7
0	305
0	304
0	195
0	0
0	257
0	572
12	692
0	227
10	432
0	266
0	570
14	447
13	433
0	366
0	367
0	362
0	352
0	315
43	120
0	267
6	237
1	225
0	227
0	108
0	0
4	0
0	0
0	0
0	0
36	261
0	56
33	258
0	160
3	30
7	180
0	53
0	43
0	8
0	0
0	0
0	66
0	5
0	212
5	98
0	941
0	962
28	60
0	192
0	1009
0	75
8	970
0	98
0	305
0	1006
0	110
0	260
0	0
0	15
0	177
0	17
0	26
0	111
0	176
0	33
58	0
0	0
9	56
1	56
0	0
132	0
0	0
8	227
39	227
0	26
15	74
0	19
0	0
0	256
0	135
104	397
4	282
0	291
0	263
0	0
0	0
0	0
0	0
0	0
0	0
0	0
0	0
0	0
0	0
0	0
0	0
0	0
0	0
3	2863
0	438
0	2444
0	635
0	611
0	115
0	2343
0	75
0	31
0	134
0	181
0	0
0	2597
0	411
0	2156
0	3
1	409
3	372
0	514
0	607
0	515
0	579
0	365
0	408
4	684
0	363
0	359
0	84
0	0
0	274
0	1
0	270
0	1
0	7
0	0
1	270
0	3
2	258
0	7
0	2
0	7
0	232
0	23
0	9
0	9
0	8
0	122
0	16
0	29
0	272
0	28
0	19
0	15
6	215
0	8
0	87
0	44
0	8
0	17
0	12
0	14
0	30
13	12
0	5
0	11
0	2
0	7
0	0
58	112
0	112
0	89
0	26
0	25
0	43
0	12
0	11
0	11
0	0
0	0
0	375
20	191
7	273
0	101
4	70
0	5
0	60
0	73
0	101
0	29
0	29
0	6
0	35
2	33
0	24
0	15
0	0
0	0
249	22
0	22
637	3553
0	3569
79	1524
0	171
0	219
0	313
0	578
72	564
0	288
0	14
18	768
363	2475
0	201
6	643
0	617
0	1173
114	1135
0	1009
0	418
0	417
11	198
0	0
0	0
0	0
0	0
0	0
0	0
0	0
0	451
32	407
0	44
0	543
2	52
0	225
0	145
11	451
0	154
0	18
0	928
0	255
0	2
0	525
0	2
0	525
0	525
0	2
0	2
0	2
0	2
0	2
0	98
60	512
18	492
0	573
0	390
0	200
0	96
0	32
0	0
0	0
0	0
0	0
0	0
0	0
57	0
0	0
0	0
0	0
0	0
0	0
0	0
0	0
0	0
0	0
0	0
0	0
0	0
0	0
0	0
0	0
0	0
0	0
0	0
0	0
0	0
0	0
0	0
0	0
0	0
0	0
0	0
0	0
0	0
0	0
0	0
0	0
0	0
0	0
0	0
0	0
0	0
0	0
0	1
0	0
0	0
0	0
0	0
0	0
0	0
0	0
0	0
0	0
0	0
0	0
0	0
296	9742
0	8732
0	1323
0	3737
0	743
14	10005
0	7262
39	8723
0	22
0	8080
0	1851
23	1197
0	8295
0	1629
26	8644
0	223
0	62
5	7122
0	731
0	0
0	0
0	3132
0	0
0	183
2881	294
0	5
0	111
1004	25
34	5
29	20
0	10
7	1894
12	91
0	41
0	41
41	71
0	62
0	55
0	55
0	97
0	34
0	39
0	52
0	3
0	7
0	3
27	18
0	18
0	3
0	0
154	614
0	10
0	394
0	213
0	70
355	2033
0	475
31	886
3	1617
0	226
0	422
0	375
2	358
0	0
0	0
0	0
0	0
0	0
2	657
28	711
0	933
0	768
0	128
0	444
0	375
0	444
0	85
0	78
0	19
0	88
0	73
0	125
0	71
0	0
0	0
0	0
0	0
0	0
0	0
0	0
0	0
0	0
0	95
0	0
29	0
0	0
284	230
24	250
18	144
49	125
26	4
332	0
16	4
1	229
0	1603
0	852
0	950
0	683
0	613
13	222
0	0
0	0
0	0
0	0
0	0
0	0
0	0
0	0
0	0
0	0
0	0
0	0
0	0
0	0
0	0
0	0
0	0
0	0
0	0
0	0
0	0
0	0
0	0
0	0
0	0
0	0
0	0
0	0
0	0
0	0
0	0
0	0
0	0
0	0
0	0
0	0
0	0
1	1
0	0
0	0
0	0
0	0
0	0
0	0
0	0
0	0
0	0
0	0
0	0
0	0
5798	15404
23	861
5920	856
24	14833
1070	14506
216	943
1008	14808
41	175
4485	2692
0	1655
275	1629
1	2295
16	75
5	2172
7	2276
0	1
0	2072
8	1801
0	2278
0	100
7	114
9	91
0	1186
113	1208
0	453
0	414
0	461
0	24
0	3
0	0
0	104
0	0
0	0
0	0
12	0
0	26
0	278
0	166
35	465
0	63
0	59
0	401
0	243
0	129
0	119
0	125
0	7
0	8
0	8
0	8
0	8
0	1
0	0
0	0
0	0
0	0
0	0
0	0
0	0
0	0
0	0
0	0
0	0
0	0
0	0
0	0
0	460
24	460
0	44
19	460
0	71
58	1170
4	1184
0	1003
0	1119
1	965
140	907
0	722
0	95
0	823
5	719
38	94
0	288
0	121
0	158
0	91
0	62
0	53
0	53
0	65
0	0
100	48
0	48
0	0
0	0
52	0
0	0
4	457
9	469
0	443
0	151
0	70
0	34
0	10
0	49
0	16
0	49
0	8
0	19
0	15
317	8
0	8
2	1330
14	1255
40	1075
51	391
0	235
19	0
109	397
9	386
0	38
0	121
0	12
0	27
0	0
230	1338
1	23
0	0
0	1311
24	1288
0	228
0	332
0	172
0	78
3	217
0	235
0	103
11	158
0	113
0	71
0	89
0	57
2	10
0	10
0	0
0	2
0	0
0	0
0	0
0	0
0	0
2	478
0	508
0	393
0	3
0	1
0	161
0	28
0	0
0	0
8	1
0	21
0	0
0	1
0	2
0	0
0	0
0	12
47	40
0	11
0	7
0	8
0	9
20	21
0	19
0	10
0	3
0	0
0	0
0	0
0	0
9	42
1	22
0	24
0	23
0	5
0	0
0	6
0	0
0	5
0	1
0	5
0	6
0	5
0	0
0	0
0	0
0	0
0	0
0	0
0	0
1	0
0	0
0	0
0	0
0	0
0	0
0	0
0	0
0	0
0	0
0	0
0	0
0	0
0	0
0	0
0	0
0	0
0	0
0	0
0	0
0	0
0	0
0	0
0	0
0	0
0	0
0	0
0	0
0	0
0	0
0	0
0	0
0	0
0	0
0	0
0	0
0	0
0	0
0	0
0	0
0	0
0	0
0	0
0	0
0	0
0	0
0	0
0	0
0	0
0	0
0	0
0	0
0	0
0	0
0	0
0	0
0	0
0	0
0	0
0	0
0	0
0	0
0	0
0	0
0	0
0	0
0	0
0	0
0	0
0	0
0	0
0	0
0	0
0	0
0	0
0	0
0	0
0	0
0	0
0	0
0	0
0	0
0	0
0	0
0	0
0	0
0	0
0	0
0	0
0	0
0	0
0	0
0	0
0	0
0	0
0	0
0	0
0	0
0	0
0	0
0	0
0	0
0	0
0	0
0	0
0	0
0	0
0	0
0	0
0	0
0	0
0	0
0	0
0	0
0	0
0	0
5	18
0	18
0	18
0	0
0	0
0	0
0	0
11	114
31	178
24	41
0	13
0	11
0	55
0	20
0	6
0	5
98	827
0	471
0	604
0	263
0	190
0	43
2	3
0	1
2	3
0	2
0	0
128	1312
92	1238
0	276
47	496
0	345
0	492
0	323
11	174
0	4
0	0
0	25
0	1
0	0
0	68
0	68
0	68
0	76
1	46
0	68
199	521
0	461
0	15
2	59
0	5
3	87
0	107
0	54
5	56
4	46
31	108
0	1
0	8
0	7
123	45
66	42
0	14
5	0
0	0
10	46
0	17
0	63
5	87
0	68
0	8
0	0
0	14
0	35
0	7
0	25
0	16
0	0
0	15
0	2
0	2
0	0
0	0
0	0
0	0
0	0
0	0
226	886
27	59
313	827
0	14
0	26
0	175
0	423
0	143
0	123
0	120
0	98
0	89
0	115
17	160
17	552
0	516
0	220
0	132
8	195
0	91
0	59
0	36
0	0
0	0
0	0
0	0
0	0
0	0
0	0
0	0
16	0
40	55
0	3
1	60
0	20
0	8
0	3
0	0
50	11
0	51
1	97
0	97
13	14
57	18
0	33
0	10
0	0
75	482
0	441
0	348
0	50
24	41
0	6
0	5
5	47
2	47
0	47
0	47
0	11
0	181
0	0
0	21
0	127
2	181
0	106
0	0
0	15
11	0
0	0
31	132
0	80
0	2
0	0
0	2
0	0
0	0
0	0
0	14
0	3
0	130
20	142
1	100
0	0
19	41
0	5
0	5
0	20
41	46
0	0
0	0
2	21
0	24
31	10
124	236
0	10
0	17
0	30
0	203
2	206
0	0
0	11
34	100
0	0
0	92
4	94
0	0
0	180
210	193
0	21
0	0
0	96
0	83
0	272
0	37
0	15
0	100
36	296
0	121
0	94
1	127
0	52
0	10
0	12
0	76
0	108
0	244
0	271
0	76
0	2
0	0
1	570
3	609
0	2
0	32
1	20
0	617
0	8
8	9
4	83
0	568
0	45
1	0
27	11
0	105
0	15
24	225
0	259
0	50
0	0
2	35
0	2
0	2
0	35
0	3
0	1
0	0
0	0
0	0
0	0
0	0
0	0
0	0
0	0
9	62
1	62
0	52
0	4
0	0
0	0
0	0
0	0
0	0
0	0
0	0
0	0
1	0
0	35
26	458
0	392
0	405
3	426
8	425
0	87
0	82
0	13
0	14
0	9
0	9
0	0
0	0
0	0
0	0
0	0
0	0
0	0
0	0
0	0
0	0
0	0
0	0
0	0
0	0
0	0
0	0
0	0
0	0
0	232
9	221
0	221
0	226
0	65
0	0
0	0
0	0
0	0
0	0
0	0
0	0
0	0
0	0
0	0
16	0
0	0
0	0
0	0
0	90
0	0
70	141
0	70
0	9
0	16
1	62
0	6
0	6
0	0
0	0
0	0
0	0
0	0
0	0
0	0
0	0
0	0
0	0
0	0
0	0
0	0
0	0
0	0
0	0
0	0
0	0
0	0
0	0
0	0
0	0
0	0
0	0
0	6571
1	6569
11	5337
1	6193
0	2014
7	1746
0	0
0	0
0	0
0	0
0	0
15	0
0	1
0	0
0	1
0	0
0	0
0	0
0	0
0	0
0	0
0	0
0	0
0	0
0	0
0	0
0	0
0	0
0	0
0	0
0	0
0	0
0	0
0	0
0	0
0	0
0	651
0	1387
8	1348
25	1352
0	33
0	43
0	159
0	184
0	266
0	197
0	86
0	83
0	1003
0	1003
0	4
3	959
0	97
0	78
1	260
1	626
0	381
0	97
0	105
37	582
0	0
0	54
0	528
0	234
0	48
0	1
19	108
0	45
10	20
21	3
0	39
0	0
10	301
0	301
3	95
0	73
39	617
8	365
93	685
23	6
8	482
0	118
19	1021
0	1002
0	14
0	482
0	131
0	125
0	331
0	103
0	37
0	292
0	0
0	0
119	154
0	23
0	2
0	23
0	3
3	75
0	94
0	0
0	0
0	0
0	0
9	630
28	529
47	598
15	266
0	28
250	19
1	3
0	4
0	16
0	0
0	0
0	0
0	0
0	0
0	0
0	0
0	0
0	0
0	5
0	4
0	0
0	0
0	5
0	0
153	859
5	810
30	659
6	341
23	416
0	646
3	141
1	247
2	210
0	59
0	3
0	62
0	30
0	230
0	20
6	102
20	165
0	220
0	23
13	47
6	31
0	4
158	416
0	57
1	416
0	34
15	1224
0	833
0	18
49	530
0	5
3	401
5	721
20	667
0	32
0	21
28	227
0	327
25	559
6	506
2	494
0	383
0	186
0	0
0	0
0	0
0	0
0	0
0	0
0	0
0	0
0	0
0	0
0	0
0	0
0	0
0	160
0	160
0	95
0	160
0	145
0	145
4	70
0	12
0	1
0	60
0	0
0	19
0	0
0	0
0	10
0	3
2	11
0	4
0	10
0	11
0	5
0	4
0	112
447	2781
0	53
0	22
0	2556
0	401
0	519
0	1
0	0
0	154
0	0
41	3
883	136
3	133
0	0
0	0
3	840
5	858
15	725
2	992
11	1019
0	936
23	121
0	50
0	4
25	51
0	87
0	687
0	36
9	26
93	634
7	455
0	147
0	163
0	104
0	60
0	393
0	35
0	234
16	277
0	196
0	141
0	80
15	93
0	39
0	12
0	8
0	0
3	60
0	11
18	56
0	0
174	122
0	119
0	77
0	65
4	0
0	4
0	2
0	0
0	0
31	3872
34	1741
5	2709
13	2714
62	2707
1326	3867
3	589
0	1
124	390
3	381
0	22
0	1
917	138
0	138
0	0
8	0
0	0
0	66
0	90
0	46
2	52
4	26
0	46
17	24
0	0
0	0
0	0
0	0
0	139
7	140
0	124
0	155
0	159
0	134
0	126
0	119
0	19
0	96
0	7
0	6
0	9
0	0
0	3
0	16
0	8
0	30
0	15
0	0
0	17
0	2
0	0
0	0
23	525
28	527
0	52
0	12
0	37
0	0
17	0
16	35
0	0
0	0
0	0
0	1120
18	4040
23	4277
7	3919
0	313
0	107
2	850
2	3514
0	3476
0	1879
0	385
0	101
0	65
6	338
0	328
18	237
0	50
0	9
0	0
0	1
25	1
163	0
85	0
0	0
0	0
0	0
0	0
0	154
0	1
15	166
0	10
0	38
0	83
0	116
0	0
0	0
0	0
0	0
0	0
0	0
0	0
0	0
15	0
0	0
0	0
0	0
0	0
0	0
0	0
0	0
0	0
0	0
0	0
0	0
0	0
0	0
0	0
0	0
0	0
0	0
0	0
0	0
0	0
0	0
0	0
0	0
0	0
0	0
0	0
0	0
0	0
0	0
0	0
0	0
0	0
0	0
0	0
0	0
0	0
0	0
0	0
0	0
0	0
0	0
0	0
0	0
0	0
0	0
0	0
0	0
44	1390
12	1080
14	1195
0	71
0	97
1	502
0	12
0	778
0	225
0	123
0	13
0	494
8	202
8	585
0	297
0	1
0	0
0	0
0	0
1	211
16	216
0	15
0	0
0	0
0	0
0	0
0	0
0	0
0	0
0	0
0	0
0	0
0	0
0	0
101	3409
57	10999
0	922
16	3231
47	2288
0	0
40	2174
0	2257
26	6853
18	5668
0	2972
0	8513
0	2653
0	40
5	3
0	1
0	2
0	2
26	1
0	1
11	0
0	0
0	14
0	14
15	0
0	0
0	0
0	0
5	1382
0	452
0	1402
0	1453
1	458
10	1306
0	831
0	766
19	1437
0	28
0	145
0	60
0	49
0	83
0	82
0	29
0	56
0	0
0	0
0	287
0	287
11	26
6	91
0	264
0	11
0	174
0	69
0	100
0	4
0	99
16	267
4	166
0	90
0	77
0	109
0	18
0	58
7	42
0	30
0	19
0	15
0	10
0	16
0	0
0	0
0	11
0	3
45	145
0	13
0	9
0	6
0	11
0	13
0	13
0	128
0	9
0	9
0	6
0	11
0	25
0	27
0	2
0	2
0	3
0	2
0	1
0	9
0	13
0	1
0	25
0	12
0	2
155	1563
3	1246
0	1281
10	1253
0	417
0	13
0	282
0	282
0	0
0	0
0	0
10	1902
0	2886
0	2880
5	1737
849	2973
0	873
6	2885
0	606
0	22
0	76
10	1563
141	1563
0	231
0	0
0	0
0	95
13	0
0	0
0	6
0	5
0	6
1	7
0	0
0	6
0	0
0	2
76	0
209	1292
20	1147
13	719
3	128
0	6
0	0
0	372
0	233
21	318
41	1239
0	403
0	1118
0	1391
0	124
0	1491
4	1391
35	1270
0	156
7	189
0	160
0	188
1	185
11	40
0	0
0	0
40	382
24	382
7	73
0	18
0	13
0	16
33	0
0	0
0	0
18	0
23	4
0	4
293	257
0	9
1	148
38	241
0	0
0	0
0	0
0	0
0	0
0	0
0	0
0	0
0	0
0	0
0	0
0	0
0	0
0	0
0	0
0	0
0	0
0	0
0	0
0	0
0	0
0	60
0	4
0	32
0	24
4	41
0	14
0	23
0	23
0	10
63	161
29	94
43	1788
2	943
12	226
0	701
0	1258
0	1214
0	646
2	287
0	70
0	580
0	176
0	7
0	158
0	296
0	387
0	1
0	280
0	411
0	192
0	9
0	278
0	7
31	565
0	0
0	0
0	0
0	0
0	0
0	0
0	0
0	0
5	182
3	43
0	138
0	60
0	0
0	0
0	0
0	0
0	0
0	0
0	0
249	4389
0	2687
0	3427
7	2952
0	52
0	1238
0	1663
0	131
42	1304
0	897
0	405
0	0
0	0
0	0
13	515
0	440
0	441
0	125
0	160
18	399
0	118
0	3
0	4
3	449
0	2
1	362
0	8
12	417
0	79
6	199
0	0
0	0
0	0
0	0
0	0
0	0
0	0
0	1
0	0
0	0
0	1
0	0
0	0
0	0
0	0
0	0
0	0
0	0
0	0
0	0
0	0
0	0
0	0
0	0
0	0
0	0
17	311
0	316
0	71
0	300
0	76
0	41
0	67
0	24
0	0
0	34
0	4
0	3
0	34
0	1
0	21
0	103
0	40
0	8
0	5
0	36
0	28
0	11
0	9
0	0
0	0
0	0
0	0
0	0
0	1831
0	142
0	1565
6	249
0	1840
29	1598
0	1430
0	1817
0	1824
3	418
0	62
0	144
1	117
0	568
0	104
0	96
0	111
0	165
0	185
0	127
0	0
0	0
0	0
0	0
0	121
231	121
0	0
23	5
19	14
0	308
1	1088
0	1252
0	1194
54	828
0	837
0	903
0	829
0	811
30	868
0	673
0	561
0	504
0	485
0	615
0	75
0	48
0	46
0	11
0	11
0	46
6	72
0	45
0	29
0	49
0	30
0	97
2	34
0	0
0	12
200	0
0	0
1	22
0	13
0	2
0	3
0	22
0	1
0	0
0	0
0	0
0	0
0	0
0	0
0	0
0	156
211	738
5	481
0	19
0	109
0	357
20	584
0	224
0	198
9	239
0	193
9	221
3	35
3	23
0	11
0	12
0	17
0	7
0	4
0	12
0	11
0	3
0	0
0	0
0	0
0	0
15	2687
62	2315
0	640
0	501
0	204
0	0
735	303
29	277
0	2
0	83
33	70
0	15
0	4
0	4
0	7
0	56
3	523
0	522
0	138
73	445
2	447
0	10
0	85
2	484
0	216
0	143
0	0
0	78
0	21
0	0
0	6
0	6
0	0
0	0
0	0
0	0
0	0
0	0
0	0
0	0
0	0
0	0
0	4897
90	20760
2831	8301
0	516
87	19966
47	8241
3	13966
0	2222
25	306
10	5874
1383	13570
1	16989
2	17468
0	8713
0	1512
0	153
0	21
0	0
0	0
10	426
0	327
35	134
0	239
5	380
0	158
2	116
1	27
0	5
0	4
0	348
0	231
7	33
37	132
0	68
16	32
41	67
0	33
417	54
0	13
0	0
0	44
0	0
0	0
0	0
0	0
0	0
0	0
0	0
0	0
0	0
0	0
0	0
0	0
9	9
0	9
0	9
0	3
0	2
0	0
0	0
0	0
0	0
0	0
0	0
0	0
0	0
0	0
0	0
0	0
0	0
0	0
0	0
0	0
0	0
0	0
0	0
0	0
0	0
0	3449
0	4585
0	4658
0	3681
42	4368
6	1924
0	925
0	3131
118	1497
18	973
0	38
0	25
9	47
0	11
0	25
16	27
0	30
8	33
3	10
0	9
0	0
0	3
1	9
0	7
0	3
0	4
0	4
1915	744
10	744
18	17
0	1
0	11
0	8
0	7
0	1
962	14866
883	13275
38	4721
46	4516
0	173
0	1318
0	979
67	4132
0	3086
0	2
0	737
1	6975
0	0
0	0
0	0
0	0
0	0
0	0
16	1598
35	1973
3	1466
44	367
0	332
0	793
27	1156
11	556
0	565
1	1694
400	1604
0	557
24	402
0	0
0	0
45338	979
217	3076
23	2970
0	0
0	262
6	329
0	188
0	188
34	1959
7	1401
0	188
0	14
0	552
0	0
71	1879
212	1738
0	394
0	0
0	0
4	1622
0	1306
0	49
0	0
0	0
0	0
0	0
0	0
0	0
0	0
0	0
0	0
0	0
0	0
0	0
0	0
0	0
0	0
0	0
0	0
0	0
0	0
0	0
0	0
0	0
0	0
0	0
0	0
0	0
0	0
0	0
0	0
12	0
0	0
70	2002
0	485
19	2355
0	748
7	2441
39	2182
7	1916
0	3
5	594
135	670
0	0
0	0
0	0
0	0
0	0
0	0
0	0
0	0
0	7
0	2
0	0
0	5
0	0
0	0
0	0
0	0
0	7
0	0
0	6
0	3
0	3
0	0
0	0
0	0
0	0
0	0
0	0
0	0
0	0
0	0
0	0
0	0
0	0
0	0
0	0
0	0
0	0
0	0
0	0
0	0
0	0
0	0
2	14
0	14
0	4
0	3
0	0
0	0
0	1
0	0
0	0
0	0
3	3100
0	1181
0	2541
0	3279
36	2981
0	4441
0	844
153	2497
0	3576
111	2191
1	574
33	35
0	333
30	877
0	0
0	0
0	0
0	0
0	0
0	0
0	0
0	0
0	0
0	0
0	0
0	0
0	0
0	0
0	0
0	0
0	0
0	0
0	0
0	0
0	0
0	0
0	0
0	0
0	0
0	0
0	0
0	0
0	0
0	0
0	0
0	0
0	0
0	0
0	0
0	0
0	0
0	0
0	0
0	0
0	0
0	0
6	266
0	579
0	145
0	145
0	5
0	364
0	266
14	340
0	348
0	417
0	506
0	1586
0	1025
0	829
0	304
61	39
0	871
0	344
0	386
8	592
14	675
0	303
0	118
6	250
6	287
0	157
300	239
3	277
5	214
0	5
0	36
0	47
0	13
1	55
0	66
0	141
0	107
0	117
0	114
0	108
0	42
0	87
0	11
0	6
0	1
0	87
2	65823
4169	82867
200	72182
4	15666
98	31018
1	42176
28	31393
1	4425
63	38219
4270	29210
8	1790
15	3679
0	34
0	1985
0	0
0	0
0	0
0	0
23	15704
13	10211
18	27397
3	14156
28	11663
4	21186
2	2444
8	8739
11	21136
0	0
0	0
0	0
0	0
0	1
0	30
0	6
0	7
0	18
2	30
0	9
0	8
0	13
0	9
0	6
0	21
0	8
0	13
0	1
0	12
0	8
0	7
0	0
0	0
0	0
0	0
0	0
0	208
1	315
8	359
6	448
0	190
0	149
0	40
0	329
0	181
0	110
0	25
0	77
0	13
0	8
0	4
0	12
0	0
0	0
0	0
0	0
0	0
0	0
18	371
1	371
0	0
0	8
108	13
0	13
1144	228
0	228
0	67
0	50
0	174
1	828
0	933
0	723
0	350
35	876
8	1022
0	956
0	170
67	906
0	605
0	777
0	449
0	257
2	580
6	758
0	418
2	89
2	588
0	213
1	417
0	344
0	214
1	292
0	214
0	389
0	0
0	103
0	11
0	118
0	0
0	417
0	251
0	153
0	110
0	295
0	384
14	34
0	190
0	1
0	98
0	319
0	51
0	11
15	2654
1	7014
0	3613
4	23
0	3651
0	7517
0	4564
110	2196
2	3939
0	0
144	7179
6	3035
0	3311
0	958
0	2638
0	1130
0	47
0	0
0	1679
0	568
2	384
0	0
35	11
0	5
0	0
0	0
0	0
0	0
0	0
0	0
0	0
0	0
0	0
0	0
0	0
0	0
0	0
0	0
0	0
0	0
0	0
0	0
0	0
0	0
0	0
0	0
0	0
0	0
0	0
0	0
0	0
0	0
0	0
2	3056
0	747
0	2782
0	1176
0	129
25	19
0	305
27	335
0	190
0	97
0	163
0	207
0	137
0	208
0	149
0	5
0	9
0	35
0	54
0	11
0	36
0	8
0	7
0	5
0	10
0	1
0	1
0	435
0	447
0	28
0	210
0	10
0	78
8	878
0	348
0	439
0	297
0	422
0	38
13	120
61	190
0	131
0	67
0	373
0	796
0	643
0	935
13	144
0	138
0	602
0	968
12	950
2	1011
0	963
0	33
0	0
0	117
0	45
0	202
15	685
14	16
2	214
0	83
0	9
0	0
0	0
0	0
0	0
0	0
21	4
0	0
0	30
0	7
8	189
0	177
0	225
4	205
2	244
0	31
0	198
2	243
0	191
0	2
0	0
0	38
0	38
0	59
0	33
0	0
0	42
0	112
0	56
0	28
0	4
0	0
5	23
0	24
0	6
0	0
0	0
0	347
41	348
13	365
1	347
9	346
96	421
0	3
0	1
0	0
0	1442
4	1354
19	1243
0	377
0	64
66	1001
135	1222
18	829
23	103
0	0
272	2588
0	2565
0	2492
0	2492
0	347
0	102
0	125
0	13
1162	3452
0	3517
7	2602
28	2141
91	2631
0	17
0	650
0	590
0	395
0	390
0	273
0	51
0	42
0	14
0	16
0	16
0	5
0	153
0	0
0	15
0	0
0	10
0	21
0	406
5	1596
1504	1654
40	364
7	390
0	420
0	0
0	0
0	0
0	0
0	0
0	0
0	0
8	709
0	561
2	609
2	270
0	448
0	588
0	10
2	444
0	603
0	43
0	164
0	521
0	444
0	289
5	328
0	165
0	95
0	0
0	0
0	0
0	198
0	68
0	177
0	69
7	97
0	10
0	17
0	401
8	407
0	401
11	307
0	12
0	1
0	14
0	0
0	0
0	0
0	0
0	0
0	0
0	0
0	0
0	0
0	0
0	0
0	0
0	0
0	0
0	0
0	0
0	0
0	0
0	0
0	0
0	0
0	0
0	0
0	0
1	81
0	49
11	32
0	17
8	723
0	0
13	115
0	989
2	699
2	1226
0	153
0	355
0	932
0	1085
0	371
0	281
15	88
0	841
0	830
0	616
0	128
0	138
69	102
0	10
5	21
0	59
0	66
0	55
0	2
0	0
0	1351
0	1434
0	1320
0	162
0	1057
0	1321
0	1418
0	203
0	63
2	402
0	184
0	164
0	139
10	39
0	143
6	68
0	0
115	474
0	691
36	842
0	10
6	125
40	143
0	297
8	103
12	468
28	2
0	2
0	1
2	4
0	1
0	4
0	1
0	0
0	1044
0	0
0	1048
114	1085
30	901
0	1063
0	3
0	0
0	47
0	4
0	112
10	119
5	35
2	85
0	9
0	2
0	0
0	0
0	0
0	0
0	0
0	0
0	0
0	0
0	0
0	0
0	0
0	0
0	0
0	0
0	0
0	0
0	0
0	0
0	0
0	0
0	0
0	0
0	0
0	0
0	0
0	0
0	0
0	0
0	0
1	10
0	10
0	3
0	0
0	0
0	0
0	0
0	0
0	0
0	0
0	2298
11	2559
0	2559
0	2305
10	1997
0	1075
7	1084
13	1134
0	1146
0	18
0	783
0	984
6	697
0	340
1	123
0	0
0	0
0	0
0	0
0	0
0	10
3	15
0	16
7	12
34	608
0	1131
0	1159
1049	969
0	0
0	0
0	0
0	0
0	0
0	0
0	0
0	0
0	0
0	0
0	0
0	0
0	0
0	0
0	0
0	0
0	0
0	0
0	0
0	0
0	0
0	0
0	0
0	0
0	0
0	0
0	0
0	0
0	22
0	0
0	0
0	8
0	22
0	1
0	0
0	12
0	20
0	20
0	17
0	16
0	0
0	0
2	27
0	5
0	2
0	1
0	10
0	0
0	0
0	0
0	0
0	0
0	0
0	0
0	0
0	0
0	0
0	0
0	0
0	0
0	0
0	0
0	0
0	0
0	0
0	0
0	0
0	0
0	0
0	0
0	0
0	0
0	0
0	0
0	0
0	0
0	0
0	0
0	0
0	0
0	0
0	0
0	0
0	0
0	0
0	0
0	0
0	0
0	0
0	0
0	0
0	0
0	0
0	0
0	0
0	0
0	0
0	0
0	0
0	0
0	0
0	0
0	0
0	0
0	0
0	0
0	0
0	0
0	0
0	0
0	0
0	0
0	0
0	0
0	0
0	0
0	0
0	0
0	0
0	0
0	0
0	0
0	0
0	0
0	0
0	0
0	0
0	0
0	0
0	0
0	0
0	0
0	0
0	0
0	0
45	0
0	0
0	0
0	0
0	0
0	0
0	0
0	0
0	0
0	0
0	0
0	0
0	0
0	0
0	0
0	0
0	0
0	0
0	0
0	0
0	0
0	0
0	0
0	0
0	0
0	9
0	29
0	31
0	56
0	46
0	2
0	15
0	0
0	0
0	0
0	0
0	0
0	0
0	0
0	0
0	0
0	0
0	0
0	0
0	0
0	0
9	30
0	30
0	0
0	0
0	0
9	1069
59	1246
0	348
0	1
0	464
0	218
0	0
0	0
0	0
0	0
0	2
2	3
0	1
0	0
0	1
0	0
0	0
0	0
0	0
0	0
0	0
0	86
1	96
0	75
1	55
0	56
0	51
0	50
0	57
0	2
0	13
0	28
0	0
0	2
37	20
0	0
0	0
0	0
0	0
0	0
0	0
0	0
0	0
0	0
0	0
0	0
0	0
0	0
0	0
0	0
0	0
0	0
0	0
0	0
0	0
0	0
0	0
0	0
0	0
0	0
7	13
261	153
1	27
0	11
0	88
0	34
1	1
0	1
0	0
0	0
0	1
0	1
0	1
0	0
0	0
4	3
0	2
0	0
0	0
0	0
0	0
0	0
0	0
0	0
0	0
0	0
0	0
0	0
0	0
0	0
0	0
0	0
0	0
0	0
0	0
0	0
0	0
0	0
0	0
0	0
0	0
0	0
0	0
0	0
0	0
0	0
0	0
0	0
0	0
0	0
0	0
0	0
0	0
0	0
0	0
0	5
0	0
0	0
0	0
0	0
0	17
10	45
0	54
0	35
0	45
0	3
0	3
0	3
0	2
0	1
0	1
0	0
0	3
0	0
0	0
17	0
0	0
53	134
0	134
0	1
0	17
0	9
0	8
0	8
0	0
0	8
33	138
10	127
0	21
0	13
0	11
0	33
28	7
0	7
256	109
0	68
0	56
0	50
0	41
0	38
0	30
0	4
0	0
0	121
0	125
1	124
0	121
0	84
0	90
0	77
0	76
0	7
0	4
0	17
0	17
10	11
0	8
0	4
22	138
463	155
13	119
0	33
164	236
3	237
0	47
0	33
0	18
0	4
0	15
14	15
26	0
0	475
10	503
8	450
0	238
0	6
0	73
0	21
0	0
21	146
13	146
0	8
0	12
0	0
0	15
0	43
0	0
0	0
0	0
0	0
1	63
0	46
0	16
18	43
0	0
0	0
366	3558
0	400
5	1296
0	0
0	0
135	464
648	3643
0	252
0	422
0	185
51	801
119	829
0	0
0	20
0	18
0	0
0	0
256	426
4	74
0	15
32	368
0	23
0	24
0	40
9	310
0	0
0	0
0	0
0	251
143	300
10	34
0	159
0	200
0	260
0	0
0	28
0	3
0	31
0	25
0	2
0	3
0	23
0	20
0	26
0	60
105	60
15	37
11	38
39	33
0	0
41	3
0	3
0	0
0	0
0	0
7	100
0	11
3	19
4	118
0	11
0	11
0	10
10	9
0	4
0	4
24	8
0	98
0	0
0	0
0	0
0	0
0	0
0	0
0	0
0	0
0	0
0	0
0	0
0	0
0	0
0	0
108	328
0	358
0	16
0	15
0	4
0	14
26	53
0	5
0	2
3	205
0	193
0	33
23	218
0	0
0	4
0	0
1	0
0	31
0	6
0	486
3	544
15	485
49	486
0	485
0	528
0	18
0	19
0	17
0	0
0	17
0	8
6	30
0	8
0	12
13	2
0	0
12	0
81	0
0	220
1	208
0	221
0	217
0	180
2	158
0	120
2	125
0	13
0	8
0	16
2	22
0	8
0	18
0	5
0	0
0	0
0	3
0	3
0	0
250	0
0	1
4	3
0	1
0	2
19	298
10	301
0	102
0	26
0	15
0	0
0	6
0	0
0	0
7	712
29	751
0	24
0	37
0	8
0	6
3	6
2	463
0	0
0	0
0	10
0	1
0	10
0	484
0	27
0	39
0	23
0	12
0	7
0	0
0	0
0	0
0	0
2	174
346	6
0	0
18	0
35	34
0	24
0	37
7	298
0	330
0	35
0	22
23	36
0	35
0	4
0	0
0	0
0	0
0	0
0	0
0	0
0	0
0	0
0	0
0	0
0	0
0	0
0	0
0	0
0	0
0	0
0	0
0	0
8	1095
0	1142
0	1133
16	1060
0	490
0	84
10	71
0	26
0	4
33	36
0	18
0	22
0	14
0	12
0	0
0	1
0	41
0	36
0	43
0	37
0	36
0	36
0	42
0	36
0	38
0	29
0	2
0	0
0	1
0	1
0	1
0	0
0	0
0	0
0	0
0	0
0	0
0	0
0	0
0	6
0	0
0	0
0	0
236	548
16	564
0	382
0	37
0	16
0	2
0	13
0	0
39	45
0	39
10	12
0	12
12	0
0	0
21	0
0	0
457	0
71	608
0	54
0	48
0	13
122	15
0	25
16	20
0	12
0	0
0	10
0	18
0	0
0	0
0	0
0	0
0	0
0	1
0	0
0	0
0	0
0	0
0	0
0	0
138	280
3	280
0	11
1	396
0	10
64	566
10	191
12	9
0	16
0	6
0	0
0	0
1	31
260	30
0	5
0	10
23	26
0	5
0	2
0	0
0	3
200	90
0	90
8	47
0	368
2	340
0	16
0	318
0	5
239	21
0	6
0	23
0	0
0	5
0	1
0	0
0	0
2	8
1	349
0	11
0	175
2	337
0	0
0	22
10	212
0	207
0	0
0	21
0	3
0	0
0	177
0	209
0	19
0	43
0	45
0	30
0	16
0	8
0	9
0	0
0	0
0	0
0	0
0	0
0	0
0	0
0	0
0	0
0	0
0	0
0	0
0	0
0	0
0	0
0	0
0	0
0	0
0	0
0	0
0	0
0	0
0	0
0	0
0	0
0	0
0	0
0	0
0	0
0	0
0	0
0	0
0	0
0	0
0	0
0	0
0	0
0	0
0	0
0	0
0	0
0	0
0	0
0	0
0	0
0	0
0	0
0	0
0	0
0	0
0	0
0	0
0	0
0	0
0	0
0	0
0	0
0	0
0	0
0	0
0	0
0	0
0	0
0	0
0	0
0	0
0	0
0	0
0	0
0	0
0	0
0	0
0	0
0	0
0	17
0	71
0	11
0	14
0	71
0	71
0	71
1	30
0	4
0	0
0	0
0	0
0	0
0	0
0	0
0	0
0	0
0	0
0	0
0	0
0	0
0	0
0	0
0	0
0	0
0	0
0	0
0	0
0	0
0	0
0	0
0	0
0	0
0	0
0	0
0	0
0	0
0	0
0	0
0	0
0	0
0	0
0	0
0	0
0	37
166	1876
0	1799
5	308
0	8
0	514
474	1794
0	5
0	1747
0	1746
0	378
0	8
0	0
0	0
98	462
22	421
14	217
9	273
0	1676
0	1784
3	871
4	836
0	775
54	1457
0	0
5	1162
2	586
0	27
0	1185
17	328
0	8
3	884
4	581
0	30
4	1035
1	1098
0	656
0	645
2	280
0	170
0	31
0	144
0	57
145	81
0	0
0	0
0	0
0	0
0	0
0	0
0	0
0	0
0	0
0	0
0	424
0	452
2	401
0	514
82	468
0	63
3	148
0	146
0	87
0	65
0	52
0	52
0	29
0	26
0	98
0	103
11	278
0	179
0	208
0	242
0	243
0	16
0	0
29	24138
0	17704
0	18008
19	4883
12	17520
0	22983
0	18469
0	18956
297	5578
5	18404
601	22928
38	3450
0	17282
0	0
0	0
0	0
0	0
0	0
0	0
0	0
0	0
0	0
0	0
0	0
0	0
0	0
0	0
0	0
0	0
0	0
0	0
0	0
0	0
0	0
0	0
0	0
0	0
0	0
0	0
0	2
0	0
0	0
0	234
12	248
0	221
0	130
0	89
0	240
0	221
0	0
0	0
0	0
0	0
0	0
0	0
0	0
0	0
0	0
0	0
0	0
0	5
0	0
0	0
1	7
1	7
0	0
0	0
0	0
0	0
0	0
0	0
0	0
0	0
0	0
0	0
0	0
0	0
0	0
0	0
0	0
0	0
0	0
0	0
0	0
0	0
0	0
0	0
0	0
0	0
0	0
0	0
0	0
0	0
0	0
0	0
0	0
0	0
0	0
0	0
0	0
0	0
0	0
0	0
0	0
0	0
0	0
0	0
0	0
0	0
0	0
0	0
12	1
0	0
0	1
0	0
0	951
17	1563
8	573
0	2012
0	36
0	98
0	2412
0	144
5	84
103	27
2	2
0	2
0	0
0	0
0	0
0	0
0	0
0	4
0	4
0	4
0	4
0	4
0	97
0	19
70	97
0	0
0	9
0	16
0	29
0	29
0	27
0	23
0	4
0	3
0	0
0	7
0	7
0	7
0	7
0	7
0	0
275	5590
0	5571
0	5479
0	5454
0	4442
0	3839
0	4273
0	4149
0	659
0	144
255	2201
32	339
33	181
0	0
0	63
0	0
0	7
0	83
2	50
1	77
0	70
5	71
6	54
0	2
0	0
0	0
0	0
0	0
0	0
0	0
0	0
0	0
0	0
0	0
0	0
0	0
0	0
0	0
0	0
0	0
0	0
0	0
0	0
0	0
0	0
0	0
0	0
0	0
0	0
0	0
0	0
0	0
0	0
0	0
0	0
0	0
0	0
0	0
0	0
0	0
0	0
0	0
0	0
0	0
0	0
0	0
0	0
0	0
0	0
0	0
0	0
0	0
0	0
0	0
0	0
0	0
0	0
0	0
0	0
0	15
0	14
0	15
0	15
0	13
0	13
0	1
0	0
0	0
0	0
0	0
0	0
0	0
0	0
0	0
0	0
0	0
0	0
0	0
0	0
0	0
0	0
0	0
0	0
0	0
0	0
0	0
0	0
0	0
0	0
0	0
0	0
0	5
0	0
0	0
0	0
0	0
0	0
0	0
1	70
43	40
12	31
0	23
0	0
0	161
0	161
0	124
0	155
0	92
0	45
0	1
0	15
0	8
0	0
0	0
0	0
0	0
0	0
0	0
0	0
0	0
0	0
0	0
0	8
0	4
0	0
0	19
0	19
0	4
0	0
0	8
0	19
0	0
0	1
0	3
0	0
0	14
0	14
0	2
0	0
0	6
0	6
3	700
12	325
8	152
0	543
14	518
0	84
0	9
0	0
0	5
0	0
0	0
0	0
0	0
0	0
0	0
0	0
0	0
0	0
0	0
0	0
0	0
0	0
0	0
0	0
0	0
0	0
0	0
0	0
0	0
0	0
0	0
0	0
0	0
0	0
0	0
0	0
0	0
0	0
0	0
0	0
0	0
0	0
0	0
0	0
0	0
0	0
0	0
0	0
0	0
0	0
0	0
0	0
0	0
0	0
0	0
0	0
0	0
0	0
0	0
0	0
0	0
0	0
0	0
0	0
0	0
0	0
0	0
0	0
0	0
0	0
0	0
0	0
0	0
0	0
0	0
0	0
7	42
2	40
0	46
0	263
0	263
15	1013
100	4018
0	3273
0	244
0	10
0	703
0	245
12	437
0	0
14	518
0	559
0	422
0	59
0	26
67	179
0	107
5	107
4	80
0	0
0	0
0	0
0	0
0	0
1	0
0	0
0	0
0	0
0	0
0	0
0	0
0	0
0	0
0	0
0	0
0	0
0	32
3	165
0	9
0	8
0	156
7	29
0	155
0	84
0	25
0	70
0	41
0	21
0	0
0	0
0	0
0	0
0	0
0	0
0	0
0	0
0	0
0	0
0	0
0	0
0	0
0	0
0	0
0	0
0	0
0	0
0	0
3	0
42	14616
0	2759
31	2706
7611	11754
6	10166
136	9650
9	3303
6380	11212
3583	2875
1	4033
0	1190
0	482
1280	1237
540	634
178	115
0	0
0	0
0	0
23	556
0	263
11	890
82	802
0	284
0	281
11	260
0	23
0	0
0	0
0	0
3	77
0	8
0	77
87	57
0	4
0	51
0	27
0	22
0	0
0	0
0	0
0	0
0	0
0	0
0	0
0	0
0	0
0	268
414	268
0	0
142	18
3	16
0	3
0	7
0	0
0	21
6	115
4	115
605	0
0	0
0	0
0	12
1	12
0	2
5	255
0	0
16	255
0	3
0	256
7	995
0	297
82	1002
0	997
0	182
0	16
23	334
0	18
10	352
0	351
9	341
0	5
0	198
1793	4512
170	4047
31	752
19	682
16	2
30	1387
0	3187
0	178
0	1
1	1
0	0
196	893
54	929
94	716
34	125
0	12
0	0
0	6
0	0
0	0
0	4
0	0
0	0
0	11
0	0
0	0
0	0
0	0
0	0
4	26
0	27
0	28
0	24
0	19
0	0
0	0
0	0
0	0
0	0
0	0
0	0
0	0
0	0
0	0
0	0
0	0
0	0
370	1
0	0
0	1
0	0
0	0
0	21
0	19
1	357
0	20
0	19
0	18
9	364
0	20
0	19
0	19
36	311
0	19
0	0
0	0
0	0
0	0
0	0
0	0
0	0
0	0
0	0
0	6
0	6
0	0
0	112
20	110
0	112
4	64
0	18
0	22
0	17
0	9
0	0
0	0
0	0
0	0
0	0
0	0
0	0
0	0
0	0
0	0
0	0
0	0
0	0
0	0
0	0
0	0
0	0
0	0
0	0
0	0
0	0
0	0
0	0
0	0
0	0
0	0
0	0
0	0
0	0
0	0
0	148
0	4
0	50
4	159
0	12
0	149
4	154
0	19
0	2
0	13
0	14
0	111
0	1
7	21
0	21
0	14
0	4
0	3
0	1
0	14
0	84
0	0
0	0
0	0
0	0
0	0
0	0
0	0
0	0
0	7
0	41
0	1
10	41
0	7
0	4
0	11
0	22
0	22
0	22
3	22
0	22
0	0
0	0
0	0
0	0
0	0
0	0
0	0
0	0
0	0
0	0
0	0
0	0
0	0
0	0
0	14
0	14
0	0
0	0
0	0
0	0
0	0
0	0
0	0
0	0
37	13
6	14
0	0
0	2
0	1
0	0
0	300
0	42
0	26
0	268
0	7
10	4
0	0
0	10
213	10
0	0
0	0
0	0
0	0
49	3
0	3
0	0
37	9
0	0
0	0
0	0
0	0
0	0
3	0
0	0
0	0
0	0
0	0
0	0
0	0
0	0
0	0
0	0
0	0
0	0
0	0
0	0
0	0
0	0
0	0
0	0
0	0
0	0
0	0
0	0
0	0
0	0
0	0
0	0
0	0
0	0
0	0
0	0
0	0
0	0
0	0
0	0
0	0
0	0
817	186
0	3
10	14
0	13
0	12
0	177
0	0
0	0
0	0
0	0
0	0
0	0
0	0
0	0
7	28
0	28
214	0
19	22
0	22
0	83
30	118
0	13
119	35
2105	0
0	0
150	6
0	4
3	603
3	431
0	434
0	603
0	3
81	10
0	0
0	6
76	67
0	66
0	11
193	516
0	19
0	50
0	47
6	566
0	44
3	16
0	88
0	11
0	0
0	62
0	99
0	47
0	27
0	19
14	6
0	7
19	168
0	6
2	162
0	10
0	0
0	149
128	7
0	7
0	8
0	6
0	12
0	1
0	14
9	0
8	1
0	0
0	15
0	4
2	552
27	543
1	168
0	162
0	98
0	106
0	8
0	0
0	0
0	111
0	197
0	5
0	17
0	6
0	138
0	6
0	131
0	187
9	177
0	4
2	176
0	11
1	187
0	5
0	20
36	183
0	8
0	6
0	6
0	63
27	11
9	66
0	11
0	0
2	30
1	44
0	16
387	44
0	70
68	1430
0	1444
1	1474
28	1009
0	595
0	47
46	0
0	0
0	10
6	240
4	243
0	2
0	6
4	163
0	154
1	11
0	94
1	87
0	9
13	85
42	43
0	3
311	50
0	8
0	0
2	227
0	320
0	1
0	0
0	303
1	323
0	253
3	300
0	318
0	303
0	1
0	303
0	0
0	0
0	0
0	115
161	120
0	14
0	5
0	2
0	20
0	0
100	79
1	79
38	1258
37	1299
0	961
0	10
0	62
0	10
0	0
211	183
0	6
0	10
6	32
4	137
6	407
0	3
0	3
22	409
0	3
7	374
0	0
123	222
0	210
0	16
9	27
0	50
0	123
0	72
0	112
0	30
0	170
104	163
22	180
0	0
15	8
5	49
0	21
21	41
0	1
0	98
0	588
0	46
0	1
0	0
10	43
110	0
166	183
0	185
0	36
172	1218
0	2
8	549
2	1205
0	38
21	32
53	94
5	66
0	44
22	0
291	544
3	536
0	40
0	30
0	5
0	3
0	27
0	28
0	1
0	1
2	29
0	0
3	25
0	23
0	0
0	0
0	1
0	0
25	175
2	175
0	0
0	0
15	66
1	53
0	39
0	0
119	43
0	40
0	0
0	0
0	0
55	34
16	23
1	33
0	3
0	8
0	5
0	0
0	0
0	0
0	0
0	0
0	0
0	0
0	0
0	0
0	0
0	0
0	45
0	0
0	105
0	151
2	111
0	76
7	138
0	60
0	117
0	0
0	5
0	70
0	52
0	48
0	48
0	3
0	0
0	0
0	0
0	205
2	221
0	215
0	162
0	0
0	0
0	0
0	787
0	317
0	3
0	814
0	189
0	918
8	0
0	295
11	862
0	888
0	31
0	122
0	0
50	512
0	0
0	0
0	875
0	0
11	1
11	236
0	212
0	82
0	4
14	869
32	1
0	79
0	529
0	833
0	616
0	758
27	693
11	225
19	223
0	2
1	79
16	768
4	731
0	4
67	15
0	0
364	141
20	552
197	421
46	354
0	114
36	7
0	46
0	80
0	10
34	544
52	225
0	0
0	0
281	0
2	37
0	38
0	47
0	37
0	1
0	38
0	1
0	0
0	105
0	28
0	6
0	28
0	60
0	56
8	105
0	0
11	75
0	5
0	0
0	0
0	0
0	0
0	29
11	29
14	15363
0	12245
68	6372
10184	15361
0	15363
0	106
0	6748
0	15212
25	569
0	0
0	0
0	0
0	19
0	3
4	118
0	2
0	119
0	2
0	108
0	13
2	102
81	32
0	0
0	15
0	1
0	0
49	0
52	109
3	109
0	16
37	1
26	74
0	73
0	19
16	8
7	20
0	9
1	68
18	261
0	228
0	146
16	144
19	14
0	16
4	103
0	85
0	86
0	90
1	97
0	8
1	143
5	187
0	68
0	175
0	156
0	73
0	0
14	4
0	0
0	0
0	0
1	133
23	131
4	127
0	18
0	2
0	0
0	810
0	1882
7	7603
1	6345
0	214
0	712
0	487
6	1405
0	1723
0	1735
31	3570
0	511
1	728
19	426
16	1349
42	622
10	1449
0	1466
61	1602
4	779
5	494
0	181
17	25
1012	689
36	689
0	91
0	1
0	72
0	3
0	3
49	12
12	22
1	42
0	54
4	44
3	7
0	19
0	12
0	2
0	65
8	131
5	107
620	163
0	10
0	11
0	16
0	70
0	98
0	0
0	2
0	17
0	0
0	0
0	0
0	0
0	0
0	0
0	0
0	0
0	0
0	0
10	71
0	74
0	74
890	0
20	120
1	120
269	0
0	19
0	62
7	457
0	19
0	151
0	12
0	48
0	10
0	445
0	157
0	88
883	497
2	359
0	497
0	47
0	4
3	538
0	544
0	544
0	544
39	396
17	101
0	471
47	328
0	443
24	187
13	44
12	41
87	324
129	656
17	226
0	723
10	626
0	0
80	4227
0	1828
0	1766
0	205
0	1454
1	3765
17	4118
0	3900
0	3782
0	3941
16	3945
0	4044
1	3505
0	3012
48	2980
0	3226
61	2924
0	2700
10	2045
1	2597
17	2513
0	2915
0	2611
0	2888
0	2241
0	2619
0	2528
0	2808
0	2003
20	1877
0	1890
0	909
0	692
0	295
0	411
0	9
29	276
0	469
0	372
0	408
0	26
4	281
0	208
15	3
0	269
0	272
0	84
0	27
0	0
25	593
0	593
0	0
0	0
0	0
0	0
0	0
0	0
0	0
8	108
0	108
0	108
0	107
0	107
0	10
1	1
0	0
0	0
0	0
13	8485
0	2664
481	2764
41	5257
0	8596
299	804
0	5947
63	19
0	99
0	0
0	0
0	0
0	0
0	0
0	0
0	0
0	0
0	0
0	0
0	0
0	0
0	29
0	29
0	29
0	20
0	18
3	20
0	20
0	2
0	2
0	4
0	3
0	0
0	0
32	60
0	0
0	1
9	59
0	0
0	0
56	2028
3	5254
7	4027
0	4638
30	2934
12	1140
0	927
6	953
0	752
0	264
0	282
0	1051
2	967
0	980
71	1129
0	1148
64	404
9	327
0	197
0	1
0	115
0	4
14	66
0	6
0	0
0	0
0	0
0	0
0	0
0	0
0	0
0	0
0	0
0	0
0	0
0	0
0	0
0	0
0	0
0	0
0	0
0	0
0	0
0	0
0	0
0	0
0	0
0	0
0	0
0	0
0	0
0	1
0	18
0	18
0	18
0	0
0	0
0	0
0	0
0	0
0	0
0	0
0	0
0	0
0	0
0	0
0	0
0	0
0	0
0	0
0	0
0	0
0	0
0	0
0	0
0	0
0	0
1	394
0	375
0	394
0	394
0	0
0	0
0	0
0	0
0	0
972	180
0	180
0	0
0	0
0	0
0	0
0	0
0	0
0	0
0	0
477	2690
86	2857
43	1329
0	0
0	43
0	193
6	244
0	204
8	216
0	33
6	36
0	28
0	35
0	0
0	0
0	0
132	3617
7	573
13	63
0	774
0	557
24	659
17	500
0	1084
3	863
4	1250
0	2209
0	1430
3	1946
0	2525
0	1839
5	721
0	690
0	275
0	1599
3	1228
0	0
0	0
0	0
0	0
0	447
8	267
0	1402
6	1170
0	1079
0	1608
0	309
25	1073
0	6
7	67
4	432
14	253
0	0
0	0
0	0
0	0
0	0
0	0
0	0
0	0
0	0
0	0
0	0
0	0
0	0
0	0
182	0
0	0
0	0
0	0
0	0
0	0
0	17
0	35
0	194
0	224
1	208
0	128
89	1041
0	885
0	184
0	196
0	243
7	602
0	103
0	84
0	1652
0	267
3	1524
0	1521
0	124
0	196
2	1503
0	1500
0	0
0	0
0	0
0	0
606	0
0	0
0	0
0	0
0	7
0	0
32	321
1	321
0	14
754	0
1	17
0	17
0	17
0	16
14	741
0	15
649	731
5	764
0	23
261	908
0	844
0	141
18	598
3	764
15	762
0	90
12	517
0	15
1	15
0	15
0	12
0	14
0	12
0	12
0	14
0	0
0	0
0	1
0	0
0	0
15	0
528	28
0	28
0	0
0	0
0	0
0	0
0	0
153	329
9	329
0	0
0	0
0	0
0	0
0	0
0	0
0	0
0	0
0	0
0	0
0	0
0	0
0	0
0	0
0	0
0	0
70	416
11	552
0	590
74	591
0	0
0	0
0	0
806	0
0	1213
0	1377
5	939
36	1394
27	1373
13	768
0	220
0	100
0	7
0	0
0	2
0	250
20	261
5	245
0	11
57	267
17	21344
579	21344
0	0
4	934
3	374
1	946
0	793
1	795
0	905
0	754
3	846
6	85
0	251
0	0
0	57
0	0
0	0
196	366
8	308
0	312
6	121
23	979
1	3
0	0
0	0
0	0
0	0
0	0
0	0
0	0
0	0
0	0
0	0
0	0
0	0
0	0
0	0
0	0
0	0
0	0
0	0
0	0
4	0
48	2080
16	2097
0	509
0	383
0	0
0	0
0	0
0	0
0	0
0	0
0	2159
50	2394
3	2394
54	3142
0	3142
0	324
0	677
0	222
0	0
0	0
0	0
0	0
0	0
0	0
0	0
0	0
0	75
0	292
0	1925
8	1745
52	1955
0	1952
5	1963
0	1955
1	1954
6	2142
0	71
0	0
0	0
658	7126
16	7126
0	0
737	582
0	121
0	230
16	242
0	26
80	517
0	0
0	0
0	0
0	0
0	0
0	0
0	0
0	0
0	0
0	0
0	0
0	2
0	0
45	2
0	0
0	0
0	0
0	0
0	0
388	5552
0	3998
185	5372
0	361
10	215
0	7
13	550
12	0
30	14
66	51
0	26
2	41
0	0
0	0
0	0
0	0
0	0
3	731
11	675
0	803
0	693
0	139
3	854
16	935
39	896
151	933
6	832
0	0
0	0
0	0
20	0
0	0
0	774
6	572
78	498
0	56
0	84
15	55
23	324
0	0
0	0
0	0
0	0
0	0
0	0
0	0
0	76
0	0
0	0
0	0
0	0
0	0
0	0
0	0
0	0
0	0
0	0
0	0
0	0
0	0
0	0
0	0
0	0
0	0
1101	93
0	48
0	54
0	44
0	0
0	0
0	0
0	39
0	16
0	4
0	56
0	54
7	5
0	8
0	2
0	5
0	23
0	0
0	0
0	16
0	16
0	0
0	0
0	3
0	16
0	0
0	0
0	52
0	54
0	0
0	15
0	9
0	0
0	0
0	4
0	4
0	0
0	0
0	33
0	33
0	0
0	0
0	0
0	0
0	0
0	0
0	0
0	0
0	0
0	0
0	0
0	0
0	0
0	0
0	0
0	0
0	0
0	0
0	0
0	0
0	0
0	0
0	0
0	0
0	86
85	86
0	0
0	0
0	0
0	0
0	0
0	0
0	101
65	103
0	99
0	0
0	0
0	0
0	0
0	0
0	0
0	0
0	0
0	0
0	0
0	0
0	0
0	0
0	0
0	0
0	0
0	0
0	0
0	0
0	0
112	447
0	585
0	366
292	0
0	0
2	16
1	0
0	0
0	0
0	0
0	0
0	0
0	0
0	0
0	0
0	0
0	0
0	0
0	0
0	0
0	0
0	0
0	0
0	0
0	0
0	0
0	0
0	0
0	0
0	0
0	0
0	0
0	0
0	0
0	0
0	0
0	0
0	0
0	35
0	36
0	34
0	8
0	1
0	4
0	34
0	34
0	35
0	1
0	1
0	4
0	5
0	2
0	6
0	3
0	0
0	0
0	0
22	0
0	0
0	0
19	5
0	3
0	5
0	1
0	0
0	0
0	0
0	0
0	0
0	0
0	0
0	89
5	94
0	22
0	27
0	9
0	9
0	0
0	0
569	492
0	492
11	121
2	116
7	55
12	47
0	41
0	32
0	58
0	14
0	0
0	14
0	9
0	20
0	0
0	15
0	10
0	1
0	0
0	0
0	0
0	0
0	0
0	0
0	0
0	0
0	0
0	0
0	0
0	0
0	0
0	0
0	2045
0	6
0	3
0	3
11	255
0	2
0	3
0	7
0	0
0	0
0	0
0	2181
0	2175
0	158
39	140
0	0
0	0
0	0
0	0
0	0
0	0
0	0
0	0
0	0
0	0
0	0
0	0
0	0
0	0
0	0
0	0
0	0
0	0
0	0
0	0
0	0
2	116
0	109
0	8
5	4
0	93
0	5
0	0
0	0
0	0
0	0
0	0
0	0
0	0
0	0
1	1153
692	1291
13	224
0	0
0	0
0	0
0	0
0	0
0	0
0	0
0	0
0	0
0	0
0	0
0	0
0	0
0	0
0	0
0	0
0	0
0	0
0	0
0	0
0	0
7	1478
296	1382
217	466
0	0
0	0
35	531
0	740
0	1639
0	2571
0	2604
0	1731
0	1721
17	1230
0	161
0	27
0	562
0	0
0	0
0	0
0	0
0	0
0	0
0	0
0	0
193	3562
0	4234
6	4047
103	4163
4	1365
547	1137
0	933
25	2061
31	943
15	1262
132	1198
7	579
0	425
8	158
0	261
15	151
0	106
0	64
0	2
0	0
0	0
0	0
0	0
0	0
32	0
73	627
13	549
4	506
0	113
24	161
0	0
0	0
0	0
0	0
0	0
242	410
2	321
0	20
0	75
0	9
0	1319
35	1193
0	897
0	0
0	0
0	0
0	0
0	360
4	381
0	370
0	360
0	364
0	383
9	369
0	14
0	390
0	31
0	359
0	37
0	380
0	51
16	356
0	0
0	0
0	0
0	0
0	0
0	0
0	0
0	55
0	77
0	77
0	71
0	75
1	75
0	51
0	24
0	7
0	12
0	2
0	0
0	0
20	280
0	10
23	264
0	16
0	17
2	56
0	0
0	31
400	106
0	66
2	87
1	0
102	4049
5	4167
0	12
10	1180
8	3934
187	3736
0	0
0	16
5	3896
0	56
11	764
0	0
321	271
128	271
0	0
10	315
6	980
0	816
26	330
0	0
0	0
0	0
0	0
0	0
0	0
0	1
0	1
55	0
0	0
0	0
0	0
0	0
0	0
0	0
0	0
0	0
0	0
0	0
0	0
0	0
0	0
0	0
0	0
0	0
0	0
0	0
0	0
0	0
0	0
0	0
0	0
0	0
0	12
0	0
0	0
0	0
0	0
0	0
0	0
0	0
0	0
53	902
0	784
3	488
44	768
4	757
0	774
0	0
0	698
0	698
0	650
0	648
0	698
0	81
3	79
0	0
0	0
0	0
0	0
0	0
0	0
0	0
0	0
0	0
0	0
0	0
0	0
0	0
0	0
0	0
0	0
0	0
0	0
0	0
0	0
0	0
0	0
0	0
0	0
0	0
0	0
0	0
0	0
71	452
27	476
1	146
0	67
0	15
0	24
0	0
0	0
0	0
0	0
0	0
0	0
0	0
0	0
0	0
0	0
1	0
0	312
3	315
0	1
0	2
0	312
0	294
25	330
0	17
36	233
0	258
7	207
0	0
0	37
0	1
0	0
0	0
0	0
0	0
0	0
0	0
0	0
3	1
0	0
0	0
2927	0
0	0
0	0
0	0
0	0
0	0
0	0
0	0
0	0
0	0
0	0
0	0
0	0
0	0
0	0
0	0
0	0
0	0
0	0
0	0
0	0
0	0
0	0
0	0
0	0
0	0
14	3
0	3
0	0
0	1
0	6
0	0
0	0
0	0
0	0
0	0
0	0
0	0
0	0
0	0
0	0
0	0
0	0
0	0
0	0
0	0
0	0
0	0
0	0
0	0
0	0
0	0
0	0
0	0
0	0
0	0
0	0
0	0
0	0
0	0
15	0
0	0
0	0
0	0
0	0
0	0
0	0
0	0
0	0
0	0
0	0
242	0
0	0
0	0
0	0
4	127
0	0
0	127
0	11
0	3
0	341
0	327
0	343
6	357
0	31
0	55
0	20
0	0
0	0
0	0
0	0
0	0
0	0
0	0
0	0
0	0
0	0
0	0
0	0
0	0
0	0
0	0
0	0
0	0
0	0
0	0
0	0
0	0
0	0
0	0
4	255
17	651
0	650
0	0
0	0
0	0
0	0
0	0
0	0
0	0
0	0
0	0
0	0
0	0
0	0
0	0
0	0
0	0
0	0
0	0
0	0
0	0
0	0
0	0
0	0
0	0
0	0
0	0
0	0
20	0
11	978
162	978
0	0
0	710
0	255
1338	707
0	712
12	2
0	0
0	0
0	0
0	0
0	0
0	0
0	0
0	0
0	0
0	0
0	0
0	0
0	0
0	0
5	658
0	654
0	656
0	143
5	160
0	53
0	562
0	30
13	50
0	31
0	90
0	156
1	549
18	24
117	459
0	24
0	82
5	377
0	0
0	15
0	12
0	0
0	0
1532	309
5	227
3	141
0	0
0	0
0	0
1	530
335	530
0	84
0	87
0	342
0	234
0	181
0	65
0	0
1187	32
0	32
0	0
0	0
0	1
0	1
0	0
0	1
0	0
0	0
0	0
0	0
69	0
23	479
0	0
0	5
0	5
0	5
0	1
0	0
0	0
30	513
11	513
0	10
0	0
0	0
0	0
0	0
0	0
0	0
0	0
0	0
0	0
0	0
0	0
0	0
0	0
0	4
0	0
0	0
0	0
13	0
24	4
0	0
0	0
0	0
0	0
0	0
0	0
0	0
0	0
0	0
0	0
0	113
0	113
0	97
0	5
0	4
0	44
0	24
0	97
0	113
0	97
0	113
0	116
0	124
42	98
0	98
0	43
0	96
0	23
0	98
0	112
0	96
0	42
0	112
0	109
0	90
27	91
0	1
0	37
0	0
0	0
0	40
10	73
0	0
0	26
0	6
0	0
0	0
0	0
0	0
0	0
0	0
0	0
0	0
0	0
210	87
0	0
0	0
0	0
0	0
1	0
0	0
0	0
0	0
0	0
0	0
0	0
0	0
0	0
0	0
0	0
0	0
0	0
0	0
0	0
0	0
0	0
0	0
0	0
0	0
0	0
6	243
0	266
10	243
205	25
0	26
0	81
0	3
0	2
0	68
2	205
25	147
5	160
164	894
0	271
0	619
5	402
0	128
0	122
0	23
9	109
0	24
0	50
0	0
0	6
0	39
0	0
179	4
0	0
0	0
0	0
0	0
0	0
0	0
0	0
14	7
0	7
0	861
0	642
0	816
0	240
15	233
4	229
0	228
0	205
0	30
0	0
0	0
3	303
282	4815
0	4815
0	0
0	0
0	0
0	0
0	0
0	0
0	0
0	0
0	0
0	0
0	0
0	0
0	0
0	0
0	0
0	72
0	72
0	0
0	0
0	69
0	72
0	0
0	72
0	0
0	0
0	72
0	0
0	0
0	0
272	72
0	0
0	0
0	0
0	0
0	0
0	0
0	0
0	1296
0	1023
0	1159
58	1296
0	1346
0	1017
0	1340
0	26
0	1086
0	978
193	2943
0	59
0	36
0	2932
0	17
3	1616
0	148
0	0
0	0
0	0
14	4
0	4
1869	10
1050	343
0	112
0	215
0	109
0	35
0	0
2669	0
0	0
0	0
4	2723
0	59
0	2717
0	66
2	77
16	2277
0	44
23	2598
0	33
0	31
0	109
17	27
2	2639
14	9
0	31
0	9
2	92
0	0
0	2
0	40
39	2086
0	39
0	81
0	126
0	389
0	175
4	188
0	36
0	24
0	0
0	1
0	10
0	9
0	0
0	0
0	0
0	0
0	0
0	0
0	0
0	0
0	0
0	2
0	0
0	138
0	139
0	137
0	116
0	4
30	437
287	379
0	414
0	54
0	42
0	43
0	49
0	26
0	23
0	43
5501	0
0	0
38	0
0	0
0	0
0	0
0	0
0	0
0	0
0	0
0	0
0	0
0	0
0	0
0	0
0	0
0	0
0	0
0	0
0	0
0	0
0	0
0	0
0	0
0	0
0	0
0	0
0	0
0	0
0	0
0	0
0	0
0	0
0	0
0	0
0	0
0	0
0	0
0	0
0	0
0	0
0	0
0	0
0	0
0	237
0	194
0	233
3	596
0	672
0	613
0	520
40	169
0	138
7	267
0	16
0	166
8	13
0	230
0	166
0	136
63	0
0	0
0	25
0	247
1	587
0	64
0	587
0	587
0	587
9	587
0	44
0	189
0	0
0	19
0	77
0	81
0	58
0	71
0	33
0	53
0	18
0	31
0	29
0	8
0	20
0	25
0	25
0	30
0	0
0	13
0	0
0	4
0	3
0	3
0	0
0	0
0	0
23	0
0	0
776	0
79	52
7	39
5	38
0	0
0	90
0	97
0	82
0	80
0	25
0	0
0	0
0	0
0	0
9311	0
0	0
0	0
13	4
0	1
182	0
3	3
0	3
22	1837
17	583
1	1457
0	272
0	565
176	1754
0	507
0	18
0	65
0	0
0	0
0	0
23262	2221
0	0
0	0
0	0
0	1
0	0
0	0
2	6297
2	5677
0	6087
6	822
21	200
0	0
0	0
0	0
892	1032
0	102
7	939
0	0
7	943
10	269
0	58
0	0
0	0
0	0
0	0
0	0
0	0
0	0
133	1433
0	1166
0	0
0	1401
0	0
0	40
0	48
13	29
7	36
145	470
0	349
0	67
0	1
0	134
0	58
0	0
0	0
0	0
0	32
0	32
19	1489
0	1516
0	785
0	56
0	665
1	293
0	293
0	1
0	1
0	0
66	19
0	15
0	0
0	4
0	0
0	5
0	0
0	6
0	69
0	1
0	0
0	77
0	2
0	2
0	8
0	8
0	64
0	18
0	8
0	75
1	42
0	1
0	3
0	6
0	17
0	0
0	0
0	11
0	858
4	1277
0	806
0	1092
0	861
7	1095
0	1203
0	1203
0	798
0	335
0	812
1	789
0	819
0	522
4	549
0	82
0	299
0	340
0	227
0	478
0	234
0	157
0	173
0	8
0	113
0	7
0	20
0	0
0	135
0	135
0	13
0	0
0	4
0	8
0	4
0	11
0	8
0	0
125	2595
79	2595
0	0
171	1106
6	1106
0	0
0	0
0	0
0	0
0	0
0	0
0	0
0	0
0	0
0	0
0	0
0	0
0	0
0	0
0	0
110	190
31	111
0	111
0	0
0	0
13	89
9	8
0	163
5	831
3	1337
1	875
22	982
70	1367
1	326
0	93
0	174
0	0
0	0
1	531
0	623
0	676
0	618
1	667
10	668
2	648
43	771
0	263
0	343
0	208
0	38
0	34
9	148
0	27
0	117
4	130
18	150
0	10
6	145
0	55
0	56
0	44
0	0
0	0
0	0
0	0
3	88
0	63
0	5
967	878
0	186
0	129
0	196
0	15
0	7
0	38
0	0
48	163
25	429
0	27
29	9
0	9
0	9
0	15
0	0
0	0
0	0
0	0
0	0
0	0
0	0
22	3117
0	2622
0	1337
0	511
10	509
28	507
0	2224
0	947
0	418
2	1517
0	1037
0	1345
0	321
0	653
0	342
0	0
0	139
0	632
0	88
5	629
0	1
0	0
0	0
0	0
0	0
0	0
0	0
0	0
0	0
0	0
0	0
0	0
0	0
0	0
0	0
6	122
6	32
0	6
0	74
37	86
37	80
7	9
2	1468
13	264
61	181
0	122
0	212
0	1222
0	1263
3	1119
7	1038
14	623
26	1075
0	1010
16	24
2	831
0	629
1	226
0	735
0	463
0	521
0	397
0	479
8	498
0	576
0	328
2	784
0	605
0	25
0	0
0	88
0	76
0	528
0	0
0	0
143	3230
14	2993
6	3077
28	898
0	339
0	328
5	695
0	679
4	268
10	350
0	694
3	573
0	370
0	1
0	102
0	100
0	100
0	106
33	92
0	87
38	532
173	535
0	97
0	184
26	518
17	5528
198	5910
0	4997
0	5284
15	6107
3	5758
0	5943
78	5131
1	1149
0	1075
0	4877
0	4736
21	3919
5	854
119	363
0	538
6	917
0	1574
0	88
49	745
35	6
3	5
0	447
29	1294
0	1125
55	2313
0	1422
1	1168
0	736
7	287
0	330
0	523
0	294
0	301
0	610
0	35
0	667
0	6
3	722
5	6
0	9
0	709
6	665
3	710
0	62
0	0
0	1
0	0
0	209
1502	666
0	1
0	36
0	534
0	444
0	539
89	0
0	97
0	219
0	45
0	46
0	107
0	52
0	1
0	106
0	0
0	0
0	0
0	0
0	0
43	101
0	109
10	102
0	1
0	18
0	0
0	0
0	0
0	0
0	0
2195	214
0	0
0	0
0	0
0	0
0	0
0	0
0	0
0	0
0	0
0	0
0	0
0	0
0	0
0	0
0	0
0	0
0	0
0	0
0	0
0	0
0	0
0	0
0	0
0	0
0	0
0	0
0	0
0	0
0	0
0	379
0	983
7	972
0	785
0	932
0	785
0	579
18	940
5	103
0	116
0	64
0	102
162	604
2	136
0	366
0	86
44	454
5	118
0	25
15	8
0	0
0	4
0	5
0	8
66	57
19	57
4	2384
25	2383
0	302
0	2403
0	397
0	350
0	235
0	423
15	743
3	1205
5	688
0	932
0	116
0	906
12	682
0	69
7	791
0	65
0	0
0	0
4	595
1	624
9	648
0	422
0	67
0	0
0	0
0	690
0	594
16	672
0	607
19	673
7	696
11	559
0	69
0	127
0	200
4004	1813
0	1135
0	1529
0	58
0	0
0	0
0	16
0	18
44	3415
0	3281
0	3249
0	1143
0	3338
0	3136
0	2386
0	3118
36	2369
0	1254
0	1301
0	1406
9	1163
0	1028
0	6
0	100
0	550
0	562
0	531
0	823
0	309
0	352
0	42
0	105
0	0
0	183
0	20
414	485
0	485
0	86
0	25
0	0
0	0
0	0
1	21
0	43
0	43
0	0
0	31
2	33
0	6
0	7
0	0
0	1176
389	6933
37	5689
4	2294
0	1159
34	570
0	483
3	524
0	0
0	0
0	0
2	481
0	76
4	526
3	526
0	485
0	7
11	1961
5	1907
0	1913
0	1796
0	48
0	134
0	1518
0	20
0	0
0	72
0	0
0	0
0	0
2022	0
0	0
0	38
0	38
0	43
0	8
0	6
0	5
0	4
0	8
0	9
0	5
0	0
0	0
0	0
0	0
0	0
0	0
0	0
0	0
0	1690
0	1597
0	1814
0	356
0	1659
0	1126
0	1036
0	946
0	367
4	295
0	0
0	0
0	0
0	0
7	1397
31	1397
0	1393
0	101
0	0
0	76
349	543
0	515
0	35
0	87
0	1
0	10
0	0
0	87
0	25
0	0
0	0
0	0
56	288
17	165
1	114
0	51
0	49
0	16
0	0
0	0
0	0
0	0
0	0
0	0
0	0
0	0
0	0
0	0
0	0
0	0
0	0
0	0
0	0
0	0
0	0
0	0
0	0
0	0
0	0
0	0
0	0
0	60
71	77
8	57
59	62
0	75
1	13
0	51
18	45
0	0
0	0
0	0
0	0
0	0
0	0
0	73
0	72
0	82
0	68
0	75
0	17
0	82
0	0
0	68
0	59
0	81
0	5
0	76
0	50
10	66
0	0
15	1417
0	1443
4	1434
0	10
0	811
0	399
3	819
17	530
0	27
0	0
0	0
0	0
0	0
0	0
0	0
0	0
0	0
0	0
0	0
0	0
0	0
339	0
0	0
379	6604
0	6604
0	2
0	23
0	0
14	826
0	826
0	0
0	0
0	799
0	868
1	568
3	800
4	93
0	277
0	36
0	0
0	0
0	0
0	0
0	0
0	0
0	0
0	0
0	0
0	0
0	0
0	0
0	0
0	0
0	0
0	0
0	0
0	0
0	0
5686	0
0	0
0	1636
0	1609
0	58
0	86
0	57
0	36
0	52
0	111
0	83
2	89
0	60
0	6
0	36
0	228
0	260
0	278
0	193
0	112
2	221
0	202
0	1
0	0
9	326
3	381
0	133
0	259
0	155
0	4
0	36
0	163
5	167
0	26
0	17
0	15
0	7
0	13
0	0
0	0
0	1
0	0
0	0
0	1
0	0
0	0
0	0
0	0
0	0
0	26
0	26
0	6
0	2
0	1
0	2
0	0
976	541
0	152
0	180
0	180
0	62
0	92
0	125
2	71
0	42
0	0
0	0
0	0
0	0
0	0
0	0
0	0
0	0
0	0
0	0
0	0
0	0
0	0
0	0
0	0
0	0
0	0
0	0
0	0
0	0
0	0
0	0
0	0
0	0
0	0
0	0
0	0
0	0
0	0
0	0
0	0
0	0
0	0
0	0
0	0
275	1542
2479	1542
0	0
0	0
0	21
0	22
0	0
0	22
0	0
0	0
0	1
0	18
0	0
0	0
0	0
21	17
0	10
0	7
10	17
0	0
0	4
0	0
0	0
0	0
0	0
0	0
0	0
0	0
0	0
0	0
0	0
0	0
0	0
0	0
0	0
0	0
0	0
18	379
4	379
0	1
0	0
0	84
0	99
0	1
0	22
0	61
0	0
21	5652
551	5652
0	0
0	0
0	0
0	0
29	571
0	521
35	805
0	663
0	711
34	383
0	0
0	0
0	0
2	646
53	646
6	51
0	51
8	50
0	1
0	1
0	0
0	0
0	0
0	0
0	0
0	0
0	0
0	0
215	0
0	0
0	0
0	0
0	0
0	0
0	0
0	0
0	0
0	0
0	0
0	0
0	0
0	0
0	0
0	0
0	0
0	0
0	0
0	0
0	0
0	0
0	0
0	0
0	0
2	969
0	958
0	118
0	93
0	410
0	575
0	1625
2650	1613
0	15
0	226
0	268
4	233
0	216
0	55
0	14
6	267
0	209
0	0
14	363
1	1280
6	945
0	1277
0	601
320	1267
0	433
0	141
0	0
0	17
7	17
0	0
0	0
0	0
0	0
0	0
0	0
0	0
0	0
0	0
0	0
0	0
0	0
0	0
0	0
0	0
0	0
36	9658
7	2209
46	9155
210	936
0	559
0	231
0	332
0	142
0	183
0	227
7	260
0	197
0	40
0	13
0	59
50	161
3	122
0	38
0	82
10	19
0	27
0	0
0	17
0	6
0	3
1479	0
0	0
0	0
20	7711
0	7292
0	4
11	2009
0	2
32	0
0	523
0	0
0	0
0	0
0	0
0	0
0	0
0	0
0	0
0	0
0	0
0	0
0	0
0	0
0	0
0	0
0	0
0	0
0	0
0	0
0	0
0	0
0	0
0	0
0	0
0	0
116	0
0	0
2	79
0	64
22	84
173	53
0	21
17	68
2	23
0	54
0	73
0	11
0	20
0	23
0	31
0	0
0	0
0	0
0	0
0	54
0	46
0	53
0	53
0	48
0	56
0	53
0	53
0	45
2	1064
0	819
0	875
5	865
0	943
0	915
0	775
0	975
0	730
7	846
0	898
0	843
0	728
0	843
0	726
0	601
0	702
0	732
0	923
0	889
0	917
0	954
0	936
0	933
0	746
0	867
0	951
0	722
0	578
0	311
0	269
0	806
0	139
3	713
0	514
0	357
0	750
0	296
0	352
0	118
0	573
0	225
0	233
0	461
0	859
0	17
0	831
0	822
0	845
0	493
0	741
0	891
0	894
3	887
1	490
0	503
0	94
0	260
0	50
36	22
0	161
5	387
0	266
0	53
0	214
0	28
0	260
0	57
0	4
0	0
0	0
0	0
0	0
0	0
0	0
0	0
0	0
0	0
0	0
0	0
0	0
0	0
0	0
0	0
0	0
0	0
0	0
0	0
0	0
0	0
0	0
0	0
0	0
0	0
0	0
0	0
0	0
0	0
0	0
35	516
0	0
0	0
0	0
0	0
0	0
0	0
0	0
0	0
0	0
0	0
0	0
0	0
0	0
0	0
0	0
0	0
0	0
0	0
0	0
0	0
0	0
0	0
0	0
0	0
9	401
0	60
0	273
0	108
0	201
0	1
2	444
0	312
210	1389
5	410
0	270
12	884
89	1202
0	493
0	0
0	0
0	0
0	0
0	0
0	0
0	0
0	9
0	0
0	0
0	36
0	0
0	32
0	0
0	0
0	400
7	309
1	296
0	137
0	133
0	146
0	82
0	213
0	141
0	50
0	0
0	18
127	0
17	288
20	288
6	0
0	1
8	12
0	799
0	927
0	104
68	863
0	50
0	63
0	920
0	920
0	6
0	9
0	54
0	891
0	176
0	33
0	148
7	293
0	127
29	226
0	2
0	106
0	4
3	229
3	237
0	273
0	266
3	188
1580	796
65	42
0	754
568	117
0	26
0	91
0	29
0	0
0	0
0	0
0	0
0	0
0	0
0	0
0	0
0	0
0	0
0	0
0	0
0	0
0	0
0	0
0	0
0	0
0	0
0	0
0	0
0	0
0	0
0	0
0	0
0	0
0	0
0	0
0	0
0	0
0	0
789	116
0	116
0	0
250	3110
30	2222
5	2700
0	1268
0	2781
5	802
39	43
0	0
0	0
0	0
0	0
97	1045
12	551
13	1247
0	1194
0	1247
0	1053
0	344
27	344
0	418
0	236
0	134
0	224
27	163
0	0
3	1070
9	756
0	1015
13	635
5	1038
0	527
0	120
0	149
0	149
0	80
0	222
0	227
0	0
2	178
0	95
0	83
0	97
0	57
0	0
0	0
0	0
0	0
0	0
0	0
0	0
0	16
0	16
0	16
0	11
2	16
0	8
0	0
0	0
0	0
0	0
0	0
0	0
0	0
0	0
0	0
0	0
0	0
0	0
0	0
228	465
28	465
0	0
25	0
0	0
0	0
0	0
0	0
0	0
0	0
0	0
0	0
0	0
0	0
0	0
0	0
0	0
0	0
0	0
0	0
0	0
0	0
0	0
0	0
0	3120
6	3073
0	3206
0	3119
0	3080
0	3171
2	2317
0	2904
2	2991
0	2335
0	2272
0	2350
0	2362
0	2419
2	1949
0	2169
0	2007
11	1531
0	228
0	1
0	0
0	0
0	0
0	0
0	0
0	0
19	0
0	0
0	0
0	0
57	1316
12	1132
6	1273
0	0
756	554
0	0
0	0
0	0
3	106
0	25
0	113
0	35
3	111
0	5
0	4
0	0
0	12
0	9
0	1
0	0
0	0
0	0
0	0
0	0
0	0
0	0
0	0
0	0
0	0
0	0
41	751
0	0
0	751
57	609
0	0
0	0
0	0
0	0
0	0
149	3193
87	3193
0	7
0	0
0	0
7	0
0	0
21	0
0	0
0	0
0	0
7	2854
314	2854
5	760
118	3618
0	3167
0	3618
0	3697
0	3498
0	3624
0	3339
0	3234
0	530
0	151
0	0
0	2582
0	2583
3	2267
0	2556
0	335
25	435
7	731
27	1157
0	7
8	2441
0	2455
0	958
0	678
0	1263
7	1060
86	413
18	1001
0	665
19	720
22	879
519	512
31	0
0	19
0	0
0	0
0	0
19	19
0	0
0	0
0	0
0	0
0	0
0	0
0	0
0	0
0	0
0	0
0	0
0	0
0	0
0	0
0	0
1269	0
0	0
0	0
0	0
24	635
7	635
0	8
6	489
0	0
0	0
0	539
41	539
0	0
35	225
14	1705
0	1560
9	70
0	117
15	312
0	725
30	320
0	0
0	0
0	0
0	0
0	0
0	3260
4	3023
2	3258
23	3591
0	3509
2	3523
0	3507
0	3516
0	3269
2	3513
0	557
0	152
0	334
0	30
0	9
1	213
3	159
0	102
0	36
0	14
1	17
0	18
0	7
0	5
5	3651
296	517
13	467
0	471
53	468
2	153
17	0
1	0
0	0
0	0
0	0
0	0
19	0
78	0
0	0
0	0
0	0
0	0
0	0
0	0
0	0
0	0
0	0
0	0
114	5588
928	5588
0	0
0	0
28	0
0	0
0	0
0	0
0	0
0	0
0	0
0	0
0	0
0	0
0	0
0	0
20	0
0	0
1	1016
547	899
0	460
23	121
175	887
0	90
0	12
0	0
31	2490
0	2574
0	162
19	2528
28	2270
3	2250
5	2171
0	235
0	322
0	0
0	0
0	0
165	796
24	800
7	803
0	339
9	698
0	295
0	0
205	0
0	0
0	0
0	0
0	0
0	0
0	0
0	0
0	0
0	0
0	0
0	0
2	1844
0	1811
0	1292
0	517
0	568
0	514
0	0
0	0
1	22
0	22
0	0
0	0
0	0
0	0
0	0
0	0
0	0
0	0
0	0
0	0
0	0
22	310
3	102
0	359
0	21
0	38
0	36
0	120
0	1
0	527
12	622
13	670
11	157
0	0
0	0
0	0
0	0
0	0
0	0
0	0
0	0
0	0
0	0
0	0
0	0
0	0
0	0
0	0
0	0
0	0
0	0
0	0
0	0
0	0
0	0
0	0
0	0
0	0
0	0
0	0
0	0
69	0
19	2822
0	2807
10	221
0	198
0	12
0	0
0	0
0	0
0	0
224	172
21	511
30	521
0	100
77	55
0	0
0	0
0	0
0	0
0	0
0	0
0	0
206	1170
762	1037
126	1066
0	1001
0	0
0	0
0	0
0	0
0	0
0	0
1	5656
0	0
0	0
0	0
0	0
0	0
0	0
0	0
0	0
0	0
0	0
0	0
0	0
0	0
0	0
0	0
0	0
0	0
77	0
0	0
2	2026
3	2022
36	2006
1	2021
5	2026
28	2023
42	2007
0	1522
0	742
3	493
1	335
3	239
0	52
0	64
1	604
120	842
0	138
0	22
2	601
2	839
0	374
0	0
0	0
0	0
0	0
0	0
467	13691
178	13362
914	12028
60	36
0	5626
0	378
0	906
0	588
0	7692
0	0
0	0
0	0
0	316
0	0
0	0
0	0
0	0
0	0
0	0
0	0
0	0
0	0
0	0
0	0
0	0
0	0
0	0
0	0
0	0
0	0
0	0
0	0
0	0
0	0
0	0
0	0
0	0
0	0
0	0
0	0
0	0
0	0
0	0
0	0
0	0
0	0
0	0
0	0
0	0
0	0
0	0
0	0
0	0
0	0
19	1104
24	1002
113	728
38	590
0	194
0	194
0	997
0	68
32	211
0	0
0	0
37	0
22	2789
3	128
10	218
1	2602
0	231
0	2
0	0
0	0
0	0
0	0
0	0
0	0
0	0
0	0
0	0
0	0
0	0
0	0
0	0
0	0
0	0
0	0
0	0
0	0
0	0
0	0
0	0
0	0
0	0
0	0
0	0
0	0
0	0
0	0
0	0
0	185
14	190
0	143
0	0
0	29
0	22
0	10
0	4
0	6
6	291
0	289
0	289
0	288
5	39
0	33
0	18
0	0
0	0
0	0
0	0
0	0
0	0
0	0
0	0
0	0
0	0
0	0
0	0
0	0
0	0
48	57
2	111
0	9
0	0
5	98
0	1
0	0
5	82
7	101
0	19
883	10
0	10
219	525
21	379
22	167
0	475
63	430
0	397
0	0
0	0
0	0
0	0
0	0
0	0
0	0
0	0
0	0
0	0
0	0
0	0
0	0
0	0
5	1514
0	89
1	1719
0	182
0	86
0	8
0	1518
0	1698
16	171
1	198
0	64
0	157
22	1619
0	112
0	248
0	1530
0	157
0	98
0	137
0	183
9	590
8	0
0	260
1	244
4	286
22	238
0	273
0	98
0	141
0	16
0	0
0	0
0	0
0	0
0	0
0	0
9	2
0	0
0	2
0	0
0	0
0	21093
0	38
0	20018
0	0
0	2062
0	32
0	5303
0	23
0	4001
0	2236
0	38
0	2936
0	21093
0	0
0	19835
0	22323
0	0
0	38
0	0
0	2490
0	1746
0	38
0	38
0	11190
5	8743
0	5134
3	6456
424	21359
11	444
0	7922
0	5236
0	3910
5	1623
0	5323
48	20270
0	8422
0	62
0	0
11	20506
0	22325
65	20966
689	21043
10	591
0	3666
2	74
0	9258
0	8012
0	7493
0	2937
0	16
4	19849
69	20316
37	19820
0	3090
20	3906
0	2753
2	475
0	28
0	0
0	0
0	0
0	0
0	0
0	0
2	1265
0	64
4	128
0	10
18	276
0	1126
0	861
0	910
33	379
4	383
0	7
11	436
0	101
1722	1405
0	1405
27	654
0	99
0	994
2412	1062
2	305
32	68
1276	849
91	744
31	452
0	143
0	0
0	68
0	0
0	68
0	0
0	0
0	0
0	0
0	0
0	0
0	0
0	0
0	0
0	0
0	0
0	0
0	0
0	0
0	0
0	0
0	0
0	0
0	0
0	0
0	0
0	0
0	0
0	0
0	0
0	0
0	0
0	0
0	0
0	0
0	0
0	0
0	498
2	504
0	60
0	15
415	0
0	0
0	0
0	0
0	0
0	0
0	0
0	0
0	0
0	0
0	0
0	0
0	0
0	0
0	0
0	0
0	0
0	0
0	0
0	0
0	0
0	0
0	0
0	0
0	0
0	0
0	0
0	0
0	0
0	0
0	0
0	0
0	0
0	0
0	0
0	0
0	0
0	0
0	0
0	7
1043	1929
12	1879
0	287
0	254
0	7
0	23
0	0
0	27
0	0
0	0
0	0
0	0
5	173
0	270
734	454
0	243
11	279
1	2011
34	5739
2	3940
0	3691
0	1253
17	1876
0	5
699	160
0	165
0	11
0	115
0	2
0	88
0	495
0	579
0	143
0	51
0	98
0	34
0	14
32	0
0	0
0	0
0	0
0	0
0	4
3	149
0	817
0	729
0	734
0	128
0	760
3	328
12	606
3	632
6	607
0	746
0	572
0	2
0	675
0	536
2	535
0	727
0	635
0	268
9	676
0	552
0	106
0	10
22	61
26	50
0	64
0	1360
0	811
0	1360
0	66
0	216
0	0
0	0
0	7
25	10
0	1
0	0
0	1
0	1
0	0
0	0
0	0
0	0
0	0
0	3
0	0
0	0
0	0
0	0
0	0
0	0
0	0
62	6701
0	18833
14	1432
0	17948
0	1187
565	96
0	96
30	0
0	0
0	0
0	0
0	0
0	0
0	0
0	0
0	0
0	0
0	0
0	0
0	0
0	0
0	0
0	0
0	0
0	0
0	0
0	0
0	0
0	0
0	0
1	445
13	361
0	443
4	122
0	9
0	105
0	127
0	9
0	5
100	0
52	0
0	0
0	0
0	1
0	0
0	0
0	0
0	0
0	0
651	70
0	70
0	640
0	278
1736	749
0	138
0	0
0	79
0	0
0	0
0	0
0	76
0	0
0	0
0	0
0	1
0	11
4	83
3	81
0	6
120	83
22	83
0	0
0	0
0	1499
0	1483
131	985
0	905
0	887
3	885
0	752
11	0
3655	0
0	0
184	5100
79	5113
1080	4160
36	316
178	4103
0	190
3	3306
0	0
0	0
22	0
1	0
14	18
0	18
0	7
0	0
0	0
0	0
0	0
0	0
0	0
0	0
9008	765
0	765
0	0
0	34
8	34
0	1
0	0
0	0
0	0
0	0
0	0
0	0
0	0
0	0
0	0
0	0
0	0
0	815
0	1162
0	1103
0	40
0	198
0	151
0	230
0	116
0	592
0	159
62	226
0	998
0	67
0	835
0	211
0	98
12	685
0	774
0	1
0	18
0	168
10	671
4	241
0	0
0	0
0	0
0	0
0	0
0	0
0	0
0	0
0	0
0	0
0	0
0	0
0	0
0	0
0	0
0	0
0	0
0	0
0	0
0	0
0	0
0	0
0	0
0	0
0	0
0	0
0	0
0	0
0	0
0	0
0	0
0	0
0	0
0	0
0	0
0	0
0	0
0	0
0	0
0	0
0	0
0	0
0	0
0	0
0	0
0	0
0	0
0	0
0	0
0	0
0	0
0	0
0	0
0	0
0	0
0	0
0	0
0	0
0	0
0	0
0	0
0	0
0	0
0	0
0	0
0	0
0	0
0	0
0	0
0	0
0	0
0	0
0	0
0	0
0	0
0	0
0	0
0	0
0	0
0	0
0	0
0	8
0	8
0	3
0	4
0	4
0	2
0	0
0	0
4192	2119
0	61
11	1125
72	1536
1	12
0	12
0	0
0	0
0	0
0	3
14	3
0	3
104	679
12	135
49	707
0	22
2	67
0	81
0	433
3	463
3	463
16	17
0	17
0	20
2	20
0	11
0	1
0	1
0	307
0	290
0	17
0	309
1	267
0	243
4	84
0	29
0	31
0	0
0	16
0	0
0	16
0	107
0	126
8	254
8	171
0	130
0	10
0	575
0	575
0	449
0	579
1	360
6	360
10	575
1	531
2	451
36	333
0	0
10	356
0	96
0	2
0	336
0	339
63	379
5	304
0	15
0	337
0	315
0	114
0	87
0	59
0	51
7	491
0	44
0	30
0	0
0	18
29	190
0	18
1	226
2	71
0	125
0	6
0	1
0	130
0	6
0	6
0	84
7	89
1	46
0	8
0	40
0	16
0	35
0	5
0	8
0	9
0	9
0	1
0	0
0	0
0	1
0	0
0	0
0	0
0	0
46	4
0	4
0	1139
12	1185
0	395
34	1271
0	1260
0	1218
0	1180
0	1217
0	1180
12	1007
31	2233
43	2233
0	0
0	0
0	0
0	0
1	545
14	476
0	469
7	386
0	99
0	15
0	1
0	0
0	0
1	12
0	0
519	12
266	89
1	88
16	75
0	4
5440	0
0	103
3	85
5	25
0	4
0	4
5	0
0	0
0	76
0	94
0	36
0	61
0	0
0	60
12	15
0	55
0	11
0	55
0	57
0	18
0	27
0	23
0	4
0	7
0	0
0	538
4	523
5	53
0	0
0	103
3	103
0	103
0	0
0	0
0	0
0	0
0	0
0	0
0	0
0	0
0	0
0	83
10	361
0	140
0	15
34	378
0	33
3	0
0	32
0	1
0	34
0	183
0	0
0	16
0	2
0	0
0	1
0	0
0	0
0	0
0	0
0	0
0	0
0	0
0	0
0	0
0	0
0	0
0	0
0	0
0	0
0	0
1292	227
113	227
112	0
0	0
0	0
0	0
14	18
5	0
0	12
0	0
0	0
16	12
0	0
0	0
0	0
0	0
0	0
0	0
0	0
38	0
0	0
0	0
0	0
0	0
0	0
0	0
0	0
0	0
0	0
0	0
0	0
0	6
0	0
0	0
0	0
0	16
0	22
0	0
0	0
0	0
0	0
0	0
0	0
0	0
0	0
0	0
0	0
0	0
0	0
0	0
0	0
0	0
0	0
0	0
0	0
0	0
0	0
0	0
0	0
0	0
0	0
0	0
0	0
0	0
0	0
0	4
0	0
0	0
0	0
0	0
0	0
0	0
0	0
0	0
0	0
0	0
0	0
0	0
0	4
0	0
0	0
0	0
0	0
26	2
0	0
12	0
0	0
0	0
0	0
0	0
0	0
0	0
0	0
0	0
0	0
0	0
0	0
0	0
0	0
5	15
0	12
0	4
0	0
0	0
0	0
0	0
0	0
0	0
0	7
0	0
0	0
0	0
0	0
0	0
0	0
0	0
0	0
0	0
0	0
0	0
0	0
1843	151
0	151
0	1903
278	3173
0	3134
2	3138
3	3178
0	3134
63	72
0	5
0	3
0	4
0	0
0	0
0	0
0	0
0	0
0	0
52	0
0	0
8	1
0	1
0	0
0	0
0	0
0	0
0	0
0	0
0	0
0	0
0	18
0	18
0	18
8	18
0	11
0	0
0	0
0	0
0	0
0	0
0	0
0	0
0	0
0	0
0	0
0	0
0	0
0	0
0	0
0	0
0	0
0	0
0	0
0	0
0	0
0	0
0	0
0	0
493	9510
0	4278
10	9550
0	9550
0	1466
0	918
0	94
0	1086
0	718
0	1710
0	0
0	0
0	0
0	1
0	0
0	0
0	0
0	1
0	0
0	0
0	0
0	0
0	0
0	0
0	0
0	0
0	1
0	0
0	1
4	2
0	0
0	1
0	0
0	0
0	0
0	0
0	0
0	0
0	0
0	0
0	0
0	0
0	0
0	0
0	0
0	0
0	0
0	0
0	0
0	0
0	0
0	0
0	0
0	0
0	0
0	0
0	0
0	0
0	0
0	0
0	0
0	0
27	1534
276	1632
0	473
0	88
0	243
0	31
0	1
6	5
0	0
13	0
0	0
0	0
0	0
880	390
0	389
24	281
3	211
0	83
15	3
0	0
0	0
0	0
0	0
0	0
5	21
0	15
0	13
0	19
0	19
0	17
0	13
0	0
0	0
0	0
0	0
0	0
0	0
0	0
0	0
0	0
0	0
0	0
5	7653
0	0
0	0
0	0
0	0
0	0
0	0
0	0
0	0
0	0
0	0
0	0
0	0
0	0
0	0
0	0
0	0
0	0
0	0
0	0
0	0
0	0
0	0
0	0
0	0
0	0
0	0
0	0
0	0
0	0
0	0
0	0
0	0
0	0
0	0
0	0
0	0
0	0
0	0
0	0
0	0
0	0
0	0
0	0
0	0
0	0
0	0
0	0
0	0
0	0
0	0
0	0
0	0
0	0
0	0
0	0
0	0
0	0
0	0
0	0
0	0
0	0
0	0
0	0
0	0
0	0
0	0
0	0
0	0
8	0
0	0
0	0
0	0
0	0
0	0
0	0
0	0
0	0
0	0
0	0
0	0
0	0
0	0
0	0
0	0
0	2503
0	0
6	184
18	221
39	28
0	74
0	0
0	0
35350	0
46	0
130	1238
2	1238
14	759
6	45
0	85
0	68
3	19
0	0
0	0
0	0
0	0
0	0
0	542
17	1479
322	1728
0	1479
21	1482
36	1515
78	1503
0	780
0	756
44	757
0	79
0	0
0	3613
0	2970
0	3338
1	3768
0	3197
0	2966
0	2617
0	357
37	2381
11	1587
0	124
0	270
0	960
0	300
0	0
0	54
0	2
0	0
0	0
0	0
0	0
0	0
0	0
0	0
0	0
0	0
18	2
0	2
0	0
0	0
0	0
0	0
0	0
0	0
0	0
17	0
0	0
0	0
0	0
0	0
0	0
0	0
0	0
0	0
0	0
0	0
0	0
0	0
0	0
0	0
0	0
0	0
3	0
0	0
0	0
0	0
0	0
0	0
0	0
0	0
0	0
0	0
0	0
0	0
0	0
0	0
0	0
8	0
0	0
0	0
0	0
0	0
0	0
0	0
0	0
0	0
0	417
12	389
17	115
0	0
0	0
0	961
0	962
0	962
0	23
0	29
5	329
0	134
0	0
99	363
0	317
39	343
4	367
0	69
0	35
0	19
0	0
56	1725
0	1791
4	1673
17	1645
0	126
40	217
0	912
0	8932
25	3114
233	9334
82	10381
3	9286
0	492
3	477
0	3426
0	2251
10	2345
0	577
0	0
0	5
0	0
0	2
0	55
0	59
0	57
0	55
0	55
2	60
0	51
0	15
0	57
0	20
0	19
0	7
0	20
0	0
0	0
0	0
0	0
0	0
0	0
0	0
0	0
0	0
0	0
0	0
17	1176
22	1176
0	0
0	133
0	131
0	100
1	65
4	39
0	5
0	0
0	0
0	0
0	0
0	0
0	0
0	0
0	0
0	0
0	0
0	0
0	0
0	0
0	0
0	0
0	0
0	0
0	0
0	0
0	0
0	0
0	0
0	0
0	0
0	0
0	0
0	0
0	0
0	0
0	0
0	0
0	0
0	0
0	0
0	0
0	0
0	0
0	0
0	0
0	0
0	0
0	0
0	0
0	0
0	0
0	0
0	0
0	0
0	0
0	0
0	0
0	0
0	0
0	0
0	0
0	0
0	0
0	0
0	0
0	0
0	0
0	0
0	0
0	0
0	0
0	0
0	0
0	0
0	0
0	0
0	0
0	0
0	0
0	0
0	0
0	0
0	78
0	2
0	78
10	78
0	6
0	0
0	0
0	0
0	0
0	0
0	0
879	2068
0	1994
0	282
23	2005
0	0
0	0
0	757
34	719
0	701
153	430
0	7
0	129
0	0
0	0
0	0
22	1
0	1
0	0
0	0
0	0
0	0
0	0
0	0
0	0
1	8
33	8
0	0
0	0
0	0
0	0
0	0
0	0
1	13
40	13
0	0
0	0
0	0
57	0
0	0
0	0
0	0
0	0
0	0
0	0
0	0
0	0
0	0
0	0
0	0
0	0
0	0
0	0
0	0
0	0
0	0
0	1
0	1
0	1
0	1
0	261
0	296
0	0
15	375
0	495
101	596
0	145
28	430
0	128
0	184
0	0
0	0
0	369
0	373
0	208
0	387
0	360
0	230
0	13
0	1
0	22
0	93
0	12
0	22
13	22
0	0
1	1123
136	623
0	922
21	441
47	845
0	3
0	2
0	415
17	343
8	11
0	8
0	0
0	0
0	5
0	8
0	0
0	0
0	0
0	0
0	0
0	0
0	0
0	0
0	0
0	0
0	0
0	0
0	0
0	0
0	0
0	0
0	0
0	0
0	0
0	0
0	0
0	0
0	796
10	1419
0	1060
0	47
2	910
0	508
0	438
0	563
6	338
0	198
0	2004
27	559
0	320
76	466
105	1198
6	319
0	1014
0	126
0	351
0	0
0	0
0	0
1951	100
1	100
0	0
120	1693
11	494
8	1733
0	780
72	1724
0	5
0	17
21	580
0	0
0	7
16	557
0	73
3	138
0	1
0	22
0	15
0	0
0	0
0	0
0	0
0	0
0	0
0	0
6	1285
2	1249
0	1266
0	1179
0	4
0	1
0	15
0	156
161	747
0	214
0	24
22	235
0	434
0	379
0	286
0	16
8	139
0	130
0	0
6	28952
0	380
308	7374
488	23189
3	28414
2402	21853
0	330
0	20342
4	2932
43	127
0	63
0	1436
0	1017
0	944
0	1175
1	1838
109	4227
0	2366
77	1195
0	2434
0	0
0	470
1	581
11	578
0	710
0	435
2	209
0	321
0	490
2	512
0	426
13	160
0	65
0	0
0	1996
1	125
0	100
18	34
2	119
0	100
0	13
0	25
0	16
0	24
34	202
0	156
0	181
0	79
0	25
0	10
0	46
0	49
0	8
0	32
0	34
0	9
0	0
0	1
0	34
0	0
0	1
4	38
0	45
0	29
0	39
0	47
0	38
0	46
0	0
0	5
0	29
0	0
1	31
0	4
0	0
0	3
0	3
0	0
0	3
0	1
0	0
0	2
0	2
0	2
0	2
0	0
0	2
0	0
0	0
0	0
19	977
32	1325
312	2924
0	384
0	190
0	385
0	547
0	6
0	0
0	1
0	1
0	0
0	0
0	0
0	0
37	16
0	2
0	10
0	0
0	1
0	1
0	1
0	1
0	0
0	0
0	0
0	0
0	0
0	0
10	4
0	0
0	0
1	984
135	1131
15	1009
42	991
0	988
2101	2
0	154
0	0
0	0
0	0
0	0
0	0
0	0
0	0
0	0
0	0
0	0
0	0
0	0
0	0
0	107
0	312
0	46
0	70
0	43
0	35
0	284
0	0
0	107
0	311
0	46
0	35
0	42
8	11
0	8
0	0
0	0
0	0
0	0
0	0
0	0
0	0
0	0
0	0
0	0
0	0
0	0
0	0
0	0
0	0
0	0
0	0
0	0
0	0
0	0
0	387
0	387
0	387
0	387
0	388
4	394
0	387
2	387
0	387
17	390
0	31
0	0
0	3
0	967
63	967
0	0
0	0
0	0
0	249
0	221
4	220
0	43
5	35
0	0
0	57
0	0
0	27
0	0
0	3
0	0
0	0
0	0
0	0
0	0
0	0
0	0
0	0
0	0
0	0
0	0
0	0
0	0
0	0
0	0
0	0
0	0
12	200
1	167
3	188
0	208
8	104
0	16
0	75
0	86
0	74
0	86
0	66
0	64
0	27
3	35
0	11
0	0
0	7
0	1
0	0
0	0
0	37
0	0
0	77
0	371
101	371
0	67
0	62
0	0
0	0
0	1543
0	0
0	0
0	0
0	0
0	0
0	0
0	0
0	0
0	0
0	0
0	2
0	0
0	0
0	0
0	0
0	0
0	2
26	4
0	0
0	2
0	11
334	84
0	12
27	61
0	0
0	0
0	0
0	0
0	0
0	56
0	706
13	705
0	0
0	16
0	28
0	76
0	76
0	76
0	48
0	60
0	48
0	0
872	123
19	122
0	1
0	0
0	0
0	0
0	0
0	9
0	9
0	9
0	10
0	10
22	0
0	0
0	0
0	0
0	0
0	0
0	0
0	0
0	0
0	0
0	324
4	324
7	299
0	15
0	10
0	8
0	9
0	0
0	0
0	0
0	0
0	0
0	0
0	0
0	0
0	0
0	0
0	0
71	259
0	251
0	112
1	207
6	209
11	189
0	5
2	22
1	386
3	2449
0	2387
0	1528
0	2398
0	6074
12	384
0	890
0	364
0	1314
6	364
54	6035
0	150
0	6029
1	5919
0	66
0	3
134	5603
0	287
8	417
4	417
6	1612
0	321
22	811
0	400
0	0
0	0
0	0
0	0
0	0
0	0
0	0
0	0
0	0
30	879
0	1289
12	1158
0	246
13	291
0	323
0	260
0	0
0	124
0	130
0	0
0	110
15	110
0	0
0	0
0	2202
3	2915
92	5166
0	3111
0	3344
72	4823
8	3352
0	248
0	418
0	3243
0	5163
48	5249
0	0
0	1273
0	1635
0	1273
0	1295
0	1572
0	212
0	172
0	696
0	666
0	2124
3254	820
0	0
0	0
0	0
0	0
0	0
0	0
0	0
0	0
0	0
0	0
0	0
0	0
0	0
0	0
0	0
0	0
0	0
0	1
0	1
0	1
0	0
0	0
0	0
0	0
0	3
0	4
0	0
0	1
7	4
0	1
0	0
0	3
0	2
0	1
0	3
0	3
0	1
0	1
0	0
0	0
0	0
0	0
0	0
0	0
0	0
0	0
0	0
0	0
0	0
0	0
0	0
0	0
0	0
0	0
0	0
0	0
0	0
0	0
0	0
0	0
0	0
0	0
0	0
0	0
0	0
0	0
0	83
0	83
0	13
0	17
0	0
0	0
0	0
0	0
0	0
0	0
0	0
0	0
0	0
0	0
0	0
0	0
0	0
0	0
0	0
0	0
0	0
34	862
43	429
104	721
35	621
75	578
489	1558
0	1057
96	1501
0	1502
0	52
0	226
0	98
0	288
0	301
0	304
0	302
0	325
0	0
63	50
0	31
0	0
0	41
0	0
0	0
0	0
0	0
0	0
0	0
0	5265
88	5410
0	5334
473	6087
6	5281
6	3214
7	3000
8	2298
12	2119
11	2081
0	2222
1	1391
3	877
0	849
0	359
0	101
0	89
0	32
17	22
0	15
0	0
0	0
0	0
10	317
0	73
0	20
0	10
0	130
0	0
0	56
19	312
4	120
0	0
0	51
0	0
0	0
0	0
0	0
0	0
0	0
0	0
0	0
0	0
0	0
0	0
0	0
0	0
0	0
0	0
0	0
0	0
0	0
0	0
0	0
0	0
0	0
0	0
0	0
1	21
0	16
0	2
0	6
0	13
3	21
0	10
0	0
0	7
0	0
0	0
0	0
0	0
0	0
0	0
0	0
0	0
0	0
0	0
0	0
0	0
0	0
0	0
0	0
0	0
0	0
0	0
0	0
0	0
0	0
0	0
0	0
0	0
0	0
0	0
0	0
0	0
0	0
0	0
0	0
0	0
0	0
0	0
0	0
0	0
0	0
0	0
0	0
0	0
0	0
0	0
0	0
0	0
0	0
0	0
0	0
0	0
0	0
0	0
0	0
0	0
0	0
0	0
0	0
0	0
0	0
0	0
0	0
0	0
0	0
0	0
8	128
0	13
0	13
0	63
3432	63
1	0
1	13
75	115
0	33
0	7
0	22
18	10
10	64
0	67
17	6
0	10599
0	585
0	752
12	9429
88	10645
2	1929
0	5
7	2645
0	742
42	65
0	75
16	8325
3	6651
0	0
48	746
9	354
0	1
0	0
0	0
0	0
0	0
0	0
0	0
0	0
0	0
0	0
0	0
0	0
0	0
0	0
0	0
0	0
0	0
0	0
0	0
0	0
0	0
0	0
0	3
1	3
0	0
0	166
41	208
0	459
8	621
0	586
0	614
0	631
0	442
0	459
0	353
0	24
0	27
0	48
0	13
0	41
0	22
0	0
0	0
0	0
0	393
0	496
5	494
11	295
0	339
0	82
0	38
6	0
10	957
0	1068
0	885
11	885
0	53
0	28
0	7
0	1
7	11
0	11
0	11
0	0
0	0
0	0
0	0
0	0
0	0
0	0
0	0
0	0
0	0
0	0
0	0
0	0
0	0
0	0
0	425
0	425
0	425
0	83
0	442
0	458
0	425
0	395
0	356
0	42
4	80
0	0
0	0
0	0
0	0
0	0
0	0
0	0
0	0
0	0
0	0
0	64
0	68
0	68
0	47
4	68
0	68
10	64
0	18
0	0
0	7
0	47
0	5
7	47
0	1
0	6
0	38
0	41
0	39
0	0
0	0
0	0
0	0
0	0
0	49
25	696
0	0
15	55
6	678
0	20
0	0
0	19
0	0
0	0
0	0
0	0
0	0
0	0
0	22
0	3
0	130
0	126
7	148
0	135
0	5
0	116
0	94
0	136
0	122
0	123
0	123
0	115
0	136
0	115
0	141
0	121
0	115
0	115
0	94
0	123
0	115
0	123
0	27
0	102
0	72
0	6
0	0
0	0
0	0
0	0
7	373
0	495
0	472
0	495
23	375
0	291
0	116
13	474
21	487
266	36
0	209
0	0
0	0
0	0
0	0
0	288
0	268
0	11
0	35
0	0
0	76
0	20
0	14
0	5
0	2
0	26
0	274
0	329
0	339
0	271
0	331
0	222
0	0
0	20
0	41
0	37
0	344
0	332
0	23
0	59
0	46
0	47
0	37
0	6
0	60
0	45
0	36
0	27
0	0
0	1649
6	2883
0	3109
0	2710
0	2621
0	860
1	2573
0	2217
0	1279
0	3
0	198
0	14
0	880
0	2629
0	2655
1	2634
73	3182
0	1311
0	198
0	14
0	0
0	0
0	0
0	0
0	0
0	0
0	0
0	0
0	0
0	0
0	0
0	0
0	0
0	0
0	0
121	0
0	0
17	326
0	0
0	24
0	9
0	23
0	13
0	326
0	0
0	0
0	0
0	0
0	0
0	0
0	0
0	0
0	0
0	0
0	0
0	0
0	0
0	0
0	0
0	0
0	0
0	0
0	0
0	0
0	0
0	0
47	123
282	992
7	992
0	26
2	3239
0	3935
0	673
0	0
110	191
0	0
0	1125
5	26
0	203
0	18
18	994
0	22
13	1054
0	3771
160	1884
0	1658
13	1110
0	162
0	1548
196	1579
0	1576
18	144
0	0
0	195
32	1229
68	339
8	54
0	0
1	1056
0	913
0	0
0	0
0	0
0	0
3	3827
0	0
0	120
24	3322
12	3322
0	254
2	3791
0	3289
6	712
0	0
0	1
0	712
0	1
0	1553
15	1319
0	171
76	957
59	238
0	0
0	0
231	348
12	1960
50	1595
3	59
0	44
0	1069
0	52
0	36
0	56
0	38
0	31
0	699
0	0
0	954
0	695
0	102
0	9
0	6
0	15
0	3
0	3
0	102
0	0
0	0
0	0
0	52
53	52
0	8476
0	9356
0	405
0	1231
0	3967
0	2051
0	1133
69	1936
0	7236
0	1800
26	948
0	61
0	2284
0	2039
0	0
0	204
0	1342
0	585
6	8486
0	9356
0	2991
0	210
0	1800
240	593
1	8
1	8
0	0
35	0
0	0
2	0
5	0
13	0
0	0
0	189
293	605
0	582
0	497
0	202
0	93
0	612
0	144
0	404
0	0
0	0
0	0
0	0
0	0
0	0
0	0
0	0
0	0
0	0
0	0
0	0
0	0
19	6470
4	6271
9	1437
17	4933
0	0
25	1053
9	2987
0	2744
0	833
0	3601
0	3466
8	1341
0	36
0	10
45	95
0	16
0	43
10	84
1	74
0	75
0	4
29	50
0	0
0	0
0	0
0	443
0	30
18	443
7	375
0	430
0	385
3	125
0	58
0	0
0	0
0	0
0	0
0	0
3	4
0	4
0	0
0	0
0	0
0	0
0	0
0	0
0	0
0	0
0	0
0	0
0	0
0	0
0	0
0	0
0	0
0	0
0	0
0	0
0	0
0	0
0	0
0	0
0	0
0	0
0	0
0	0
0	0
0	0
0	0
0	0
0	0
0	0
0	0
0	0
0	0
0	0
0	0
0	0
0	0
0	0
0	0
0	0
692	4929
479	4324
71	1536
0	1276
0	793
0	869
0	253
0	216
100	186
0	68
0	0
50	2
0	0
324	1631
1	1635
0	1533
0	1537
0	43
0	20
2	153
1	178
2	144
0	23
0	1
0	12
0	1
0	1428
4	2670
0	2670
0	2201
49	2275
0	2672
0	2743
0	2635
0	2734
0	281
0	835
0	14
0	335
0	312
0	169
20	121
0	30
0	64
0	71
0	2
0	4
0	0
0	60
0	6
301	54
0	17
0	8
0	39
0	9
0	0
0	0
0	14
5	16
3	2
0	0
39	74
0	78
0	21
0	58
0	31
32	0
0	0
0	0
0	0
0	0
0	0
0	0
0	0
0	0
0	0
0	41
0	42
0	41
0	41
0	26
0	58
0	0
0	0
0	0
0	42
0	58
0	0
0	0
0	0
0	0
0	0
0	19
0	0
2	282
21	382
0	387
0	407
0	354
0	255
0	17
0	62
0	29
0	59
0	87
0	59
0	59
0	31
41	73
0	0
0	70
0	23
0	0
0	0
0	0
0	0
0	0
0	0
0	0
0	8
0	8
0	8
0	8
0	0
0	1
0	1
0	0
0	0
0	0
100	75
0	191
0	0
0	16
0	12
163	306
19	223
7	233
0	61
0	52
0	1
0	7
33	2
0	2
0	0
15	96
0	0
0	0
0	0
0	0
0	0
0	0
0	0
0	0
0	89
0	93
0	84
0	46
0	0
0	11
0	0
0	66
0	28
0	16
0	14
0	0
0	0
0	0
0	0
20	0
0	0
0	0
0	13
0	9
0	0
0	0
0	2
0	8
0	2
0	0
0	0
0	0
0	0
0	0
0	0
0	0
0	0
0	0
0	0
0	0
0	0
0	0
0	0
0	0
0	0
0	0
0	0
0	0
0	0
0	0
0	0
0	0
0	0
0	0
0	0
57	175
0	175
0	15
0	2128
39	212
16	3892
0	17
5	3890
0	1968
13	2185
0	0
0	671
0	564
0	71
0	49
0	0
0	0
0	17
0	52
0	46
5	65
0	65
0	42
0	65
0	6
26	82
0	3485
6	1562
26	1962
78	1938
3	3483
2	260
0	73
9	20
46	139
0	0
0	0
0	13
61	13
10	184
0	143
0	56
0	177
10	60
0	17
22	136
0	160
0	14
2	31
0	9
1	88
0	77
10	35
0	60
0	0
18	85
16	72
42	1015
0	87
9	987
0	52
0	44
8	46
5	50
1	0
0	0
7	1049
0	445
1	391
0	436
2	1080
0	267
12	298
6	82
8	107
20	17
14	456
10	442
0	0
0	0
0	0
0	0
0	0
0	0
12	3847
0	3272
0	3026
0	4051
0	2116
18	3840
92	2094
0	2145
11	3109
18	2445
0	2330
4	2856
26	1120
0	639
0	111
404	1280
0	0
0	47
0	0
0	0
0	0
0	1
0	5
0	1
0	20
2	28
0	7
0	0
0	0
0	0
0	0
0	0
0	0
0	0
0	0
0	0
0	0
0	0
0	0
0	0
0	0
0	0
0	0
0	0
0	0
0	0
0	0
0	0
0	0
0	0
0	0
0	0
0	0
0	0
0	0
0	0
0	0
0	0
0	0
0	0
0	0
0	0
0	0
0	0
0	0
0	0
0	0
0	0
0	5
0	43
0	1
0	0
0	18
0	0
0	0
0	0
0	0
0	0
0	0
0	0
59	6
0	0
0	0
0	0
0	0
0	0
0	0
0	0
0	0
0	0
0	0
0	0
0	0
0	0
0	0
0	0
0	0
0	0
0	0
0	0
0	0
0	0
0	0
0	0
0	0
0	0
0	0
0	0
0	0
0	0
0	0
0	0
0	0
0	0
0	0
0	0
0	0
0	0
0	0
0	9
0	1
0	1
7	9
0	0
0	0
0	0
0	20
43	723
0	723
0	0
0	0
0	0
0	0
0	0
0	0
0	1149
51	1149
21	839
0	460
15	796
0	5
4	115
0	0
0	0
0	775
3	832
0	812
0	812
32	689
21	819
0	8
0	6
0	45
0	44
0	0
0	0
0	0
0	0
0	0
0	0
0	0
0	0
0	0
0	0
0	0
0	0
0	0
0	0
0	0
0	0
0	0
0	0
0	0
0	0
0	0
0	0
0	0
0	0
189	2381
2	1755
25	1476
0	2
0	742
0	652
0	271
0	363
0	231
0	36
0	210
0	1452
5	1337
2	1525
0	1378
1	1434
0	1474
0	1387
0	1440
0	1250
0	37
78	256
4	1401
0	1242
0	1
3	533
0	0
22	1853
0	1666
0	1866
0	1659
0	1812
0	1865
36	1656
12	592
14	383
0	315
3	429
0	243
0	267
0	44
0	75
0	0
467	0
66	394
0	29
53	32
0	6
0	8
0	0
10	24
0	23
0	116
0	104
0	0
0	110
0	115
22	40
0	106
0	5
0	0
0	0
0	6
30	244
0	0
0	0
0	0
0	0
0	0
0	5
41	113
0	86
4	2098
6507	2477
0	1018
0	665
0	387
0	0
0	26
0	74
0	53
34	523
35	522
0	505
0	138
61	300
855	170
0	0
0	0
0	0
0	0
0	1
0	0
0	1
0	0
0	1
0	107
0	0
0	4
0	0
0	0
0	0
0	0
0	0
0	63
0	67
0	63
0	63
0	8
5	68
0	2
0	59
1	158
0	0
0	0
0	0
0	0
0	0
0	0
0	0
0	0
0	0
0	0
0	0
0	0
0	0
0	0
0	0
0	150
41	150
0	0
0	0
0	0
0	0
0	0
0	0
0	0
0	0
0	0
0	0
0	0
0	0
0	0
0	0
0	932
0	939
1	876
11	956
0	398
0	76
0	74
0	0
50	0
0	0
0	0
0	0
0	0
0	0
27	271
35	217
29	259
0	30
0	16
0	0
23	0
13	2150
7	2116
1	1970
0	493
0	0
0	0
0	0
0	0
0	0
0	0
0	0
0	0
0	0
0	0
0	0
0	0
0	0
0	0
0	0
0	0
0	963
46	1207
0	62
0	60
0	878
2	146
0	171
106	211
0	211
0	174
0	0
160	495
89	497
11	439
11	10
115	977
74	703
97	957
5	292
35	436
0	368
0	352
0	400
0	270
15	47
0	4
0	0
0	715
0	81
0	92
0	51
0	715
0	632
0	131
21	582
0	96
0	29
0	166
0	71
0	0
0	0
0	0
0	0
0	0
0	0
0	0
0	0
0	0
0	0
0	0
0	0
0	0
0	0
0	0
0	0
0	0
0	0
0	0
0	0
0	0
0	0
0	0
0	0
0	0
0	0
0	0
0	0
0	114
0	120
13	35
1	97
0	35
0	11
3	2
1	596
2	597
0	107
0	602
0	32
0	235
0	184
2	235
0	197
0	74
0	96
0	92
0	222
1	232
1	239
0	61
0	66
0	47
0	41
0	75
6	154
0	158
14	49
0	21
0	3
0	41
0	0
11	1129
15	593
10	1012
0	1072
26	184
4	655
6	886
6	1114
0	1039
0	167
0	16
0	0
0	0
0	0
0	0
0	0
0	0
0	0
0	0
0	0
0	0
0	0
0	0
0	36
0	236
0	0
0	36
0	47
0	422
0	508
0	414
0	406
0	369
0	402
0	407
0	108
0	251
0	498
0	22
0	66
0	348
0	138
0	46
0	89
0	69
0	69
0	104
0	0
0	43
0	0
0	0
0	0
0	1
2	13
0	0
0	0
0	0
0	0
0	1
0	12
0	0
0	46
0	1302
0	1220
0	147
0	1106
0	1140
4	891
0	28
0	38
0	50
10	362
0	0
0	0
0	81
6	1056
0	1033
38	178
4	169
0	942
0	225
7	919
0	130
0	11
15	630
0	341
2	239
5	117
0	69
0	186
10	122
0	5
0	118
0	129
0	50
0	279
12	888
0	2579
154	2515
0	988
0	2860
0	1638
0	1
0	458
0	449
0	1480
15	1596
3	1091
4	291
0	0
6	42
6	309
30	267
1	215
0	43
0	31
6	81
0	0
0	0
0	0
0	0
0	0
0	0
0	0
0	0
0	0
0	0
0	0
0	0
0	0
95	242
0	223
2	193
0	0
0	0
0	0
0	0
0	0
0	0
0	0
0	0
0	2
0	1
0	2
0	0
0	2
0	0
0	0
3	76
0	75
0	116
0	198
0	141
0	132
0	132
0	19
0	0
0	0
0	0
0	1
0	22
0	0
0	0
0	0
0	0
0	0
0	0
0	0
0	0
0	0
0	0
0	0
0	170
0	170
0	170
0	0
0	143
1	171
3	115
0	135
0	137
0	2
8	164
0	73
0	98
0	0
0	0
0	0
0	0
0	0
181	215
0	1
0	211
0	96
0	131
0	97
0	96
0	25
0	59
0	25
0	0
7	25
0	1
0	0
0	0
0	0
0	0
0	0
0	98
0	29
0	13
1	142
9	1513
0	25
0	1597
2	1535
0	11
36	1561
3	995
0	126
0	0
0	104
0	82
0	71
0	104
0	1
0	130
0	109
0	2
0	178
0	160
0	1448
0	197
5	989
9	1004
27	517
0	38
0	4
0	25
0	0
0	0
0	0
0	0
0	0
0	0
0	0
0	0
0	7
0	0
0	0
0	0
0	1
0	1
0	2
0	2
0	4
2	5
0	5
0	0
0	0
0	2
0	0
429	2346
6	528
21	1380
0	474
0	641
0	140
0	237
0	0
0	24
0	42
0	0
0	63
0	49
0	140
0	96
0	708
0	44
0	25
0	0
0	12
0	12
424	458
23	47
162	411
0	22
2553	848
0	848
0	0
0	0
0	0
0	0
0	0
0	0
0	0
0	0
0	0
0	0
0	0
0	0
0	0
0	0
0	0
0	0
0	0
0	0
0	0
0	0
0	510
0	0
1	717
0	70
0	15
0	717
0	46
0	3
0	41
0	590
0	54
0	636
0	25
0	575
0	515
0	5
0	28
1	487
0	23
0	20
0	396
0	29
0	117
0	373
0	122
9	254
0	253
1	192
3	252
0	176
0	84
0	21
7	19
0	8
3	11
0	6
0	3
0	0
0	0
0	0
0	0
0	0
0	0
0	0
0	0
0	0
0	0
0	0
0	0
0	0
0	0
0	0
0	0
0	0
0	0
0	0
0	0
0	0
0	0
0	0
0	0
0	0
0	0
0	11
0	0
0	0
0	56
0	4
0	0
0	37
0	0
0	0
0	0
0	0
0	0
0	0
0	0
0	0
0	0
0	0
0	0
0	1
0	1
0	72
0	0
0	0
0	0
0	0
0	0
0	0
0	0
0	0
0	0
0	0
0	0
0	0
0	0
0	0
0	0
0	29
0	0
0	140
0	94
0	140
0	0
0	0
0	2
0	2
0	0
0	3
0	3
0	0
0	2
0	0
0	3
0	0
0	0
0	0
0	217
0	110
0	108
0	120
0	402
0	255
27	424
0	239
16	252
0	253
0	253
0	0
0	0
0	0
0	28
0	28
1	2469
174	2478
4	2374
0	2467
1	447
13	427
3	402
11	402
0	433
1	373
1	323
0	0
0	0
0	0
0	0
904	112
0	112
0	0
0	0
0	0
0	0
0	0
0	0
0	0
0	1
0	1014
0	928
7	883
0	66
24	1203
0	168
28	1191
0	1
0	0
7	602
1	282
4	95
0	1
0	0
0	0
1096	766
15	58
86	709
0	440
0	0
0	22
1	418
0	381
0	11
0	1
10	80
0	35
24	20
0	1
0	0
0	0
42	112
7	544
0	388
3	502
0	533
0	493
0	291
0	22
0	106
0	1
0	55
0	53
0	39
0	17
0	16
0	9
0	7
0	1
0	24
4	24
0	22
0	0
0	0
0	0
0	0
0	0
0	0
0	0
0	0
0	0
0	0
0	0
0	0
0	0
0	0
0	0
0	0
0	0
0	0
0	1
0	0
0	0
0	0
0	0
0	0
0	0
0	0
0	0
43	0
0	0
0	0
0	0
0	52
0	0
0	0
0	0
42	1
45	0
0	0
263	58
237	0
57511	189
0	0
0	0
0	0
0	0
0	0
2508	172
0	0
0	0
0	0
0	0
14	172
38	0
0	0
0	0
0	189
0	0
0	0
0	0
0	0
0	0
0	0
0	0
0	0
7	8
0	8
0	7
0	0
0	0
0	0
0	0
0	0
0	0
0	0
0	0
0	0
0	0
0	0
0	0
0	0
0	0
0	0
0	0
0	0
0	0
0	0
0	0
0	0
0	0
0	0
0	0
0	0
0	4
0	4
0	2
0	1
0	3
0	0
0	0
0	0
0	0
0	0
0	0
0	0
0	0
0	0
0	0
1852	0
0	0
0	0
0	0
0	0
0	0
21	0
0	0
0	0
3	0
0	0
0	0
0	0
0	0
77	0
0	0
0	0
0	0
0	0
0	0
363	0
0	0
0	0
0	0
0	0
0	0
0	0
0	0
0	0
0	0
0	0
0	0
0	0
0	0
0	0
0	0
0	0
724	24143
377	24764
9	22289
0	0
0	21532
0	0
46	3007
0	0
266	3008
0	0
0	0
0	0
0	0
0	0
0	0
0	0
912	2
0	0
0	0
0	0
0	0
0	0
0	0
0	0
0	0
0	0
0	0
0	0
0	0
80	15
0	13
0	2
0	75
34	1641
67	1370
0	0
0	0
0	57
0	183
0	188
0	59
0	12
0	0
0	0
0	142
0	590
0	0
0	0
0	0
0	0
0	0
0	0
0	0
0	0
0	0
0	0
0	0
0	0
0	0
0	0
0	0
0	0
0	0
0	0
0	0
0	0
0	0
0	0
0	0
0	0
0	0
0	8
70	8
0	0
0	0
0	0
0	0
0	0
0	0
0	0
0	0
0	0
0	0
0	0
0	18
1	109
0	66
0	205
0	106
4	200
0	18
0	6
0	0
5	17
5	193
0	2
31	73
0	2
0	4
0	0
0	8
0	0
0	9
0	7
0	7
0	43
0	26
0	34
0	42
0	55
0	32
0	26
0	39
13	25
0	0
115	0
0	10
13	10
0	0
0	0
0	0
0	0
0	0
417	4963
82	4968
87	5387
0	3436
15	1873
0	5
0	0
0	0
0	0
0	0
0	0
0	0
0	0
0	0
0	0
0	0
0	0
0	0
0	0
0	3553
35	3539
0	3052
10	486
0	852
36	2533
0	953
82	2586
0	568
0	760
0	1702
0	700
9	1741
0	2109
32	77
0	47
0	3
0	327
0	332
0	587
0	860
0	29
12	119
1	177
3	182
0	0
0	27
0	43
3	134
0	120
0	19
0	3
4	102
0	21
0	95
0	47
0	73
0	74
0	52
0	65
0	3
0	31
0	95
0	0
0	38
0	4
0	19
9	33
0	79
0	86
0	64
0	20
0	10
26	15
0	22
0	1173
12	1
0	0
1227	1374
0	410
23	1204
48	292
12	0
0	0
0	0
0	0
0	0
0	0
0	0
36	288
30	0
4	901
109	898
0	191
0	847
51	101
10	99
0	97
0	0
0	0
0	0
0	0
0	0
0	0
0	0
0	0
0	0
0	0
0	0
0	0
0	0
0	0
0	0
0	0
0	0
0	0
0	0
0	0
0	0
0	0
0	0
0	0
0	0
0	0
0	0
0	0
0	0
0	0
0	0
0	0
0	0
0	223
0	1759
0	1683
5	1597
0	252
0	1782
0	27
0	65
0	52
0	62
4	336
0	0
4	68
0	0
0	0
0	0
0	0
0	0
0	0
0	0
0	0
0	0
0	0
0	0
0	0
0	0
0	0
0	0
0	0
0	8644
0	3068
41	8663
0	328
0	4232
0	492
0	128
6	4953
0	0
0	0
0	43
0	527
0	53
0	7
0	365
7	42
12	527
25	232
0	10
0	526
0	526
0	26
0	35
0	0
0	1
0	0
0	18
1	20
0	2
0	6
0	4
0	0
0	3575
0	3521
1	3371
0	1054
0	286
0	1187
9	437
6	355
0	181
0	0
0	266
0	110
0	19
1244	1334
0	113
48	818
426	1214
0	200
1	22
0	2
0	2
0	14
0	2
0	4
0	22
0	0
0	2
0	0
0	20
0	2
0	1
0	2
0	2
0	3
0	2
0	16
0	1
0	1
0	10
0	8
0	8
0	8
0	5
0	3
0	2
0	0
0	0
0	0
0	0
0	0
0	0
0	0
0	0
0	0
0	24
0	10
0	0
0	23
0	0
0	0
0	6
0	10
0	0
0	0
0	0
0	0
0	0
0	0
0	0
0	0
0	0
0	0
0	0
0	0
0	0
0	0
0	0
0	0
0	0
0	0
0	0
0	0
0	0
0	0
0	0
0	0
0	0
0	0
0	0
13	0
0	0
0	0
35	0
0	0
0	0
0	0
0	0
0	0
0	0
0	0
0	0
0	0
0	0
0	0
0	60
0	60
0	38
3	26
0	36
0	17
0	2
0	0
0	0
0	0
0	0
106	232
3	56
30	53
0	27
82	176
22	1
62	0
0	0
0	0
0	0
0	0
1458	1113
88	1113
0	106
0	0
0	0
0	0
0	0
0	0
0	0
0	0
0	0
0	0
0	0
0	0
0	0
0	0
0	0
0	0
0	0
0	0
0	0
0	0
0	0
0	0
0	0
0	0
0	0
0	0
0	0
0	0
0	0
0	0
0	0
0	0
0	0
0	0
0	0
0	0
0	0
0	0
0	0
0	0
0	0
0	0
0	0
0	0
0	0
0	0
0	0
0	0
0	0
0	0
0	0
0	0
0	0
0	0
0	0
0	0
0	0
0	0
0	0
0	0
0	0
0	0
289	21
0	51
0	128
0	2
5	1068
0	847
10	858
0	915
0	1067
1	1045
76	1020
0	443
0	60
0	441
0	23
10	18
0	99
0	58
0	54
336	499
14	151
0	57
0	1357
0	1405
0	273
6	1178
2	1153
11	1152
0	77
0	95
0	69
0	50
0	149
0	90
0	110
0	50
0	61
0	29
0	3
75	26
0	26
107	433
23	433
0	425
0	29
0	27
0	27
0	10
0	0
0	0
0	0
0	144
0	0
0	0
0	0
0	0
0	5
0	86
0	0
0	0
0	3
0	5
0	4
0	3
0	8
0	13
0	3
0	3
0	4
0	9
0	12
0	283
0	295
0	288
0	290
0	5
0	7
0	0
0	3
0	60
0	0
0	0
0	0
0	5
0	0
0	8
4	8
0	0
3	0
131	0
0	0
0	0
0	0
0	0
0	0
0	0
0	0
0	0
0	0
0	0
0	0
0	0
0	0
0	0
0	0
0	0
0	0
0	0
0	0
0	0
0	0
0	0
0	0
0	0
0	0
0	0
0	0
0	2492
1	2196
6	2307
0	729
0	401
0	5
0	374
0	288
0	1
0	188
0	68
0	0
0	1
0	0
5	4
0	0
0	2
0	0
0	66
0	0
0	1
25	68
0	0
0	0
0	0
0	1
0	0
0	0
0	3
0	0
0	3
0	0
0	0
0	27
0	28
0	2
0	1
0	0
0	0
0	1
0	1
0	0
0	0
0	0
0	0
3	252
0	79
0	659
0	653
0	696
0	719
0	60
2	690
6	606
0	480
0	511
6	530
0	394
0	563
0	219
9	265
0	74
0	61
0	204
0	50
0	182
0	220
0	35
0	155
0	208
0	142
12	106
1	121
0	37
4	100
0	130
51	1505
0	1469
8	1389
0	127
0	0
0	90
5	8185
3	7193
101	6182
0	7376
18	7223
0	4142
18	248
74	5
0	0
0	0
0	5
0	5
0	0
0	0
0	12
0	12
0	12
0	0
0	0
0	0
4	0
0	0
0	0
0	0
0	0
0	0
0	0
0	0
0	0
6	283
0	125
0	264
0	256
51	56
0	3
0	22
1	22
0	0
0	20
0	12
99	1067
75	892
127	165
0	395
0	314
234	552
0	231
0	0
0	47
2	5701
0	5081
0	6582
0	229
0	328
0	330
0	6774
0	2278
0	908
74	5993
0	3166
0	5943
0	3025
0	1343
0	5022
0	0
24	5498
49	3223
0	2410
25	2291
20	1698
0	0
0	0
0	0
0	0
0	0
0	0
0	0
0	0
0	0
0	0
0	0
0	0
0	0
0	0
0	0
27	584
0	2777
0	2695
0	2634
30	2619
0	2418
0	2367
0	214
0	1624
0	147
0	102
0	0
0	3
0	0
17	2
0	0
0	0
0	0
0	1
0	2
804	2
26	845
0	862
0	881
4	755
0	76
0	669
0	891
0	109
4	190
0	162
0	30
0	209
0	227
0	112
0	123
0	41
0	102
0	0
1	261
0	261
109	261
0	63
0	2
0	0
0	959
41	1378
0	438
5	1304
0	519
0	398
0	406
0	58
0	501
0	431
0	493
0	0
0	0
0	0
0	0
0	38
184	39
14	1
0	0
886	446
278	446
18	1522
4	1188
3	671
0	87
6	1233
38	1519
0	17
0	0
0	197
0	0
0	36
0	361
0	118
0	258
0	257
0	66
0	94
0	2
0	82
0	111
0	4
0	0
13	1
0	2914
124	2756
0	46
0	144
7	2783
0	2099
0	103
0	1714
0	4
0	46
0	57
0	123
0	0
0	0
77	1701
15	10
0	2
0	2
0	0
0	0
0	0
0	0
0	0
0	0
0	0
0	0
0	0
185	17
0	16
0	1
10	4
0	4
0	1
0	0
0	2
0	110
0	112
0	17
0	32
0	17
0	24
0	32
0	42
0	9
0	7
0	18
0	7
0	0
12	201
0	199
0	202
0	177
0	189
16	291
0	242
0	202
0	286
0	280
1	256
0	53
0	85
0	61
0	6
3594	1940
0	284
30	543
0	635
0	284
0	78
0	119
9	433
7	311
0	73
0	2
0	7
0	7
0	0
0	0
11	16
0	0
12	13
0	0
0	2
0	3
0	2
18	26
0	25
0	6
0	9
0	5
0	62
0	28
0	47
1	37
0	14
0	6
0	7
28	73
0	24
0	17
0	0
0	0
0	0
0	0
0	51
0	9
0	18
0	485
0	888
0	489
0	0
0	0
0	0
0	0
120	1059
0	93
0	56
62	644
49	344
24	696
0	0
0	0
0	0
0	0
0	0
0	0
0	0
0	0
0	0
0	0
0	0
0	0
0	0
0	0
0	0
0	0
0	0
0	0
0	0
0	0
0	0
0	0
0	0
0	0
0	0
0	0
0	0
0	0
0	0
0	0
0	0
0	0
0	0
0	0
0	0
0	0
0	0
0	0
0	0
0	0
0	0
0	0
0	0
0	0
0	0
61	3393
0	3256
32	1037
0	3252
0	786
13	2864
7	2724
0	1009
0	318
0	342
0	365
0	0
0	0
0	0
1	77
0	12
0	66
3	69
6	69
0	0
0	5
18	2
0	32
0	3
0	1
0	24
0	17
0	6
0	32
0	2
26	57
0	61
0	13
0	0
38	0
0	0
0	0
0	0
0	0
0	0
0	0
0	0
0	0
0	0
0	0
0	0
0	0
0	0
0	0
0	0
0	0
0	0
0	0
0	0
0	0
0	0
0	228
0	263
0	0
0	0
83	1037
0	32
0	114
25	774
0	61
1	91
0	12
3	2366
66	2855
0	2116
12	2322
0	840
6	2504
0	1238
0	817
0	2801
0	1279
5	2784
0	2751
0	2562
76	1068
0	1030
0	261
0	869
1	2333
0	863
0	115
0	19
118	0
0	0
0	0
0	0
0	1
0	4
0	3
0	11
0	10
0	198
0	192
0	241
0	216
0	10
0	156
2	231
0	21
0	18
0	144
0	22
0	17
0	93
0	96
2	105
0	6
0	9
0	0
0	180
0	110
4	181
0	102
0	70
0	51
0	1
0	43
0	23
0	1
0	0
0	0
0	0
0	0
0	0
0	0
0	0
0	0
0	0
0	0
0	0
0	0
0	0
0	0
0	0
0	0
0	0
0	6
6	1112
2	955
0	846
0	1054
0	14
4	978
0	108
12	37
5	411
75	669
0	8
0	641
0	417
0	135
0	51
0	40
0	0
0	0
0	1044
15	982
18	929
8	949
0	131
0	59
0	0
0	0
0	0
9	1795
14	1795
82	1780
0	28
0	385
63	1311
3	0
0	0
0	0
2154	2759
0	325
4	1548
0	114
12	1205
0	5
0	19
41	0
46	4418
92	3217
0	6217
0	6281
54	5820
0	870
0	63
31	254
0	591
0	770
0	44
0	43
0	94
0	105
0	0
0	28
22	833
0	876
4	711
0	15
0	47
4	828
0	21
6	911
36	808
0	395
0	18
0	22
0	88
0	109
0	512
0	8
0	2
0	341
0	0
5	29
0	77
0	14
4	0
22	22
0	45
20	185
0	93
0	178
0	0
0	0
0	0
0	1169
10	1109
18	1142
0	1164
1	985
1	850
3	713
6	856
0	515
0	302
0	268
0	220
0	53
10	53
8	52
0	20
0	0
0	224
48	805
3	259
60	735
0	53
0	6
0	2
0	301
0	104
0	134
0	326
0	330
0	303
0	28
0	19
0	297
0	313
0	91
0	300
0	0
0	332
0	71
0	324
0	302
0	317
0	14
0	273
0	306
1	331
0	253
0	300
0	96
0	33
0	324
0	84
0	332
0	303
0	126
0	297
0	273
0	332
0	73
0	305
2	296
0	1
0	27
0	176
0	23
0	0
0	20
0	0
0	162
0	31
0	193
0	0
0	20
0	20
2	162
0	21
0	71
0	133
0	95
0	129
0	71
0	119
0	103
0	92
0	103
0	21
0	0
0	79
0	0
0	0
0	0
0	0
0	0
0	0
0	0
0	0
352	3449
15	441
2	3445
0	759
5	3407
0	680
0	0
0	0
0	0
0	0
0	0
2	51
0	0
0	0
0	0
0	0
0	0
0	0
0	0
0	0
0	0
0	0
0	0
0	0
0	0
0	0
0	0
0	0
0	0
0	0
0	0
0	0
0	0
0	0
0	0
0	0
0	0
0	0
0	0
0	0
0	0
0	0
0	0
0	0
0	0
0	0
0	0
0	0
0	0
0	0
0	0
1308	737
0	126
0	313
0	307
0	400
0	144
0	0
0	0
0	0
0	0
6	2200
146	2646
5	2470
391	1940
81	2207
53	2632
0	250
0	59
0	0
0	0
0	0
0	0
0	0
0	0
0	0
0	0
0	0
0	0
0	0
0	0
0	0
0	0
0	0
0	0
0	0
0	0
0	0
0	0
0	0
0	0
0	0
0	0
21	113
0	141
0	0
0	63
18	664
0	682
0	601
0	77
0	0
0	37
0	38
0	2
0	34
0	34
0	16
0	7
0	0
0	0
0	0
0	0
0	0
0	0
0	0
0	0
0	0
0	0
0	0
0	0
0	0
0	0
0	0
0	0
0	0
0	0
0	0
0	0
0	0
0	0
0	0
0	0
0	0
0	0
0	0
5	456
11	1651
0	0
0	521
0	1585
0	78
0	19
0	54
0	0
0	96
0	547
0	87
0	239
0	605
0	518
0	639
2	493
0	4
0	279
0	34
0	156
0	544
6	102
0	73
0	122
0	40
0	68
0	193
0	0
0	0
0	0
0	253
663	286
0	94
0	33
448	3928
0	84
277	3762
0	0
93	224
11	619
0	614
82	2190
0	486
4	734
0	0
0	0
0	0
0	0
0	0
0	0
0	0
0	0
0	0
0	0
0	0
0	0
0	0
0	0
4891	0
0	0
0	0
0	0
0	0
0	0
0	0
0	0
0	0
0	0
0	0
0	0
0	0
0	0
0	0
0	0
0	0
0	0
0	0
8	0
0	0
75	0
35	0
0	0
8	1137
0	1216
10	1213
63	1200
0	1095
0	1095
0	729
0	360
0	197
0	124
0	140
0	3
0	15
0	4
0	4
0	10
0	0
0	0
0	0
0	0
0	0
0	0
0	0
0	0
0	0
0	0
0	23
0	25
0	29
0	10
0	4
0	2
0	3
0	3
0	1
0	1
0	2
0	0
20	845
0	845
28	501
8	170
0	89
2	8
0	8
0	7
0	6
2	633
0	622
16	632
0	617
0	8
0	2
0	9
0	14
0	58
20	305
0	2
0	5
23460	6859
13	1403
0	1387
0	801
0	354
0	1
0	845
0	419
0	1201
0	2083
0	659
0	0
0	0
0	1
0	0
0	0
0	0
320	2393
86	2266
14	1195
40	1335
70	555
82	368
0	368
3	226
0	182
6	0
1104	14365
0	75
13	3201
412	13764
0	3575
15	4076
0	228
30	5388
0	2780
0	2822
0	1585
0	139
0	0
0	0
0	0
0	0
0	0
0	0
0	130
39	127
0	1
0	1
0	62
0	52
113	58
0	71
0	35
0	10
0	0
0	19
0	0
0	0
0	0
0	0
0	0
0	0
0	0
0	0
0	0
0	434
156	959
0	976
0	75
54	181
0	171
1	112
0	31
0	0
0	0
0	0
0	0
0	0
0	0
0	0
0	216
3	216
0	216
0	29
0	0
3	812
5	807
0	833
2	826
7	633
40	637
5	833
0	129
8	85
0	97
0	97
0	9
10	80
0	25
0	0
0	31
29	18
0	0
0	11
0	11
0	11
0	11
0	0
0	4
0	1
0	0
8406	2967
0	1627
0	1339
0	890
0	722
0	6
0	327
0	0
0	1
0	42
0	55
122	45
3	55
0	12
0	5
12	10
1143	203
1	203
0	0
868	15964
0	6732
16	2160
33	4991
0	5169
43	1988
0	127
0	7160
0	46
38	321
0	57
3	56
0	39
0	297
0	16
0	64
0	0
0	0
0	34
0	0
0	0
0	0
0	0
0	0
0	0
0	0
0	0
0	0
0	0
0	0
7	1265
120	1361
0	44
0	230
30	404
4	272
2	293
11	41
0	0
0	173
0	0
0	0
0	0
0	0
0	0
0	0
0	0
0	0
0	0
0	0
0	0
0	0
0	0
0	0
0	0
0	0
0	0
5	618
10	402
20	12
0	40
0	85
10	523
0	52
1	167
0	46
0	65
0	17
8	610
0	20
0	0
0	0
30	44
0	88
0	87
12	9
0	62
2	9
0	5
0	102
0	1098
222	1271
0	987
7	1019
3	582
0	454
0	36
0	350
0	406
9	2380
0	0
38	1220
5	1220
0	0
1215	3030
0	2
44	2976
0	0
0	243
0	2976
1	2125
0	222
0	298
56	256
0	16
0	156
0	293
3	178
0	325
2	706
0	706
0	82
0	592
4	276
0	540
0	276
0	99
0	153
0	154
0	36
0	162
0	3
0	0
254	0
8	260
43	290
0	27
0	12
0	55
0	43
13	63
0	0
0	292
0	236
0	77
0	54
0	58
0	38
0	34
0	34
0	4
0	1
0	28
72	46
0	0
0	0
12	15624
0	15553
0	2304
0	923
3	12125
0	1685
7	2219
131	14308
0	13060
3	2117
0	1281
17	11142
0	233
150	615
144	3752
0	0
0	55
218	350
0	1
7	121
0	284
6	91
22	31
0	31
0	17
0	17
0	0
0	0
0	0
0	0
0	139
44	405
0	8
57	243
0	75
0	108
0	234
0	236
8	229
0	221
113	313
0	0
0	0
0	0
0	0
0	0
0	0
0	0
0	0
0	0
0	0
0	0
0	8
0	247
0	129
28	224
0	39
0	6
0	57
0	6
0	54
0	273
0	60
0	51
0	46
0	26
0	35
0	0
0	0
0	0
0	0
0	0
0	0
0	0
0	0
21	369
0	354
0	343
0	22
31	44
0	44
0	75
0	20
0	0
0	26
0	13
0	2
0	37
0	15
0	38
0	43
0	21
0	40
0	40
0	13
0	2
0	11
0	31
0	11
0	17
0	14
0	31
0	5
58	10
0	2
7	195
0	192
0	195
0	4
0	7
0	193
6	193
27	2822
0	1656
0	2613
0	2774
0	406
0	992
0	150
0	276
0	0
0	69
0	63
0	79
0	63
0	36
0	0
0	0
0	0
2	1502
0	1548
26	47
0	58
0	40
0	1008
9	291
2	14
1	935
133	935
0	189
42	154
3	654
88	622
0	526
2	984
0	12
0	0
0	12
0	12
39	12
25	7
2	12
0	1
9	1
0	1
0	0
0	0
0	0
27	62
0	34
0	48
5378	6436
0	3000
1246	5859
0	5438
0	5159
0	5669
0	17
0	2855
7	897
0	383
0	228
0	86
0	87
5	85
0	26
0	25
0	25
0	22
0	0
0	0
22	4
0	0
0	3
0	4
0	4
0	3
0	1
0	0
0	1
0	1
0	1
0	3
0	43
0	10
0	261
0	283
0	77
0	15
3	58
0	83
0	256
0	0
0	0
0	0
0	0
0	4
0	0
1380	1107
197	1107
1678	802
0	224
0	56
0	257
0	204
0	111
0	431
0	154
0	75
0	72
617	1292
0	167
6	204
0	71
0	62
0	0
0	50
0	31
14	241
0	571
5	17
0	0
0	9
0	0
0	102
0	168
0	78
125	2447
65	2338
12	1673
5	152
4	59
0	285
22	247
1	226
0	258
58	496
0	373
0	102
0	223
0	243
0	197
0	173
0	193
0	195
11	5
0	0
0	0
30	0
0	0
0	1
0	1
0	0
37	0
0	0
0	0
9365	6637
27	6512
46	449
0	0
0	0
0	54
0	0
0	54
0	156
11	527
2	720
0	601
0	825
0	0
5619	2306
7	2306
0	3613
53	3185
7	4482
6	788
0	41
70	1870
55	597
31	129
0	0
11780	12825
83	4081
22	5149
0	8005
0	3479
53	3658
12	3658
0	0
0	0
0	96
0	130
27	188
0	9
0	151
18	175
0	66
0	0
362	155
0	62
0	33
0	7
0	1
0	0
0	0
69	132
0	0
10	4
0	4
0	1
0	1
0	0
0	0
0	0
0	0
0	0
0	0
448	95713
0	2343
15	2597
5092	98953
7	80290
10	8723
0	69744
0	17086
13	2205
2	56664
9	11958
7	43697
0	18379
354	19009
0	15776
8	1935
0	788
7	635
0	0
0	0
0	0
0	0
0	0
0	0
0	0
0	0
0	0
0	0
0	0
302	188
0	21
0	188
0	14
0	2
0	26
0	0
777	28
0	28
0	17
0	0
0	0
0	844
0	59
0	0
0	0
0	80
0	48
0	1718
544	1784
0	112
0	1580
0	112
0	389
0	64
0	10
96	27149
1115	24044
12	27149
54	1212
22	765
8	670
0	877
14	222
0	4
0	0
0	0
0	0
0	0
0	0
0	0
0	0
0	0
0	0
70	203
1195	545
0	61
0	72
0	0
58	481
54	104
4	129
16	0
0	0
0	0
0	0
0	0
0	1
0	506
12	311
0	0
0	548
3	543
15	286
0	23
0	16
0	0
0	802
48	2151
17	1753
82	2062
0	349
5	349
0	2056
98	1874
0	350
0	706
60	1602
0	850
8	495
0	1303
0	44
0	231
0	1373
20	1102
0	115
0	107
0	9
0	11
0	0
9	2180
13	282
100	1063
0	985
26	564
0	210
0	187
0	16
0	230
0	72
0	182
0	164
0	65
0	112
0	0
0	0
0	0
0	1123
0	943
0	893
0	1063
0	1013
1	1040
10	156
0	644
0	31
10	82
0	3
0	31
3	70
0	0
0	0
0	0
0	0
0	0
0	0
0	0
0	0
0	0
0	0
0	0
3	1094
317	1171
0	1211
13	1098
5	884
40	761
0	280
0	287
0	212
0	157
0	38
0	45
0	68
0	37
0	8
0	24
0	50
0	0
0	0
0	0
4691	3529
103	2227
0	126
448	2335
0	1274
8	1347
0	67
0	12
61	35
230	337
0	1
33	339
0	17
0	19
0	0
0	0
10	119
1538	267
6	148
0	0
0	17
0	0
0	0
2263	381
0	0
0	10
0	66
0	52
0	15
0	0
0	28
0	36
0	0
0	75
1	101
0	0
0	0
0	0
0	0
0	0
116	1469
0	809
4	197
0	1148
0	29
11	1352
1	1449
0	225
0	302
0	42
0	31
0	0
0	0
0	0
5	3821
194	3801
12	3796
0	623
0	375
0	203
0	21
0	0
4811	433
22	433
0	216
3	216
0	10
0	0
0	0
933	72
0	63
555	135
0	116
0	40
104	5283
4	4978
0	284
0	211
0	516
0	8
31	567
0	1421
0	1464
19	283
19	326
0	298
18	214
0	19
0	18
0	15
0	0
0	0
52	333
0	189
0	241
0	264
0	294
0	63
0	43
0	49
0	0
2266	118
20	92
46	26
0	1
236	12712
3	11683
0	260
194	10929
3	12349
256	12347
1	11425
6	703
0	0
273	3270
8	3319
13	3294
0	1319
210	1016
0	1
0	22
3	21
0	0
15	45
362	241
0	196
5	273
0	5
0	0
0	0
0	0
0	0
0	0
0	0
0	0
0	0
47	240
0	288
18	169
11	131
10	73
0	0
0	0
0	0
0	140
915	140
27	30
0	31601
1050	31521
0	30318
21	3641
0	1028
79	15086
54	249
53	1578
0	84
0	0
1	1
0	1
3462	0
0	0
23	780
4	291
0	381
0	644
0	488
9	43
0	215
0	7
0	0
0	0
0	67
0	16
0	73
1	35
75	73
0	37
0	0
0	0
0	0
0	0
0	0
0	0
0	0
14	1
0	0
0	0
0	0
0	0
0	1
455	911
2	905
15	907
95	7
0	7
0	0
126	261
349	505
202	264
0	1824
0	1829
0	1828
5	254
0	0
19	295
22	321
0	30
0	93
0	30
0	17
0	6
0	0
0	94
0	84
0	0
0	0
0	0
0	1
0	0
0	0
2	510
0	0
0	0
0	0
0	0
0	0
1	0
0	0
0	0
0	11
0	0
0	0
0	0
0	0
0	0
0	0
0	0
0	0
0	0
0	0
91	943
18	930
8	149
0	52
0	0
10	0
0	0
75	0
0	0
0	0
0	0
0	0
77	8
0	8
57	0
0	845
0	853
0	14
0	5
8309	2582
94	1184
0	207
0	0
0	11
1	556
0	509
0	36
2	62
0	514
0	498
0	89
0	10
70	541
0	531
41	1053
0	528
0	32
0	0
0	0
0	2166
1	2409
0	2362
0	1259
1	2335
0	307
3	347
0	252
0	152
0	0
15	3091
133	2936
0	2864
3	2838
0	2254
0	1805
0	795
0	34
0	0
2	168
0	158
0	168
4	158
0	0
0	0
0	0
0	0
0	439
0	0
0	0
1436	2037
0	1855
9	591
0	255
0	125
0	170
0	1
4	4307
7	3874
0	4085
0	2561
0	2051
3	1330
0	465
0	468
0	466
0	18
0	5
0	0
0	1
0	88
5	120
0	111
4	80
0	0
337	0
141	125
19	125
0	0
0	19
57	2477
9	1677
0	37
4	519
0	2173
0	2500
1254	1513
0	1482
3	495
0	31
0	0
0	0
0	0
0	0
0	0
0	0
0	0
0	0
0	0
0	0
0	0
0	0
0	0
0	0
0	0
0	0
0	0
0	0
0	0
0	0
0	0
0	0
0	0
0	0
0	0
0	0
0	0
0	0
0	0
0	0
0	0
0	0
0	0
0	0
0	0
0	0
0	0
0	0
0	0
0	0
0	0
0	0
0	0
0	0
0	0
0	0
0	0
0	0
352	836
0	250
0	586
4	260
0	0
0	0
0	0
0	4327
706	5615
253	599
86	4379
10	1351
336	5428
0	0
0	0
0	0
0	483
28	93
64	0
0	754
0	76
23	751
0	0
12	788
0	40
8	730
0	452
0	72
7	25
36	732
0	0
7	215
1	0
0	0
0	0
0	0
0	0
0	0
0	0
260	0
0	0
0	0
0	0
0	0
0	0
0	0
0	0
0	39
0	32
0	23
0	32
0	16
0	38
0	1
0	38
0	4
0	38
0	4
0	17
0	20
0	19
0	13
0	21
0	22
0	17
0	4
0	18
0	0
0	0
0	0
0	0
0	0
0	0
0	0
0	0
0	0
0	0
0	0
0	0
0	0
0	0
0	0
0	0
0	0
0	0
0	0
0	0
0	0
0	0
0	0
0	0
0	0
0	0
0	0
0	0
0	0
343	142
6	115
0	122
0	0
1295	1344
0	834
0	20
0	40
0	95
0	14
0	60
0	96
0	7
0	0
0	32
6	795
0	3
0	0
1	291
0	71
0	133
0	155
11	950
0	0
662	1405
1	1182
0	1402
59	1402
3	1275
0	142
0	239
3	206
0	178
0	242
0	162
0	160
0	138
0	4
0	5
0	0
0	0
0	0
0	0
0	0
0	0
0	46
252	516
0	0
3	446
14	119
4	116
0	70
0	0
0	0
0	0
0	74
0	12
6	124
0	90
0	109
0	80
5	16
0	16
3	11
0	8
0	3
0	0
0	0
0	0
0	0
0	0
0	0
0	0
0	0
0	0
0	0
0	0
0	0
0	0
0	0
0	0
0	0
0	0
0	0
0	0
0	0
0	0
51	24
0	3134
49	3820
246	1688
0	807
0	247
15	231
11	550
8	529
90	803
0	367
0	0
53	257
0	0
0	0
0	0
0	0
17	11
0	10
0	10
0	3
0	2
0	0
0	0
5	0
0	0
0	0
0	0
0	0
0	0
22	5
0	5
0	5
0	0
0	0
0	0
0	0
0	0
0	0
0	0
0	0
0	0
0	0
0	0
0	3
1	669
0	28
0	0
0	661
0	0
0	0
0	0
0	1
0	115
14	58
0	0
15	114
11	122
0	119
3	114
0	42
0	15
0	0
0	30
517	206
0	0
0	145
0	0
0	119
71	21
14	3
0	3
938	362
9	207
8	292
18	72
358	22
0	45
0	223
0	168
0	268
0	227
0	271
0	334
0	17
0	175
0	333
0	260
0	12
0	261
0	226
0	12
0	68
0	192
0	70
2	202
0	13
0	0
48	98
4	134
3	111
1	3
0	1
0	0
0	2
0	1
0	0
0	0
0	8
0	0
0	315
0	315
0	0
0	33
0	183
1312	588
0	588
0	115
0	0
96	0
0	1461
0	1577
0	41
0	12
0	1197
0	1075
52	1196
0	0
0	104
25	969
96	1267
0	0
0	0
0	0
0	0
0	0
0	0
0	0
0	0
0	0
0	0
0	0
0	0
0	0
0	0
0	0
0	0
0	0
0	0
0	0
0	0
0	0
0	0
0	0
0	0
0	0
0	0
0	0
0	0
0	0
0	0
0	0
0	0
0	0
0	0
0	0
0	0
0	0
0	0
0	0
0	0
0	18
0	13
74	27
0	20
0	0
0	0
0	0
0	0
0	0
0	0
0	0
0	0
0	0
0	576
0	826
21	826
2	871
0	868
0	5
0	31
0	10
0	0
0	0
0	0
0	0
0	0
1414	0
1482	1590
64	321
135	495
9	844
0	409
12	850
0	962
11	659
3	710
1	757
2	449
0	1
0	75
0	167
129	251
0	0
749	8
0	8
0	0
0	0
0	0
0	0
0	0
0	36
1	36
0	5
0	6
0	1
0	0
0	0
0	0
0	0
0	0
0	0
0	0
0	0
0	0
0	0
0	0
0	38
0	34
0	21
11	1381
0	1386
1	1325
5	1345
12	969
4	125
0	0
0	60
0	329
0	347
2	254
0	0
0	3
4	847
1	854
8	654
0	146
12	620
0	57
28	110
0	60
0	229
0	367
0	313
0	144
0	226
0	303
0	212
0	252
1	149
0	286
0	30
0	42
0	59
0	28
0	70
0	15
0	61
0	30
0	47
0	2
1	16
0	6
8	492
0	254
0	284
0	261
2	304
2	278
2	69
0	139
0	98
0	0
0	6
2	96
0	46
0	82
0	0
2	894
0	1985
5	1960
0	2961
13	2956
1	1702
0	630
0	165
0	110
0	128
9	200
0	0
0	394
0	104
0	2
477	243
3	211
0	95
0	51
0	8
0	0
0	0
1	1098
0	1234
2	1071
0	1148
6	1003
0	747
0	507
0	21
22	70
0	0
0	0
178	1914
75	1917
28	487
4	602
0	55
0	0
0	45
0	128
101	0
0	0
0	0
0	0
0	0
0	0
34	693
0	693
0	192
0	159
0	173
5	57
5	991
21	461
3	906
0	242
0	290
0	133
11	875
0	166
13	213
0	48
23	421
0	396
0	419
0	420
0	134
0	73
17	117
0	252
0	255
1	259
2	253
0	256
0	145
0	127
30	10
14	19
1	55
0	58
0	43
0	49
0	50
3	17
0	21
0	1
76	83
121	83
0	0
0	0
0	0
5	966
0	970
2	905
0	880
0	760
0	145
0	79
11	92
0	0
2	47
4	41
0	93
0	71
24	1281
15	849
7	55
7	443
0	516
15	151
0	145
0	293
1	512
0	479
0	239
6	39
0	148
0	111
11	9
0	0
0	0
0	0
0	0
0	0
0	1
2	221
0	245
0	220
5	202
0	219
2	48
0	0
0	0
0	0
0	0
0	0
0	0
0	0
0	0
0	0
0	0
0	0
0	174
43	13
3	120
16	136
2	25
7	33
8	41
40	173
0	71
0	153
0	448
0	352
0	391
0	424
0	383
22	423
0	314
0	377
0	6
0	99
64	79
0	32
0	16
13	0
0	0
8	578
0	62
0	84
0	55
1	579
0	35
5	226
0	17
0	84
0	84
28	55
50	361
167	361
0	0
71	215
0	77
22	111
2	100
0	31
0	16
0	74
0	29
0	12
0	10
0	0
0	0
0	0
0	0
0	0
0	0
0	0
0	0
0	0
0	0
0	0
0	0
0	0
0	0
0	0
0	0
0	0
0	0
0	0
0	0
0	0
0	0
0	0
0	0
0	0
0	0
0	0
0	0
0	0
0	0
0	0
0	0
0	0
0	0
0	0
0	0
0	0
0	0
0	0
0	0
75	143
0	143
0	43
8944	3752
25	3768
3	3476
1	0
1	0
0	4
3	11
0	6
0	3
0	1
1	1358
57	1406
7	1258
0	219
0	21
0	48
3094	0
30	0
103	1870
36	1870
78	1041
4	27
0	25
4	24
0	0
0	8
0	0
0	0
0	0
202	113
3	71
0	1
1	75
23	30
0	30
0	11
0	0
18	1648
2	1656
0	272
0	827
0	230
0	7
10	8
1	19
0	11
0	8
0	0
6	1410
0	1185
6	767
0	597
0	25
28	399
6	575
61	1140
0	0
0	0
0	476
3	359
0	294
0	51
0	329
0	0
0	0
0	0
0	0
0	0
0	0
0	0
0	0
0	0
0	0
0	0
0	0
0	0
0	0
0	0
0	0
0	0
99	107
0	10
0	49
0	29
0	0
0	13
0	3
0	17
0	0
0	0
0	0
0	0
0	0
0	0
0	0
0	0
0	0
0	0
0	0
0	0
0	0
0	0
0	0
0	0
2758	397
0	58
140	5
0	290
0	0
0	0
0	0
0	0
28	72
16	66
26	151
34	125
0	66
57	84
217	6
60	79
2	183
0	36
38	182
1	182
20	50
4	149
3	166
0	0
0	0
0	0
0	0
0	0
0	0
0	0
0	0
0	0
0	0
0	0
0	0
0	0
0	0
0	0
0	0
0	0
0	0
0	0
0	0
0	0
0	0
0	0
0	0
0	0
0	0
646	1551
0	1114
6	1153
0	502
0	428
0	147
0	0
0	0
538	0
0	0
0	0
0	0
0	0
0	0
29	123
0	108
1	123
5	37
0	0
0	0
0	0
0	0
0	0
0	0
0	0
0	0
0	0
0	0
0	0
0	0
0	0
0	0
0	0
0	0
0	0
0	0
0	0
0	0
0	0
0	0
0	0
0	0
0	0
0	0
0	0
0	0
0	0
0	0
0	0
0	0
0	0
0	0
0	0
0	0
0	1007
0	1064
0	48
0	806
0	29
0	1077
0	1077
0	14
0	975
0	1039
0	48
0	38
0	285
0	0
0	0
0	0
0	0
0	0
0	0
0	0
0	0
0	0
0	0
0	0
0	0
0	0
0	0
1208	0
0	0
0	0
0	0
0	1
0	1
0	0
0	0
0	0
0	0
0	82
0	82
0	82
5	82
0	82
0	82
0	39
0	8
0	18
0	15
0	6
0	6
0	0
7	1
0	1
0	1
0	1
117	313
0	313
49	313
0	0
0	55
0	55
0	62
0	57
0	49
0	21
0	28
0	3
0	0
0	0
0	0
0	0
0	0
0	0
59	0
0	0
0	3897
2	4559
315	2221
0	2768
0	597
0	4184
0	946
26	4245
0	1792
0	254
57	663
9	217
0	452
12	1217
0	469
19	3
90	9
0	0
0	0
0	0
0	0
0	0
0	0
0	0
0	0
0	0
0	0
0	402
1161	1674
13	1339
0	523
0	603
0	0
0	0
1193	0
0	0
0	0
0	0
0	0
16686	102489
1094	102252
4	102239
1	61925
0	0
0	0
0	0
0	0
0	0
0	0
0	0
0	0
0	0
0	0
0	0
0	0
0	0
0	0
0	0
0	0
5	83
0	0
0	0
0	0
0	0
0	0
5	73
2	73
1	35
0	21
0	0
851	674
37	16
59	658
21	1327
31	1309
2	201
0	106
17	62
0	25
0	117
0	41
0	1000
0	964
0	36
15	975
0	944
0	805
0	0
48	238
0	91
0	7
5	7
0	2
0	0
0	2
0	2
0	2
0	2
0	2
0	1
0	0
0	0
0	0
26	311
22	311
24	168
0	117
11	144
0	0
0	1
0	0
0	0
0	0
0	0
0	0
0	0
9	193
0	198
1	225
0	208
0	206
2	20
292	310
0	239
0	11
0	0
0	263
2	56
0	0
0	0
0	0
0	0
0	0
0	0
0	0
0	0
0	0
0	0
0	0
0	0
0	0
0	0
0	0
0	315
2	277
0	309
0	285
2	298
0	299
9	279
0	213
0	98
0	77
0	67
0	0
0	29
0	31
0	27
0	0
0	0
22	1
0	15
0	0
0	0
0	104
8	364
7	329
0	5
0	97
0	52
0	0
0	0
0	0
0	0
0	0
0	0
0	0
0	0
0	0
0	0
0	0
0	0
2	0
18	38
8	10
23	117
0	122
0	38
18	77
0	0
16	32
0	0
0	0
0	6
0	7
0	0
0	20
0	3
0	0
0	0
0	12
14	17
496	89
0	37
903	482
0	355
0	293
60	323
11	9
7	177
0	0
0	0
0	0
0	0
0	0
0	0
0	0
0	0
0	0
0	0
0	0
0	0
0	0
107	3554
149	3554
27	3552
0	163
0	65
0	0
0	0
2277	52
0	52
0	0
18	727
0	727
33	704
0	0
0	170
74	3791
0	1152
15	806
240	3372
197	3448
0	541
0	802
36	1084
28	580
0	305
0	0
0	0
0	0
0	0
0	1
0	1
0	0
0	0
0	0
0	0
0	0
0	0
0	0
0	0
0	0
0	0
0	0
0	0
0	0
0	0
0	0
0	0
1	96
0	95
0	56
0	96
0	1
0	9
78	96
0	0
0	0
0	0
0	0
0	0
0	0
0	0
0	0
0	0
0	0
0	0
0	0
0	0
0	0
0	0
0	0
0	0
0	0
0	0
0	0
0	0
0	0
0	0
0	0
0	0
0	0
0	0
1	0
15	0
0	0
0	0
0	0
0	0
0	0
0	0
0	0
0	0
0	0
0	0
0	0
0	0
0	0
0	0
0	0
0	0
0	0
0	3
672	305
0	162
16	216
1	67
0	98
14	36
0	3
0	19
0	0
0	0
0	0
0	0
0	0
0	0
0	0
0	0
0	0
0	0
0	0
0	0
0	1917
0	1975
0	1928
0	273
0	55
0	2052
3	312
0	389
59	396
71	45
32	395
128	737
14	562
0	187
0	186
0	171
6	24
0	0
0	0
11	7882
0	6007
244	6658
0	4260
0	2435
0	775
0	270
8	1375
0	803
179	276
0	37
0	0
0	121
9	233
0	24
0	14
1	39
0	0
0	0
0	0
0	0
0	0
0	0
0	0
4522	1083
227	929
0	0
0	0
0	0
0	1245
0	1245
0	800
0	768
0	666
0	641
0	642
0	517
1	614
4	532
4	622
0	615
0	614
7	507
0	129
0	1
0	5
0	0
0	0
0	0
0	0
0	0
0	0
0	0
0	0
0	0
0	0
0	3
0	4
0	1
0	3
0	6
0	0
0	1
0	3
0	1
0	3
0	4
0	1
0	5
0	5
0	5
0	3
0	6
0	3
0	1
0	3
0	2
0	0
0	3
0	3
7	7
0	4
0	2
0	4
0	1
0	1
0	2
0	2
0	2
0	2
0	3
0	0
0	0
0	2
0	0
0	2
0	0
0	0
0	0
0	0
0	0
0	0
0	0
17	156
1	49
0	48
0	0
24	107
0	0
0	0
800	2379
13	1719
0	254
0	931
11	0
0	0
0	0
0	0
0	0
0	0
0	0
0	0
0	0
0	0
0	0
0	0
0	0
0	0
0	318
0	0
0	0
0	0
0	0
0	0
0	0
0	225
124	775
0	190
0	341
0	300
468	1040
52	1083
12	507
0	1037
5	1002
0	313
0	112
9	213
0	0
0	0
0	0
1	404
48	706
9	1553
558	2133
38	2077
6	1207
0	30
141	896
10	1149
0	36
23	207
0	24
0	1
0	119
0	93
0	0
0	38
69	91
3	29935
0	0
0	0
600	0
9735	2465
0	13
0	1320
19	36
0	0
0	0
0	0
0	0
11	42
6	839
15	932
0	0
30	939
2	407
0	12
0	0
0	398
0	31
0	0
0	0
0	0
0	0
0	6303
135	509
150	509
0	8
0	0
0	0
1371	0
0	0
0	0
0	0
0	0
0	0
0	0
0	0
16	1204
0	1139
0	1205
0	70
0	27
0	99
0	0
0	0
10	6253
0	0
0	0
0	0
0	0
0	0
0	0
0	0
0	0
0	0
0	0
0	351
0	0
0	0
0	0
0	0
0	0
0	0
0	0
0	0
0	0
0	0
0	0
0	0
0	0
0	0
0	0
0	0
0	0
0	0
0	0
0	0
0	0
0	0
0	0
0	0
0	0
0	0
0	0
0	0
0	0
0	0
0	0
0	0
0	0
0	0
0	0
0	0
0	0
0	0
0	0
0	0
0	0
0	0
0	0
0	0
0	0
0	0
0	0
0	0
0	0
0	0
0	0
0	0
0	0
0	0
0	0
0	0
0	0
0	0
0	0
0	0
0	0
0	0
0	0
0	0
0	0
6659	0
0	0
1	0
0	405
0	464
3	429
0	324
0	302
0	23
0	57
0	1
0	25
0	19
0	54
0	13
0	0
0	0
0	0
0	0
0	796
5	773
0	432
1	250
0	2
10	23
0	0
0	9
0	0
0	0
0	525
0	476
0	479
0	479
0	398
0	476
0	479
0	479
0	479
0	479
0	321
0	323
0	300
0	242
0	79
0	36
0	22
0	0
0	0
0	0
0	0
0	0
0	0
0	0
0	0
0	0
0	0
0	0
0	0
0	0
0	0
0	0
0	0
0	0
0	0
0	0
0	0
0	0
0	0
0	0
0	0
0	0
0	0
0	0
0	0
0	0
0	0
0	0
0	0
0	0
0	0
0	0
0	0
0	0
0	0
0	0
0	0
0	0
0	0
0	0
0	0
0	0
0	0
0	0
13	0
0	0
0	0
0	0
0	0
0	0
0	0
0	0
0	0
0	0
0	0
0	0
0	0
0	0
0	0
0	0
0	2
0	0
0	0
0	0
0	0
0	0
0	0
0	0
0	0
0	0
0	0
0	0
0	0
0	0
0	0
0	0
0	0
0	0
0	0
0	0
0	0
0	60
0	0
0	0
1764	106
0	106
0	41
522	58
0	47
0	0
0	0
0	0
0	0
0	0
0	0
0	0
0	0
0	0
0	0
0	0
0	0
0	0
0	0
0	0
0	123
0	122
4	114
6	17
2	104
0	57
0	77
0	82
0	99
0	100
0	82
0	87
0	33
0	77
0	78
0	16
0	3
0	40
0	41
0	30
0	3
0	0
0	0
0	0
0	0
0	0
0	0
0	0
0	0
0	0
0	0
0	0
0	0
0	0
0	0
0	0
0	0
0	0
14	0
0	1223
92	1333
13	1245
1	1333
0	0
0	0
0	0
0	0
0	0
0	0
0	0
0	0
0	0
6	2
0	0
10	0
0	0
0	0
0	0
0	391
0	439
0	1235
0	1156
44	1227
0	1204
18	441
12	405
0	670
0	518
0	186
0	0
0	0
0	0
0	0
0	0
0	0
0	0
0	0
1	298
15	1620
0	1293
0	158
5	1450
35	1423
2	1352
0	1407
3	1414
0	859
0	1471
0	720
7	1268
0	940
0	1313
0	1008
5	1460
0	145
0	647
6	30
0	1152
0	859
0	724
0	790
0	315
0	0
0	104
0	162
0	0
0	229
0	0
0	153
0	0
0	0
2047	1503
64	1573
64	597
2555	888
0	203
221	733
0	94
0	64
10	79
0	5
0	12
0	0
57	0
0	0
0	0
0	0
0	0
0	0
0	0
36	3735
0	1
460	24497
2894	24544
0	375
0	737
0	82
0	786
0	510
0	624
0	0
0	0
0	0
0	0
0	6910
0	1
0	6898
0	3411
0	3411
0	2963
0	2964
0	2964
0	2962
0	45
0	3411
0	6538
0	55
5	65
0	0
0	266
0	1135
2	5738
0	5947
0	6125
0	6297
0	6274
0	5666
2	5965
0	6373
6	6250
0	6390
0	6007
0	6642
0	6639
0	6735
0	6557
0	6583
0	6790
0	6678
0	6511
0	6751
0	6988
0	41
0	294
0	1724
1	6412
8	0
0	135
0	6209
0	6307
0	343
0	6251
0	5989
0	3635
0	221
0	5394
0	5956
0	3684
0	6523
0	6304
0	5165
0	6596
0	2669
0	226
0	5613
0	5927
0	48
0	6010
0	1396
0	518
0	759
0	3887
0	593
0	0
0	0
0	0
0	0
0	0
1	144
0	129
0	121
0	90
0	88
0	62
0	42
0	101
0	100
0	91
0	93
0	98
0	88
0	41
0	82
0	12
0	7
0	44
0	21
0	8
0	0
7	27
0	10
0	18
0	7
0	4
0	3
0	5
0	2
0	2
0	1
0	0
0	0
0	311
0	0
0	0
0	0
0	0
0	0
0	0
0	0
0	0
0	0
0	0
0	0
0	0
0	0
0	0
0	0
0	0
0	31
0	31
0	0
0	0
0	0
0	0
0	0
0	0
0	0
0	0
0	0
0	0
0	0
0	0
0	0
0	0
0	0
0	0
0	0
0	0
0	0
0	0
0	0
0	0
0	0
0	0
0	0
0	157
38	157
0	0
1	0
0	0
2	81
0	0
0	0
3	1150
9	1050
0	1141
0	1138
7	1145
0	499
0	34
2	56
0	987
0	983
0	3
0	56
10	120
15	31
0	0
0	1
0	1
0	0
0	0
0	0
0	0
0	0
0	0
0	0
0	0
0	0
0	0
0	0
4	0
0	0
0	0
0	0
0	0
0	0
0	0
0	0
0	0
0	0
0	0
0	0
0	0
0	0
0	0
4	5
66	220
33	218
4	72
0	2
0	67
0	65
11	188
0	0
48	103
0	101
0	0
0	5
0	5
0	4
0	1
0	0
0	8
8	8
0	0
72	0
1503	937
0	937
0	142
0	96
0	39
0	0
0	0
0	0
298	0
0	0
0	0
0	7
0	98
1	97
0	3
0	0
0	0
0	0
0	0
0	0
0	0
0	0
0	0
223	1307
273	977
0	2642
15	2207
0	2233
18	2267
0	116
0	259
0	0
208	14318
0	2913
0	1407
0	2931
3	1193
96	14324
29	1747
3	1450
15	5285
12	0
0	4
0	4
7	1324
0	13
0	23
0	1333
2	187
0	197
0	1172
4	761
0	508
5	271
1	733
0	1257
0	1428
0	39
12	497
1	241
0	182
0	1
0	64
0	52
0	0
0	1756
0	1756
0	154
0	1456
0	240
2	419
0	15
0	40
0	132
0	176
5	240
0	71
0	0
0	0
0	0
0	0
0	0
0	0
0	0
0	0
0	0
16	283
1	283
0	19
0	19
0	0
0	0
0	278
10	559
4	654
457	463
0	197
0	10
0	30
7	80
0	80
0	20
0	7
0	2
111	978
0	337
1	691
0	110
0	330
0	0
0	5
0	42
1	23
0	44
7	42
19	30
0	31
0	10
0	2
576	1671
0	1746
0	215
0	14
126	1994
10	388
0	434
2	1850
21	198
0	7
0	3
0	0
0	0
0	0
0	0
0	0
1	49
0	263
6	263
0	5
0	8
0	0
0	0
10	335
18	328
0	15
0	29
0	34
0	33
0	33
0	3
0	7
0	0
0	0
0	0
0	0
0	0
0	0
0	0
0	0
0	0
0	0
0	0
0	0
0	0
0	0
0	0
0	0
0	0
0	0
0	0
0	0
0	0
0	0
0	0
0	0
0	0
0	0
0	0
0	0
0	0
0	0
0	0
0	0
0	0
0	0
0	0
0	0
0	0
0	0
0	0
0	0
0	0
0	0
0	0
0	0
0	0
0	0
9	1978
9	2024
0	1701
0	1664
0	198
0	724
0	308
0	187
4	786
5	764
22	576
0	481
0	487
0	537
0	685
0	24
0	937
45	1115
0	112
0	42
0	95
0	277
0	671
0	251
3	267
0	98
19	218
0	0
0	181
0	0
0	115
6	172
0	186
0	37
0	12
0	155
0	198
0	22
0	173
0	133
0	128
0	6
212	1139
85	936
37	772
0	493
11	421
0	1
310	135
8	111
0	42
0	47
0	55
0	0
0	0
299	236
0	424
149	1603
0	293
29	79
60	823
309	1818
0	277
36	1575
0	261
71	999
57	0
21	0
0	0
0	1
61	558
24	622
0	167
0	125
0	1
0	87
0	569
0	95
0	96
9	150
0	79
0	0
0	616
684	870
0	370
4	752
0	0
0	108
0	0
0	841
46	841
0	169
3	121
0	113
0	0
0	0
0	0
0	0
0	0
0	0
0	2
0	0
0	0
0	0
0	290
0	6
0	507
0	493
0	506
0	395
10	5200
0	338
0	4884
0	5158
0	4999
0	304
0	169
0	167
0	451
0	4485
0	5160
0	5182
0	325
0	5002
0	169
0	373
0	390
0	306
0	3725
0	6
0	1
0	150
25	3968
0	55
0	275
0	3
0	320
0	309
0	66
0	3016
0	275
0	257
0	5
0	0
0	319
0	517
53	2651
0	412
0	0
0	0
0	0
0	0
0	332
67	417
0	368
5	237
0	313
0	288
0	25
0	0
0	1542
42	3961
0	4105
0	3794
4	1253
0	1982
3	167
0	3831
17	2158
0	3830
0	3724
0	3713
0	2736
0	279
0	2374
31	2546
0	2224
0	385
2	250
0	78
0	102
0	537
0	553
0	399
16	407
0	186
1	243
0	309
26	292
0	125
0	38
0	11
0	64
0	75
0	0
6527	3136
30	985
60	2175
1	1259
0	1146
0	1448
0	1553
8	1323
27	986
12	118
0	54
0	0
0	0
0	0
0	21
28	21
0	3
441	864
0	954
0	968
0	990
0	311
0	568
0	425
0	3
7	70
0	22
0	5
0	14
0	4
0	0
0	0
0	0
102	2124
66	2124
0	30
0	522
0	2
2	65
0	57
37	103
0	41
0	52
0	44
0	3
0	73
0	45
5	45
0	0
0	116
0	316
0	227
0	71
0	284
0	210
0	261
0	20
0	156
8	259
0	234
0	218
0	70
9	150
0	173
0	245
0	151
0	118
0	86
9	154
0	33
0	122
0	74
0	13
0	74
0	19
0	57
0	56
0	96
0	35
0	77
0	10
0	34
0	0
0	12
0	17
0	43
0	17
0	16
0	2
0	0
0	0
0	1
0	0
0	0
0	0
519	0
0	0
0	0
0	0
0	0
0	0
0	0
0	0
0	0
0	0
0	0
0	0
0	0
322	400
14	400
20	189
0	257
0	242
0	24
0	137
22	49
0	19
0	21
19	9
0	5
0	5
0	7
0	0
0	0
0	0
0	0
0	0
0	0
0	2
0	2
0	2
0	0
0	0
0	0
0	0
437	174
0	103
0	115
0	0
0	0
0	0
0	0
0	0
0	0
0	76
37	95
0	61
0	7
4	87
47	0
0	0
0	0
0	0
0	0
0	0
0	0
0	0
0	0
0	0
0	0
0	0
0	0
0	0
0	0
0	0
0	0
0	0
0	0
0	0
0	3
0	0
0	0
0	0
0	0
0	0
0	0
0	0
138	0
0	0
101	48
0	43
0	1
0	40
0	38
0	40
0	44
0	43
0	27
0	0
0	0
0	0
0	0
0	0
0	0
0	0
0	0
0	0
0	0
0	0
0	0
0	0
0	0
0	0
0	0
0	0
0	0
0	0
0	0
0	0
0	0
0	0
0	0
0	0
0	0
0	0
0	0
0	0
0	0
0	0
0	0
0	0
0	0
0	0
0	0
0	0
0	0
0	0
0	0
0	0
0	0
0	0
0	0
0	0
0	0
0	0
0	0
0	0
0	0
0	0
0	0
0	0
3491	0
19	4909
0	4899
35	5057
0	4762
0	1046
32	3412
2	4486
0	933
0	0
0	885
0	0
0	0
0	0
0	0
0	0
0	0
0	0
0	0
0	0
0	0
0	0
0	0
0	0
0	0
0	0
0	0
0	0
0	0
0	0
0	0
0	0
0	0
0	0
0	0
0	0
0	0
0	0
0	0
0	0
0	0
0	0
0	0
0	0
0	0
0	0
0	0
0	0
0	0
0	0
0	0
0	0
0	0
0	0
0	0
0	0
0	0
0	0
0	0
0	0
0	0
0	0
0	0
0	0
0	0
0	0
0	0
0	0
0	0
0	0
0	0
0	0
0	0
0	0
0	0
0	0
0	0
0	0
0	0
0	0
0	0
0	0
0	0
0	0
0	0
0	0
0	0
0	0
0	0
0	0
0	0
0	0
0	0
0	0
0	0
0	0
0	0
0	0
0	0
0	0
0	68
0	113
0	33
0	121
0	304
5	524
0	434
1	300
0	195
3	615
0	279
0	523
0	299
0	304
0	365
0	147
0	83
0	106
0	58
0	103
0	96
0	68
0	73
0	9
0	28
0	36
0	0
0	0
0	0
0	0
0	0
0	0
0	454
93	821
11	183
7	305
2	413
0	234
0	0
0	0
0	0
241	0
16	3
0	3
0	0
0	0
0	0
0	0
0	0
42	3637
0	4253
69	4016
0	3825
5	3594
0	3
9	948
0	231
0	103
0	133
0	235
0	54
0	84
0	153
1	97
0	0
0	0
0	0
0	0
0	0
0	0
0	0
0	0
0	0
0	0
0	0
0	0
0	0
0	0
0	0
0	0
0	0
0	0
0	0
0	0
0	0
0	0
0	0
0	0
222	10542
4	10542
50	854
0	161
56	712
0	659
0	0
0	0
0	0
0	0
0	0
0	362
20	1225
519	1225
0	1016
0	725
0	0
0	0
0	0
0	0
201	8265
35	16015
21	16269
0	16306
30	269
0	326
0	135
0	129
0	753
7	1904
0	3917
0	235
48	86
0	1
0	194
0	0
0	0
0	0
0	0
0	0
0	0
0	0
0	1078
0	1042
9	890
0	702
0	14
0	385
0	525
0	17
0	70
0	49
0	95
0	67
0	60
0	64
0	59
0	48
0	48
0	0
0	0
96	75
0	75
0	0
3	0
0	0
0	12
0	12
0	6
0	6
0	0
0	0
0	0
4078	0
42	0
43	950
27	999
0	236
0	0
0	0
0	0
0	1342
0	838
0	1416
41	1165
0	274
2	1365
0	1439
1	922
6	1357
25	259
0	609
0	74
0	12
0	0
0	0
0	9
0	5
0	41
0	7
0	2
0	4
0	61
0	28
0	14
0	34
0	28
0	8
0	0
0	1
0	1
0	1
0	7
0	41
0	1
0	7
0	5
0	3
0	38
0	1
0	2
0	0
0	20
0	8
1	20
0	16
1206	189
22	189
0	0
0	0
0	0
0	0
0	0
0	0
0	0
0	0
0	0
0	0
0	0
0	0
0	0
0	0
0	0
0	0
0	0
0	0
0	34
6	42
2	79
5	78
3	99
34	66
0	0
0	0
0	0
0	0
0	0
0	0
0	0
0	0
0	0
0	0
0	0
0	0
0	0
0	0
590	0
45	15
0	15
0	0
0	0
0	0
0	0
0	0
0	0
0	0
50	156
0	34
3	140
0	18
0	6
1	31
0	0
8	0
0	0
0	0
7	251
9	242
3	421
4	120
0	129
0	82
0	0
1996	0
0	0
65	276
325	326
0	117
0	5
0	0
10	21
1	44
0	42
0	23
0	38
0	32
0	41
0	35
0	42
0	33
0	35
0	30
0	39
0	38
0	36
0	41
0	32
0	35
0	39
0	46
0	36
0	33
0	36
0	24
0	33
0	21
0	8
0	17
0	21
0	17
0	0
0	16
0	190
0	192
4	186
0	188
0	70
0	197
0	194
0	53
0	65
0	153
0	58
0	87
0	6
9	14
0	0
0	3
0	89
13	242
0	262
0	202
0	0
0	204
0	65
0	204
0	0
6	1
0	1
0	0
0	5
252	53
0	0
0	0
84	53
0	0
0	0
0	0
0	0
0	0
0	0
0	0
0	0
0	0
0	0
0	0
17	227
1	204
1	215
0	12
189	0
0	0
0	286
0	98
0	243
0	244
0	259
0	207
2	280
0	225
5	251
0	247
0	160
0	116
0	108
0	122
0	121
0	144
0	5
4	35
0	7
0	135
0	123
0	134
0	147
0	140
0	133
0	117
0	92
0	0
10	40
0	22
0	21
0	14
0	12
0	11
0	0
0	0
0	42
0	44
0	0
0	1
0	0
0	0
0	0
0	134
193	134
0	0
0	0
32	1
0	1
0	0
0	0
0	0
0	0
0	0
0	0
0	0
0	0
0	0
0	0
10	139
0	170
2	163
0	133
0	39
0	25
0	23
0	24
0	0
0	0
0	0
0	0
0	0
0	6
24	6
0	0
0	0
0	1998
27	1894
0	1721
87	1541
0	0
0	0
0	1067
0	0
0	0
0	0
0	0
29401	1127
0	0
0	0
0	0
0	0
0	5
0	0
1	9
0	9
0	0
0	0
0	0
0	0
0	0
0	0
0	0
0	0
0	0
0	0
0	0
0	0
0	0
0	0
0	0
0	0
0	0
0	0
0	0
6	376
0	353
9	376
0	70
0	0
0	0
0	0
0	0
0	0
0	0
0	0
0	0
0	0
0	0
0	0
0	0
0	0
0	0
32	9
0	4
0	4
0	0
0	0
0	0
0	0
0	0
0	0
0	0
21	683
0	122
0	648
0	23
0	144
0	5
0	5
0	0
0	0
0	0
0	0
0	43
0	43
0	46
2	46
0	0
1	337
37	0
0	34
0	552
0	369
17	565
21	492
0	162
0	69
0	0
0	0
0	0
0	0
0	0
0	0
0	0
0	0
0	0
0	0
0	0
0	0
0	0
0	0
0	0
0	0
0	0
0	0
0	0
0	0
0	0
0	0
0	0
0	0
0	0
0	0
0	0
0	0
0	0
391	2022
0	2022
0	0
0	0
0	0
0	0
0	0
0	0
0	0
0	0
0	0
0	0
0	0
0	0
0	0
0	0
0	0
0	0
300	426
25	426
0	143
0	116
953	68
0	62
0	0
0	0
0	0
0	0
0	0
0	0
0	0
0	0
0	371
0	364
0	261
6	397
0	379
0	35
0	3
0	28
0	83
0	3
0	0
0	0
0	0
0	0
0	0
0	0
0	0
0	0
0	0
0	0
0	0
0	0
4	815
0	1
0	0
0	0
0	150
12	120
0	906
0	874
0	203
0	223
0	123
0	0
44	35
0	9
0	29
0	0
0	9
0	0
0	8
0	3
0	5900
0	5362
1	5903
0	6404
0	5899
0	2274
0	5904
0	3604
0	4822
10	7662
0	10633
69	5703
0	8403
0	695
0	2464
0	4221
0	2041
0	485
40	1529
0	1529
9	1535
0	23
0	45
0	54
0	5
0	42
2	77
0	0
0	30
0	27
0	15
0	32
1	29
0	29
42	0
0	0
0	0
0	0
0	0
0	0
0	0
0	0
0	1669
4	1569
0	1534
0	1417
0	1591
0	42
0	392
0	420
0	235
0	5630
18	5921
11	4522
110	5900
9	1840
0	242
30	266
0	911
0	276
0	37
0	736
0	1482
23	1303
5	5319
3055	3072
0	21
4	17
0	4
0	17
0	1
0	2
0	0
0	0
1	1202
20	1223
0	945
0	39
0	12
0	55
0	1
0	87
0	40
0	251
0	242
0	149
0	177
0	108
0	154
1	184
1	48
0	34
0	19
0	14
0	0
0	0
0	0
0	0
0	0
0	0
0	7
1983	8127
977	6713
0	6063
0	423
0	697
0	599
0	635
0	596
0	136
0	24
0	319
6	133
0	133
0	8
32	761
67	761
0	0
0	0
0	0
0	0
0	0
0	0
0	0
109	0
0	0
0	0
0	0
0	0
0	0
0	0
0	0
0	0
0	0
0	0
0	0
0	0
0	16
0	0
0	16
0	3
0	3
0	3
0	3
0	0
0	0
0	215
3	22
0	22
0	0
0	0
0	0
0	12
0	329
6	96
64	329
0	63
43	35
0	5
0	0
6	615
39	615
0	0
17	2731
0	1
59181	32864
71	25507
2110	18058
0	0
0	0
0	0
0	0
0	0
0	0
0	0
0	0
0	0
0	0
0	0
0	5
0	93
0	41
0	1
0	30
0	58
0	51
4	22
0	70
33	82
0	51
0	9
0	26
0	22
16	52
0	53
0	14
0	4
0	0
0	218
0	222
0	221
0	215
0	202
0	0
0	0
0	0
0	0
0	0
0	0
0	0
0	0
0	0
0	0
0	0
0	0
18	0
0	0
0	0
0	0
0	0
0	0
0	0
0	0
0	0
0	0
0	0
0	0
0	0
0	0
0	0
0	0
95	0
0	1
0	0
0	0
0	0
0	0
0	0
0	10
0	10
0	0
253	335
0	336
2	68
0	194
0	0
351	3767
90	1772
4	148
0	181
44	211
5272	4312
8	1097
0	151
0	218
0	133
5	201
20	225
0	0
11	335
0	33
0	57
0	31
1	33
0	18
0	25
30	244
0	74
0	3
0	73
5	8
7	20
2	373
0	31
0	351
0	386
0	360
0	12
0	47
0	29
0	31
294	333
0	288
0	40
0	2
0	29
5	23
0	21
0	17
0	15
0	0
0	0
0	2
0	0
0	0
0	0
0	0
0	0
0	0
0	0
0	0
0	0
31	110
143	0
0	0
0	0
0	0
0	0
0	0
0	0
0	0
0	0
0	0
0	2
0	0
0	0
0	0
0	0
0	0
1	0
0	0
1084	696
2	696
0	0
1	189
1	189
0	4
0	85
0	0
238	1541
0	1541
0	1342
0	1267
0	1500
0	1229
5	1260
0	108
0	358
0	154
0	145
0	175
0	126
0	0
0	0
0	92
0	394
38	377
0	140
0	57
1	297
0	71
0	105
9	3
0	0
0	0
0	0
4	6402
0	0
0	1
81	79
0	0
0	0
0	0
0	0
0	0
0	0
22	751
235	751
0	0
0	0
0	0
0	0
87	0
0	0
0	0
0	0
0	0
0	0
0	0
0	0
0	0
0	0
0	0
0	0
0	0
0	0
0	0
0	0
37	2256
10	2251
0	2244
36	477
0	74
0	0
0	0
4	87
0	0
0	0
0	6
3	71
2	86
0	67
0	22
0	884
93	117
0	624
0	323
8	45
0	42
0	0
0	36
0	54
0	0
10	3032
0	3032
0	2133
0	414
0	200
0	0
0	0
1	28
1412	138
530	122
15	846
0	859
0	0
0	0
0	0
0	380
95	15646
0	6
265	4356
6576	15679
0	34
6222	7064
31	2
0	2
1	1769
642	87
0	87
0	0
55	348
10	349
24	5
0	0
0	0
0	0
0	0
0	0
0	0
0	0
0	0
0	0
0	0
51	1744
0	350
6	745
107	1795
0	0
872	264
0	264
0	0
0	0
381	1943
10	1706
3	1178
0	300
0	0
0	6
0	0
0	0
0	0
0	0
0	0
0	0
0	0
0	0
0	0
0	0
0	0
0	0
0	33
1829	1356
36	1108
0	41
0	0
0	248
0	0
0	0
0	0
0	312
0	0
0	0
245	276
0	165
15	148
1	213
0	100
0	131
0	109
3190	1170
0	1167
7	1140
0	997
0	0
0	0
0	0
0	0
0	0
0	0
0	0
0	0
0	0
0	0
0	0
0	0
0	0
0	0
0	0
0	27
0	0
0	0
81	123
5	123
0	15
0	0
0	0
2	106
0	106
3	66
0	21
0	9
0	0
0	0
0	0
0	0
0	0
0	0
0	0
0	0
5	189
0	817
1	839
0	15
0	15
0	3
0	13
0	13
0	0
0	0
0	0
0	0
16	409
4	299
49	406
0	0
0	184
3	184
0	0
0	0
128	274
19	271
17	3
0	0
0	0
0	0
0	0
0	0
0	0
0	0
0	0
0	0
0	0
0	0
0	0
0	0
0	0
0	0
2	0
0	0
0	0
0	0
0	0
0	0
0	0
0	0
0	0
0	0
0	0
1	2940
0	0
0	0
0	0
0	0
0	0
0	0
0	0
0	0
0	0
0	0
0	0
0	0
0	0
0	0
0	0
0	0
0	0
0	0
0	0
0	0
0	0
0	0
0	0
0	0
0	0
0	0
0	0
0	0
0	0
0	0
0	0
0	0
0	0
0	0
0	0
0	0
0	0
0	0
0	0
0	0
0	0
0	0
1	96
0	0
0	0
0	0
0	10
0	0
0	0
0	7
0	23
0	0
0	0
0	0
0	0
0	0
0	0
0	0
0	0
0	0
0	0
0	0
0	0
0	0
0	0
0	0
0	0
0	0
0	0
0	0
0	0
0	0
0	0
0	0
0	3
0	0
0	0
0	0
0	0
0	0
0	0
0	306
0	362
0	308
192	364
1	270
0	0
0	0
0	0
0	0
0	0
0	0
0	0
0	0
0	0
0	0
0	0
0	0
0	0
0	0
0	0
0	0
0	0
0	0
0	0
0	0
0	0
0	0
0	0
1	7
0	0
0	0
0	0
0	0
0	0
0	0
0	0
0	0
0	0
0	0
0	0
0	0
0	0
0	0
0	0
0	0
0	0
0	0
0	0
0	0
0	0
0	0
0	0
0	0
0	0
0	0
0	0
0	0
0	0
0	0
0	0
14	1251
44	1361
0	879
0	358
0	0
0	0
0	0
0	0
0	0
0	0
0	0
0	0
0	0
1	8
1	8
0	0
0	0
0	0
0	0
0	0
11	441
4	381
0	413
35	422
0	48
0	0
0	0
0	0
0	0
23	14
0	0
0	309
121	443
0	404
0	0
0	25
0	25
2	25
0	8
0	25
0	0
0	0
0	0
0	0
0	0
0	0
0	0
35	373
0	373
0	469
4	469
0	313
0	13
0	5725
0	4022
4	5856
100	6097
0	188
35	1
45	128
0	279
0	12
0	401
0	15488
3	15488
0	15455
29	10775
0	17
62	1316
11	2290
0	10988
0	10988
0	437
5	1562
0	8993
0	623
62	659
12	187
0	31
0	247
13	252
39	290
1978	200
0	30
0	0
0	0
0	0
0	0
0	30
0	30
0	0
0	30
227	30
0	0
0	0
0	0
12	0
0	102
0	411
56	477
50	761
0	734
0	734
0	115
0	150
0	75
17	0
41	1621
5	1120
97	830
0	300
27	95
0	191
0	1695
0	83
0	0
0	0
0	396
17	429
4	402
1	131
0	129
0	97
3	89
0	50
0	49
0	48
0	0
0	1
0	0
0	0
0	0
0	0
0	162
0	0
0	0
0	0
0	0
0	0
0	0
0	0
0	94
0	94
134	103
0	74
0	55
0	14
0	0
0	0
0	0
0	0
0	0
0	0
0	0
0	0
0	3
0	3
0	35
18	35
0	0
0	0
0	0
0	0
0	0
0	0
0	0
0	0
0	0
0	0
0	0
0	0
0	0
0	0
0	0
0	0
0	0
0	0
0	0
0	0
0	0
0	0
0	0
19	254
0	80
35	258
0	81
0	85
6	233
0	1
0	0
0	40
20	68
0	71
0	28
40	91
0	9
0	33
0	3
0	0
1	107
0	107
0	107
0	107
0	5
0	0
0	0
0	10
0	9
0	10
0	0
0	0
0	0
3	78
3	78
0	0
0	78
0	78
0	78
0	2
43	7
3	16
0	11
0	0
0	0
0	0
0	0
0	0
0	0
0	0
0	0
0	0
0	0
0	0
16	1
0	1
0	0
0	0
0	0
0	0
0	0
0	0
0	0
0	0
0	0
0	0
0	0
0	0
0	0
0	0
0	0
102	321
11	321
42	650
44	704
0	55
0	0
0	0
76	265
0	262
0	185
0	91
0	0
0	0
0	0
0	13
4	21
0	21
3	14
0	12
0	10
0	13
10	6
0	6
0	0
0	1
0	2
8	2
0	1134
11	1237
0	2
110	1448
7	1108
0	906
0	210
0	314
0	1387
0	1231
0	69
0	61
27	479
0	0
0	294
20	323
23	323
0	0
0	0
1	164
24	280
0	48
7	295
0	0
64	3289
3	3414
16	2942
8	3330
0	3352
0	1007
0	1333
29	1224
8	1232
0	458
19	424
23	264
0	200
48	190
8	1
0	1
0	0
0	0
0	0
0	0
0	0
0	0
0	0
0	0
0	0
0	0
0	0
0	0
0	0
0	0
0	0
0	0
0	0
0	0
0	0
0	0
0	0
0	0
0	0
0	0
0	0
0	0
0	0
0	0
0	0
24	0
0	0
0	0
0	0
0	0
12	0
0	0
29	45
60	1
0	42
0	1
7	34
0	33
16	0
0	0
0	3
0	12
0	0
0	0
12	2
0	1
0	1
6	12
142	1
21	0
0	0
0	14
0	14
0	7
0	0
0	0
103	323
40	323
0	0
0	0
0	0
0	0
0	0
0	0
0	0
0	0
0	39
0	0
0	0
0	0
0	0
0	0
0	0
0	0
0	0
0	0
0	0
0	0
0	0
0	0
0	0
0	0
0	0
0	0
0	0
0	354
21	354
0	115
0	320
0	0
12	87
0	0
0	0
0	0
0	0
112	349
3	254
231	227
0	307
0	4
0	24
0	5
89	13
0	0
0	0
0	0
0	0
0	0
0	0
0	0
0	0
0	0
76	144
69	119
0	0
0	183
0	54
0	2
0	79
0	50
2	12
1	8
0	2
0	3
0	0
0	0
0	0
0	0
0	0
0	0
0	0
0	0
0	0
0	0
0	0
0	0
0	0
0	2256
0	3323
0	203
0	1736
0	104
0	1703
0	1880
0	580
1	790
1	1346
214	1473
0	1349
0	1345
0	1345
0	618
0	261
0	142
4	0
0	124
0	0
0	0
0	0
0	0
0	0
0	0
0	0
0	0
0	0
0	0
0	0
0	0
0	0
0	0
0	0
0	0
0	0
0	0
0	0
0	0
0	0
0	0
0	0
487	1114
0	497
5	515
4	480
1	503
0	45
0	57
0	1568
18	1333
0	443
18	1372
0	1062
0	410
0	8
0	274
0	0
0	0
0	0
0	0
0	0
0	0
0	0
0	0
0	0
0	0
0	0
0	0
0	0
0	0
0	0
0	0
0	0
0	0
0	0
0	0
0	0
0	0
0	0
0	0
0	0
0	0
0	0
0	0
0	0
0	0
0	0
0	0
0	0
0	0
0	815
0	280
20	815
8	298
0	0
0	0
0	0
0	1
0	3593
0	3613
178	3573
0	278
0	247
0	136
5	86
2	100
0	16
0	5
0	0
0	0
0	0
0	0
3	1011
0	17
4	1110
0	1116
0	1060
0	12
0	26
0	0
0	0
216	239
0	211
0	235
0	8
0	0
0	0
0	0
0	0
0	0
0	0
0	0
0	0
0	0
0	0
0	0
0	0
0	0
0	0
0	0
0	0
0	0
0	0
0	0
0	0
0	0
0	0
0	0
0	0
0	0
0	0
0	0
0	0
0	0
0	0
0	0
0	0
0	0
0	0
0	0
0	0
0	0
0	0
0	0
0	0
0	0
0	0
0	0
0	0
0	0
0	0
0	0
0	181
46	1871
0	0
0	39
8	166
0	464
0	71
0	415
0	410
0	348
0	355
0	143
0	59
0	331
0	101
0	72
0	90
0	59
0	86
0	298
0	380
7	310
0	69
0	51
0	61
0	373
0	344
9	82
0	66
0	4
0	0
0	92
0	1
0	57
0	15
0	0
0	0
0	0
0	0
0	51
0	0
0	4
0	22
0	9
0	0
0	0
0	0
0	0
0	0
0	0
0	0
0	0
0	0
0	0
0	0
0	0
0	0
0	0
0	0
0	5
0	5
0	3
0	3
0	2
0	0
0	0
0	0
0	0
0	0
0	0
0	0
0	0
0	0
0	0
0	0
0	0
0	0
0	0
0	0
0	0
0	0
0	0
0	0
0	0
0	0
0	0
0	0
0	0
0	0
0	0
0	0
2	0
0	0
0	0
0	0
0	0
0	0
0	0
0	0
0	0
0	0
0	0
0	0
0	0
0	0
0	0
0	0
0	0
0	0
0	0
0	0
0	0
0	0
0	7
0	0
1	98
0	64
0	74
0	91
0	0
0	93
0	14
0	13
0	0
0	0
0	0
0	0
0	47
0	0
0	0
40	0
0	0
0	0
1	134
0	0
0	0
0	0
0	0
0	0
0	0
0	0
0	0
0	0
0	0
0	0
0	0
0	0
0	0
0	20
0	19
0	19
0	19
0	21
2	22
0	20
0	15
0	0
0	0
0	1
0	0
0	0
0	0
0	208
1	264
0	245
0	52
0	167
0	0
0	0
1	1664
0	1705
22	1561
0	68
0	0
0	0
246	63
0	56
0	14
0	0
0	0
0	0
0	0
0	0
0	0
0	0
0	0
0	0
0	0
0	0
0	0
0	0
0	0
0	0
0	0
0	0
0	0
0	0
0	0
0	816
290	816
0	0
0	0
0	0
0	0
22	566
8	445
0	134
0	5
0	0
0	0
0	0
0	0
0	8
1	10
0	7
0	1
25	5275
0	2352
1214	5252
10	66
194	277
0	244
25	291
0	77
10	877
0	169
16	574
0	14
0	795
0	311
0	20
0	24
0	343
31	748
21	136
4	729
55	736
0	736
0	11
194	8733
24	8430
24	5324
0	8733
3	12945
111	13383
23	9338
630	3126
38	992
0	0
0	0
61	0
67	2362
24	10222
4961	10222
0	0
9	70
0	1260
111	1260
0	645
0	122
498	628
1461	628
0	0
0	0
0	0
0	0
0	0
395	174
0	30
133	138
0	8
0	0
0	6
0	0
0	0
0	0
0	0
0	0
0	0
0	0
0	0
0	0
0	0
0	0
0	0
0	3
0	2
28	3
0	2
0	0
0	0
0	0
884	675
4	675
0	0
0	0
0	0
0	0
0	0
0	0
0	0
0	0
0	0
0	0
40	1717
577	1768
2	888
993	1809
1287	2324
9	2324
0	2145
7	330
0	385
0	401
0	0
0	0
0	29
0	341
1	638
954	637
0	329
0	27
0	0
116	424
0	424
0	0
0	0
0	0
0	0
0	0
0	0
0	0
0	0
0	0
0	0
0	0
0	0
0	0
0	0
0	0
0	0
0	0
0	0
0	0
0	463
5	0
0	0
0	0
0	0
0	0
0	0
0	0
0	0
0	0
0	0
0	0
0	0
0	0
0	0
0	0
0	0
0	0
0	0
0	0
0	0
0	0
0	0
0	589
0	0
0	0
0	497
0	2035
30	860
0	90
0	287
0	913
2	642
2	58
12	252
1	1828
0	1734
7	183
7	73
0	4
0	9
13	293
2	92
18	94
0	137
0	0
0	56
0	0
0	0
0	0
0	0
0	0
0	2
0	94
4	1870
0	12
0	82
0	81
35	1872
5	99
1	1868
0	0
0	71
0	0
0	0
0	0
0	0
0	94
12	1244
37	3145
0	303
0	0
0	22
0	3681
0	289
16	3707
0	2828
0	246
0	2912
0	457
0	346
0	315
0	430
0	192
0	11
0	0
0	0
0	0
0	0
0	0
0	0
0	0
0	0
0	0
0	0
0	0
0	0
0	0
0	0
0	0
0	0
0	0
0	0
0	0
0	0
0	0
0	0
0	0
0	0
0	0
0	0
0	0
0	0
0	0
0	0
0	0
0	0
0	0
0	0
0	0
0	0
0	0
0	0
0	0
0	0
0	0
0	0
0	0
0	0
0	0
0	0
0	0
0	0
0	0
0	0
0	0
0	0
0	0
0	0
0	0
0	0
0	0
0	0
0	0
0	0
0	0
0	10
0	313
16	313
0	289
0	254
0	221
0	33
6	0
0	0
0	0
133	298
5408	299
0	1
10	461
26	461
0	45
0	74
0	0
0	0
0	0
0	0
14	1052
141	1052
0	391
9	138
0	0
0	4
0	152
2	152
9	135
3	72
31	1600
15	1600
0	1464
0	25
0	915
0	961
0	941
136	915
0	955
0	971
0	972
0	35
0	19
560	0
106	67
0	67
0	0
0	0
0	78
0	84
0	65
0	18
0	39
0	17
0	25
0	78
0	32
0	52
0	39
0	34
0	12
0	9
0	28
0	0
398	236
0	144
0	8
0	217
0	9
0	0
0	0
0	242
0	179
0	0
0	223
0	220
0	237
0	245
1	154
0	102
0	33
0	0
0	0
0	0
0	0
0	0
0	0
0	0
0	0
0	0
0	0
0	0
0	0
0	0
0	0
0	0
0	0
0	0
0	0
0	0
0	0
0	0
0	0
0	0
0	0
0	0
0	0
0	0
0	0
0	0
0	0
0	0
0	0
1	0
1	0
0	0
0	0
0	0
0	0
0	0
5	2115
0	1138
4	1873
7	1774
13	688
0	0
0	0
0	0
0	0
10	1341
1	1529
4	838
0	305
0	0
0	0
20	0
0	1469
0	1444
0	1467
0	463
0	221
0	214
0	247
0	104
0	40
0	134
3	128
0	89
0	0
0	0
0	0
0	0
0	0
0	0
0	0
0	0
0	0
0	0
0	0
0	0
0	0
0	0
0	0
0	0
0	0
52	0
0	0
0	0
0	0
0	0
0	0
0	920
0	0
0	0
0	0
0	0
0	0
0	0
0	0
0	0
0	0
0	0
0	0
0	0
0	0
0	0
0	0
0	0
0	0
1	1843
110	1818
0	1786
0	439
0	335
0	0
1546	870
0	773
0	829
0	0
0	0
0	0
0	0
0	0
0	0
0	0
0	0
0	0
0	0
0	0
0	0
0	0
0	0
0	0
0	0
0	0
0	0
0	0
0	0
0	0
0	1263
1	1381
15	764
0	118
0	486
0	277
0	309
0	365
0	35
0	35
4	85
0	14
0	9
0	19
0	77
5	35
0	17
0	15
0	5
0	33
0	0
0	8
0	30
9	32
0	10
2	24
0	1
129	83
0	50
0	46
0	7
0	44
0	30
0	12
0	0
0	0
0	0
0	0
0	0
0	0
189	220
0	116
0	162
0	292
191	308
10	280
108	151
0	0
0	0
0	0
0	0
0	0
0	0
0	0
0	0
0	0
0	0
0	0
0	0
0	0
0	0
0	0
0	0
0	22
80	176
4	154
0	61
0	0
0	0
0	0
0	0
0	0
1	0
1	0
0	0
0	0
0	0
0	0
0	0
0	0
0	0
0	0
33	744
4	755
4	656
83	645
3	78
0	67
0	0
0	0
0	0
0	0
0	0
0	0
0	0
0	0
0	0
0	0
0	0
0	0
0	0
0	0
0	0
0	0
0	0
0	0
0	0
0	0
0	0
0	0
0	0
0	0
0	0
0	0
0	0
0	0
0	0
0	0
0	0
0	0
0	0
0	0
0	0
0	0
882	4
0	546
0	543
0	520
0	544
0	544
0	529
0	550
0	528
0	38
0	527
0	550
0	128
10	474
0	0
0	385
0	3
0	0
0	0
0	0
0	0
0	1
0	1
0	0
0	1
0	0
0	0
0	0
0	0
0	0
0	0
0	0
0	0
0	1
0	0
0	1
0	1
0	0
0	0
0	0
0	1
0	0
0	1
0	1
0	0
0	0
0	0
0	0
0	0
0	1
0	0
0	0
15	445
4	640
0	21
0	616
17	434
15	69
0	94
0	24
0	0
0	0
0	0
0	0
0	0
0	0
1	1181
0	297
2	238
40	1175
0	0
0	0
0	0
0	0
0	0
0	0
0	0
0	0
0	0
0	0
0	0
0	0
31	1159
0	1159
46	1159
0	0
0	0
0	0
0	0
0	0
2	0
0	0
0	37
28	1892
76	2122
59	5351
0	2598
0	4950
0	6317
0	4303
17	3334
0	649
0	641
0	272
0	0
21	1
0	1
0	0
0	0
0	0
0	0
0	0
0	0
0	0
0	0
0	0
0	0
0	0
0	0
0	0
0	0
0	0
0	0
0	0
0	0
0	0
0	0
0	0
0	0
0	0
32	3
0	3
0	2
0	2
0	2
0	0
0	0
0	0
0	0
0	0
0	0
0	0
0	0
0	0
0	0
0	0
0	0
0	0
0	0
0	0
0	0
0	0
0	0
0	0
0	0
0	0
0	0
0	0
0	0
0	0
0	0
3	641
0	305
0	685
0	672
1	299
0	269
0	91
0	22
0	63
0	0
0	0
0	0
0	0
0	0
0	64
0	0
0	0
0	0
0	0
0	0
0	0
0	0
0	0
0	0
0	0
0	0
0	0
0	0
0	0
0	0
0	0
0	0
0	0
0	0
0	0
0	0
0	0
0	0
0	0
0	0
0	0
0	0
0	0
0	0
0	0
0	0
0	0
0	0
0	0
0	0
0	0
0	0
0	0
0	0
0	0
0	0
0	0
0	0
0	0
0	0
0	0
0	0
0	0
0	0
0	0
0	0
0	0
0	0
0	0
0	0
0	0
0	0
0	0
0	0
0	0
0	0
0	0
0	0
0	0
0	0
0	0
0	0
0	0
0	0
0	0
0	0
0	0
0	0
0	0
0	0
0	0
0	0
0	0
0	0
0	0
0	0
0	0
0	0
0	0
0	0
0	0
0	0
0	137
0	0
0	0
0	0
0	0
0	0
0	0
0	0
0	0
0	0
0	0
0	0
0	0
0	0
0	0
0	0
0	0
0	0
0	0
0	0
0	0
0	0
0	0
0	0
0	0
0	0
0	0
0	0
0	0
0	0
0	347
0	864
0	737
1	799
0	214
16	727
0	214
0	214
10	770
0	841
0	316
109	0
0	116
0	326
0	776
0	121
0	30
0	0
8	26
0	45
0	24
0	0
0	0
0	0
0	0
1	79
0	0
0	0
0	0
0	0
0	0
0	0
0	0
0	0
0	0
0	0
0	0
0	0
0	0
3206	1394
13	737
0	862
0	336
19	452
0	133
24	268
0	89
1	951
0	69
0	17
0	0
0	4
0	41
0	0
0	1
0	0
0	0
0	0
0	0
0	4
0	0
0	0
0	1
0	1
0	0
0	0
0	0
0	0
0	0
0	18
4	259
0	261
8	222
0	266
14	240
0	199
0	194
0	0
0	151
2	191
5	212
0	28
0	0
0	0
0	0
0	0
0	0
0	0
9	221
1	221
1	290
0	185
0	247
0	46
0	5
0	55
0	13
0	8
0	0
0	0
0	0
0	0
0	0
0	0
0	0
0	0
0	0
0	40
0	0
0	0
0	0
0	0
0	0
0	0
0	0
0	0
0	0
0	0
0	0
0	0
0	0
7	393
2	554
7	498
26	503
8	339
0	80
0	32
0	20
0	15
0	0
6	17
0	10
0	6
0	1
0	0
0	0
0	2
0	1
0	0
0	60
0	0
0	0
0	0
0	0
0	0
0	0
0	0
0	0
20	104
0	1
0	0
9	95
0	20
0	112
0	32
0	29
0	27
0	476
0	506
0	21
0	185
446	535
0	16
0	16
18	302
13	54
1	106
0	1150
6	1274
0	1165
0	1143
0	356
0	215
0	76
0	76
0	0
0	0
0	0
0	0
0	0
0	0
21	483
1505	539
0	583
0	607
12	376
0	0
0	0
0	0
0	0
0	0
0	0
0	0
0	0
0	44
0	44
1316	44
0	0
0	0
0	0
0	0
0	0
0	0
0	0
0	0
0	0
0	0
0	0
0	0
0	0
0	0
0	0
0	0
0	0
0	0
0	0
0	0
0	0
0	0
0	0
0	0
0	0
0	0
0	0
0	0
0	0
0	0
0	0
0	0
0	0
0	0
0	0
0	0
0	0
0	0
0	0
0	0
0	0
0	0
0	0
0	0
0	0
0	0
0	0
0	0
0	0
0	0
0	0
0	0
0	0
0	0
0	0
0	0
0	0
0	0
0	0
0	0
0	0
0	0
0	0
0	0
0	0
0	0
0	0
0	0
0	0
0	0
0	0
0	0
0	0
0	0
0	0
0	0
0	0
0	0
0	0
0	0
0	0
0	0
0	0
0	0
0	0
0	0
0	0
0	0
0	0
0	0
0	0
0	0
0	0
0	0
0	0
0	0
0	0
0	0
0	0
0	0
0	0
0	0
349	33
0	33
10	824
105	766
0	407
0	77
0	77
0	77
0	77
0	77
0	15
0	16
0	77
0	77
0	77
0	0
1	77
0	0
0	0
0	0
0	0
0	0
0	0
0	0
0	0
0	0
0	0
0	0
0	0
0	0
0	0
0	0
0	0
0	0
0	0
0	0
0	0
0	0
0	0
0	0
0	0
148	434
29	434
0	0
0	0
0	0
0	0
0	0
0	0
162	0
0	0
0	294
0	328
0	322
0	194
0	0
0	0
4	364
0	76
0	119
0	186
0	25
0	128
0	67
0	80
0	77
0	59
0	54
0	0
0	0
0	0
0	0
0	0
0	0
0	0
0	0
0	0
0	0
0	0
0	0
0	0
0	0
0	343
0	196
0	274
0	285
0	332
0	74
0	36
0	127
0	113
0	0
0	0
0	0
0	0
0	0
0	0
0	0
0	0
0	0
0	0
0	0
0	0
0	0
0	0
0	0
0	0
0	0
0	0
0	0
0	0
0	0
0	0
0	0
0	0
0	0
0	0
0	0
0	0
0	0
0	0
0	0
0	0
0	0
0	0
0	0
0	0
0	0
0	0
0	0
0	0
0	0
0	0
0	0
0	0
0	0
12	27
0	2
1	24
0	4
0	0
0	1
0	8
0	0
0	3
0	0
38	765
2	755
0	764
0	609
0	178
0	84
12	613
100	614
15	594
0	577
0	374
0	269
0	43
280	94
0	22
0	72
0	0
0	0
0	0
0	0
0	0
0	0
0	0
0	0
0	0
0	0
0	0
0	0
0	0
0	0
0	0
0	0
0	0
0	0
0	0
0	1742
238	1712
0	552
6	1558
1	1429
0	1424
7	1200
0	416
9	839
10	894
10	400
0	43
64	21975
28	497
0	21897
135	11674
1795	21941
300	10130
344	7644
0	90
55	17443
25	17713
0	17927
0	7128
0	0
0	0
0	0
0	0
0	0
0	0
0	0
0	0
0	0
0	1
0	0
0	51
0	47
0	51
0	1
0	43
0	0
0	3
0	4
0	1
0	2
0	6
0	5
0	2
0	0
0	0
0	0
0	1
0	0
0	0
0	0
0	0
0	0
0	0
0	0
0	0
0	0
1	591
0	786
0	664
0	856
1	324
7	172
0	777
0	594
0	502
1	783
0	47
0	90
0	84
0	8
0	1074
0	97
0	2
1	199
0	24
0	158
0	20
0	56
0	53
0	17
7	1263
19	204
35	1011
0	904
99	943
14	1017
5	442
155	850
0	289
0	13
14	371
6	718
25	775
0	68
0	193
0	54
3	148
0	38
0	122
0	139
0	1
0	32
0	5
0	22
0	9
0	13
369	9264
0	4661
42	9219
0	199
0	0
321	54
0	54
0	28
0	0
0	800
2	670
0	39
0	281
0	52
0	542
0	26
0	179
0	797
0	800
0	276
0	7
0	8
0	0
359	548
11	544
0	457
0	321
0	231
0	270
0	0
0	142
0	129
0	109
0	3
0	2
0	0
0	0
0	0
0	0
0	6
0	0
0	0
0	3
0	0
0	0
0	0
85	2
0	0
0	0
0	0
0	0
0	0
0	0
0	0
0	0
0	0
0	0
0	0
0	0
0	0
0	0
0	0
0	0
0	0
0	0
0	0
0	0
0	0
0	0
0	0
0	0
0	0
0	0
0	0
0	73594
0	75373
0	75291
0	74610
0	510
0	74607
0	63614
351	36434
269	9088
0	4682
78	4450
20	3298
0	2004
0	3449
0	3219
0	1097
0	1719
0	187
0	0
72	1368
14	938
1	622
17	1072
0	43
3	159
0	341
31	1071
7	642
0	110791
490	263244
0	334
0	262917
0	141631
11676	244605
0	261232
0	55360
93	157868
9342	92413
0	191516
177	27337
317	193369
10003	238375
0	48276
0	11
0	15614
0	15594
67	357
0	1
0	460
0	479
7	479
25	464
17	482
3	475
0	112
0	0
0	163
0	0
0	68
0	17
2	32
0	54
0	22
0	179
5	203
0	36
0	220
3	210
0	29
4	198
0	29
0	29
0	16
0	142
0	38
0	28
0	4
0	6
0	0
0	0
0	2
0	3
10	153
0	54
207	0
1	1753
0	262
0	306
0	21
0	21
31	1594
0	359
0	1672
0	1573
0	225
0	767
503	5107
0	731
0	557
0	812
0	194
0	1377
0	299
13	3685
0	1224
0	186
0	3178
0	273
0	538
0	114
106	1479
17	1336
0	742
10	962
0	2
8	279
0	1
505	166
0	5
0	0
3	22
0	8
0	0
0	8
1	52
47	75
297	0
182	521
0	474
0	91
0	83
0	79
0	0
0	0
7	308
0	347
6	327
0	332
0	110
0	0
0	0
0	0
0	336
0	296
0	305
0	311
0	349
0	314
13	262
0	249
0	195
1	167
0	52
0	112
0	83
0	93
0	5
0	42
0	14
0	38
0	10
0	12
0	36
0	32
0	0
178	1129
0	1129
0	1116
0	973
0	180
0	625
0	555
0	30
3	524
0	231
0	22
0	2
0	118
0	99
0	448
0	446
0	72
24	476
0	106
0	277
0	265
0	461
0	302
0	23
13	448
0	3
0	14
0	0
0	0
0	0
0	0
0	0
0	0
0	0
0	0
0	0
0	0
0	242
0	0
0	0
0	0
0	0
0	242
16	299
0	220
0	111
0	2
0	0
0	3275
52	3504
0	16
0	845
0	462
0	450
1	632
0	486
0	300
0	668
0	703
0	29
0	228
0	0
0	0
0	410
5	157
0	363
0	108
2	355
0	243
0	74
0	0
0	66
0	5
0	146
0	31
0	45
0	50
0	102
0	61
0	29
0	61
0	0
0	0
0	0
0	0
14	132
0	132
4	121
0	0
0	0
0	0
0	0
0	0
45	924
0	0
0	0
0	0
0	0
0	218
289	1250
336	572
0	1
254	848
0	428
0	767
0	210
118	362
8	207
6	160
0	159
0	16
0	2
5	273
1	866
5	857
5	959
0	118
0	122
0	93
0	91
9	912
0	14
0	0
0	607
0	1324
217	1316
16	396
0	0
525	0
83	29
0	24
0	16
0	8
0	0
0	0
0	0
0	0
0	10
0	3
0	0
0	0
0	213
10	924
0	0
14	10
0	0
0	0
81	138
13	135
0	25
0	0
0	0
24	0
0	0
0	0
0	237
0	65
35	67
0	53
11	187
0	58
0	0
0	0
18	32
14	31
0	0
0	0
0	313
0	0
0	425
11	1405
1	531
0	489
0	815
0	1327
7	1160
8	1226
0	32
0	395
0	860
0	34
0	197
1	460
0	28
0	0
0	0
0	0
0	0
0	0
0	0
0	0
0	0
0	0
0	0
0	0
0	0
0	0
0	0
0	0
0	0
0	0
0	0
0	0
0	0
0	0
0	0
0	0
0	0
0	0
0	0
0	0
0	0
0	0
0	0
0	0
0	0
0	0
0	0
0	0
0	0
0	0
0	0
0	0
0	0
0	0
0	0
0	0
0	0
0	0
0	1
0	4
0	0
0	0
0	0
0	0
0	0
0	0
0	0
0	0
0	0
0	0
0	0
0	0
0	0
0	0
0	0
0	0
0	0
0	0
0	0
0	0
0	0
0	0
0	0
0	0
0	0
0	0
0	0
0	0
0	0
0	0
0	0
0	0
0	0
0	0
0	0
0	0
0	0
0	0
0	0
0	0
0	0
0	0
0	0
0	0
0	0
0	43
0	6
0	0
0	0
0	0
0	0
0	0
0	0
0	0
0	0
0	0
0	0
0	0
0	0
0	0
0	0
0	0
0	0
0	0
0	0
0	0
0	0
0	0
0	0
0	0
0	0
0	0
0	0
0	0
0	0
0	0
0	0
0	0
0	0
0	0
0	0
0	0
0	0
0	0
0	0
0	0
0	0
0	0
0	0
0	0
0	0
0	0
0	0
0	0
0	0
0	0
0	0
0	0
0	0
0	0
0	0
0	0
0	0
0	0
0	0
0	0
0	0
0	0
0	0
0	0
0	0
0	0
0	0
0	0
0	0
0	0
0	0
0	0
0	0
0	0
0	0
0	0
0	0
0	0
0	0
0	0
0	0
0	0
0	0
0	0
0	0
0	0
0	0
0	0
0	0
0	0
0	0
0	0
0	0
0	0
0	0
0	0
0	0
0	0
0	0
0	0
0	0
0	0
0	0
0	0
0	0
0	0
0	0
0	0
0	0
0	0
44	0
0	0
0	0
0	0
7	0
0	0
0	0
0	0
0	0
222405	0
3	0
0	0
0	0
0	0
0	0
0	0
0	0
0	0
0	0
0	0
0	0
0	0
0	0
0	0
0	0
0	0
0	0
0	0
0	0
0	0
0	0
0	0
0	0
0	0
0	0
0	0
0	0
0	0
0	0
0	0
0	0
0	0
0	0
0	0
0	0
0	0
0	0
0	0
0	0
0	0
0	0
0	0
0	0
0	0
0	0
0	0
0	0
0	0
0	0
0	0
0	0
0	0
0	0
0	0
0	0
0	0
0	0
0	0
0	0
0	0
0	0
0	0
0	0
0	0
0	0
0	0
0	0
0	0
0	0
0	0
0	0
0	0
0	0
0	0
0	0
0	0
0	0
0	0
0	0
0	7
0	0
0	0
0	0
0	0
0	0
0	0
0	0
0	0
0	0
0	0
0	0
0	0
0	0
0	0
0	0
0	0
0	0
0	0
0	0
0	0
0	0
0	0
0	0
0	0
0	0
0	0
0	0
0	0
0	0
0	0
0	0
0	0
0	0
0	0
0	0
0	0
0	0
0	0
0	0
0	0
0	0
0	0
0	0
0	0
0	0
0	0
0	0
0	0
0	0
0	0
0	0
0	0
0	0
0	0
0	0
0	0
0	0
0	0
0	0
0	0
0	0
0	0
0	0
0	0
0	0
0	0
0	0
0	0
0	0
0	0
0	0
0	0
0	0
0	0
0	0
0	0
0	0
0	0
0	0
0	0
0	0
0	0
0	0
0	0
0	0
0	0
0	0
0	0
0	0
0	0
0	0
0	0
0	0
0	0
0	0
0	0
0	0
0	0
0	0
0	0
0	0
0	0
0	0
0	0
0	0
0	0
0	0
0	0
0	0
0	0
0	0
0	0
3	0
0	0
0	0
0	0
0	0
0	0
0	0
0	0
0	0
0	0
0	0
0	0
0	0
0	0
0	0
0	0
0	0
0	0
0	0
0	0
0	0
0	0
0	0
0	0
0	0
0	0
0	0
0	0
0	0
0	0
0	0
0	0
0	0
0	0
0	0
0	0
0	0
0	0
0	0
0	0
0	0
0	0
0	0
0	0
0	0
0	0
0	0
0	0
0	0
0	0
0	0
0	0
0	0
0	0
0	0
0	0
0	0
0	0
0	0
0	0
0	0
0	0
0	0
0	0
0	0
0	0
0	0
0	0
0	0
0	0
0	0
0	0
0	0
0	0
0	0
0	0
0	0
0	0
0	0
0	0
0	0
0	0
0	0
0	0
0	0
0	0
0	0
0	0
0	0
0	0
0	0
0	0
0	0
0	0
0	0
0	0
0	0
0	0
0	0
0	0
0	0
0	0
0	0
0	0
0	0
0	0
0	0
0	0
0	0
0	0
0	0
0	0
0	0
0	0
0	0
0	0
0	0
0	0
0	0
0	0
0	0
0	0
0	0
0	0
0	0
0	0
0	0
0	0
0	0
0	0
0	0
0	0
0	0
0	0
0	0
0	0
0	0
0	0
0	0
0	0
0	0
0	0
0	0
0	0
0	0
0	0
0	0
0	0
0	0
0	0
0	0
0	0
0	0
0	0
0	0
0	0
0	0
0	0
0	0
0	0
0	0
0	0
0	0
0	0
0	0
0	0
0	0
0	0
0	0
0	0
0	0
0	0
0	0
0	0
0	0
0	0
0	0
0	0
0	0
0	0
0	0
0	0
0	0
0	0
0	0
0	0
0	0
0	0
0	0
0	0
0	0
0	0
0	0
0	0
0	0
0	0
0	0
0	0
0	3
0	0
0	0
0	0
0	0
0	0
0	0
0	0
0	0
0	0
0	0
0	0
0	0
0	0
0	0
0	0
0	0
0	0
0	0
0	0
0	0
0	0
0	0
0	0
0	0
0	0
0	0
0	0
0	0
0	0
0	0
0	0
0	0
0	0
0	0
0	0
0	3
0	0
0	0
0	0
0	0
0	0
0	0
0	0
0	0
0	0
0	0
0	0
0	0
0	0
0	0
0	0
0	0
0	0
0	0
0	0
0	0
0	0
0	0
0	0
0	0
0	0
0	0
0	0
0	0
0	0
0	0
0	0
0	0
0	0
0	0
0	0
0	0
0	0
0	0
0	0
0	0
69020	0
0	0
198059	8
0	0
312846	17497
0	0
0	0
0	0
181339	55455
0	0
63	0
10	0
0	0
34	0
238262	76359
6	0
0	0
989007	11294
0	0
1751	0
551711	65676
217587	4737
0	0
17826	0
0	0
13585	0
254854	9
1	0
0	0
0	0
115412	0
48883	0
17	0
98151	0
20	0
54	0
156	52
0	0
7	1177993
0	0
0	2
0	0
1578	0
180599	1177993
0	0
0	0
0	1
0	160
0	0
0	0
0	0
0	0
0	0
0	0
0	0
0	0
0	0
0	0
0	0
0	0
1	0
0	0
5	0
32	0
19	829
0	1
0	596
0	33
0	5
0	2
0	1
0	3
0	816
0	804
0	254
0	69
0	50
0	0
0	0
0	8
0	4
0	331
0	574
0	0
0	0
0	0
0	0
0	0
4	572
0	819
0	0
7	789
0	33
9	267
0	4
0	8
0	836
83	2
0	0
0	0
0	0
0	0
411	80
13	80
12	73
0	73
0	0
0	0
0	0
0	14
2	11
0	0
0	0
0	0
0	0
0	0
